Title: The Demographics of Broad Line Quasars in the Mass-Luminosity Plane. II.
       Black Hole Mass and Eddington Ratio Functions  
Authors: Kelly B.C., Shen Y. 
Table: Type 1 Quasar Black Hole Eddington Ratio Functions
================================================================================
Byte-by-byte Description of file: apj456282t2_mrt.txt
--------------------------------------------------------------------------------
   Bytes Format Units   Label     Explanations
--------------------------------------------------------------------------------
   1-  5 F5.3   ---     z         Mean redshift
   7- 12 F6.3   [-]     logL      Log luminosity relative to Eddington
  14- 19 F6.2   [Mpc-3] LologPhi  Lower boundary on logPhi (1)
  21- 26 F6.2   [Mpc-3] logPhi    Posterior log median for BH 
                                   Eddington ratio function
  28- 33 F6.2   [Mpc-3] UplogPhi  Upper boundary on logPhi (1)
--------------------------------------------------------------------------------
Note (1): Lower|Upper boundary on the region containing 68% of the posterior 
          probability for the BHERF, i.e., the 16th|84th percentile of the 
          posterior distribution. 
--------------------------------------------------------------------------------
0.400 -1.50   -4.83  -4.45  -3.89 
0.400 -1.40   -4.84  -4.52  -4.00 
0.400 -1.30   -4.86  -4.60  -4.15 
0.400 -1.20   -4.91  -4.69  -4.31 
0.400 -1.10   -5.00  -4.83  -4.48 
0.400 -1.00   -5.13  -4.98  -4.68 
0.400 -0.90   -5.31  -5.18  -4.91 
0.400 -0.80   -5.54  -5.41  -5.17 
0.400 -0.70   -5.83  -5.70  -5.45 
0.400 -0.60   -6.17  -6.02  -5.76 
0.400 -0.50   -6.57  -6.40  -6.11 
0.400 -0.40   -7.03  -6.81  -6.49 
0.400 -0.30   -7.54  -7.25  -6.90 
0.400 -0.20   -8.09  -7.72  -7.31 
0.400 -0.10   -8.65  -8.18  -7.70 
0.400  0.000  -9.22  -8.63  -8.08 
0.400  0.100  -9.79  -9.08  -8.46 
0.400  0.200 -10.3   -9.49  -8.77 
0.400  0.300 -10.8   -9.88  -9.07 
0.400  0.400 -11.3  -10.2   -9.37 
0.400  0.500 -11.9  -10.6   -9.61 
0.400  0.600 -12.5  -10.9   -9.85 
0.400  0.700 -13.1  -11.3  -10.0  
0.400  0.800 -13.6  -11.6  -10.3  
0.400  0.900 -14.1  -12.0  -10.5  
0.400  1.000 -14.6  -12.3  -10.7  
0.600 -1.50   -4.21  -3.68  -2.79 
0.600 -1.40   -4.33  -3.86  -2.94 
0.600 -1.30   -4.48  -4.07  -3.16 
0.600 -1.20   -4.65  -4.30  -3.36 
0.600 -1.10   -4.84  -4.55  -3.59 
0.600 -1.00   -5.06  -4.81  -3.84 
0.600 -0.90   -5.29  -5.09  -4.12 
0.600 -0.80   -5.56  -5.38  -4.46 
0.600 -0.70   -5.86  -5.69  -4.82 
0.600 -0.60   -6.21  -6.03  -5.17 
0.600 -0.50   -6.59  -6.39  -5.53 
0.600 -0.40   -7.00  -6.77  -5.93 
0.600 -0.30   -7.46  -7.17  -6.37 
0.600 -0.20   -7.94  -7.61  -6.81 
0.600 -0.10   -8.44  -8.07  -7.24 
0.600  0.000  -8.98  -8.54  -7.74 
0.600  0.100  -9.53  -9.01  -8.20 
0.600  0.200 -10.0   -9.49  -8.65 
0.600  0.300 -10.6   -9.95  -8.99 
0.600  0.400 -11.2  -10.4   -9.28 
0.600  0.500 -11.8  -10.8   -9.57 
0.600  0.600 -12.3  -11.2   -9.82 
0.600  0.700 -12.9  -11.6  -10.0  
0.600  0.800 -13.5  -12.0  -10.2  
0.600  0.900 -14.1  -12.3  -10.4  
0.600  1.000 -14.7  -12.6  -10.6  
0.800 -1.50   -5.09  -4.74  -4.36 
0.800 -1.40   -4.98  -4.71  -4.38 
0.800 -1.30   -4.93  -4.72  -4.45 
0.800 -1.20   -4.94  -4.77  -4.55 
0.800 -1.10   -5.01  -4.88  -4.70 
0.800 -1.00   -5.13  -5.03  -4.89 
0.800 -0.90   -5.32  -5.24  -5.12 
0.800 -0.80   -5.56  -5.48  -5.39 
0.800 -0.70   -5.87  -5.79  -5.69 
0.800 -0.60   -6.23  -6.14  -6.02 
0.800 -0.50   -6.65  -6.55  -6.39 
0.800 -0.40   -7.13  -7.00  -6.80 
0.800 -0.30   -7.65  -7.50  -7.25 
0.800 -0.20   -8.23  -8.03  -7.73 
0.800 -0.10   -8.83  -8.58  -8.24 
0.800  0.000  -9.47  -9.13  -8.71 
0.800  0.100 -10.1   -9.64  -9.11 
0.800  0.200 -10.7  -10.1   -9.39 
0.800  0.300 -11.4  -10.5   -9.56 
0.800  0.400 -12.0  -10.8   -9.69 
0.800  0.500 -12.6  -11.0   -9.82 
0.800  0.600 -13.1  -11.2   -9.94 
0.800  0.700 -13.7  -11.5  -10.0  
0.800  0.800 -14.1  -11.7  -10.2  
0.800  0.900 -14.4  -11.9  -10.3  
0.800  1.000 -14.7  -12.1  -10.5  
1.000 -1.50   -4.64  -4.31  -3.89 
1.000 -1.40   -4.63  -4.36  -4.00 
1.000 -1.30   -4.66  -4.43  -4.14 
1.000 -1.20   -4.74  -4.56  -4.32 
1.000 -1.10   -4.87  -4.73  -4.54 
1.000 -1.00   -5.05  -4.94  -4.78 
1.000 -0.90   -5.28  -5.20  -5.07 
1.000 -0.80   -5.56  -5.49  -5.38 
1.000 -0.70   -5.89  -5.83  -5.72 
1.000 -0.60   -6.28  -6.20  -6.08 
1.000 -0.50   -6.71  -6.63  -6.47 
1.000 -0.40   -7.20  -7.09  -6.90 
1.000 -0.30   -7.72  -7.58  -7.34 
1.000 -0.20   -8.29  -8.11  -7.81 
1.000 -0.10   -8.89  -8.65  -8.28 
1.000  0.000  -9.53  -9.21  -8.68 
1.000  0.100 -10.1   -9.73  -8.98 
1.000  0.200 -10.8  -10.2   -9.22 
1.000  0.300 -11.5  -10.6   -9.41 
1.000  0.400 -12.2  -10.9   -9.59 
1.000  0.500 -12.9  -11.2   -9.74 
1.000  0.600 -13.5  -11.4   -9.88 
1.000  0.700 -14.1  -11.7  -10.0  
1.000  0.800 -14.6  -11.9  -10.2  
1.000  0.900 -15.0  -12.1  -10.4  
1.000  1.000 -15.5  -12.4  -10.5  
1.200 -1.50   -4.91  -4.39  -3.62 
1.200 -1.40   -4.78  -4.36  -3.70 
1.200 -1.30   -4.72  -4.38  -3.82 
1.200 -1.20   -4.73  -4.45  -4.01 
1.200 -1.10   -4.79  -4.58  -4.22 
1.200 -1.00   -4.91  -4.75  -4.47 
1.200 -0.90   -5.11  -4.98  -4.72 
1.200 -0.80   -5.36  -5.26  -5.04 
1.200 -0.70   -5.69  -5.60  -5.39 
1.200 -0.60   -6.08  -5.98  -5.79 
1.200 -0.50   -6.53  -6.42  -6.21 
1.200 -0.40   -7.04  -6.91  -6.64 
1.200 -0.30   -7.61  -7.45  -7.11 
1.200 -0.20   -8.22  -8.02  -7.61 
1.200 -0.10   -8.88  -8.60  -8.09 
1.200  0.000  -9.57  -9.17  -8.48 
1.200  0.100 -10.2   -9.68  -8.77 
1.200  0.200 -10.9  -10.0   -8.98 
1.200  0.300 -11.6  -10.4   -9.20 
1.200  0.400 -12.2  -10.6   -9.40 
1.200  0.500 -12.7  -10.9   -9.56 
1.200  0.600 -13.2  -11.1   -9.73 
1.200  0.700 -13.6  -11.3   -9.89 
1.200  0.800 -14.1  -11.5  -10.0  
1.200  0.900 -14.5  -11.8  -10.2  
1.200  1.000 -14.8  -12.0  -10.4  
1.400 -1.50   -5.18  -4.74  -4.04 
1.400 -1.40   -5.03  -4.67  -4.08 
1.400 -1.30   -4.94  -4.64  -4.15 
1.400 -1.20   -4.90  -4.67  -4.27 
1.400 -1.10   -4.93  -4.75  -4.42 
1.400 -1.00   -5.01  -4.87  -4.61 
1.400 -0.90   -5.16  -5.06  -4.84 
1.400 -0.80   -5.37  -5.29  -5.12 
1.400 -0.70   -5.65  -5.59  -5.44 
1.400 -0.60   -6.00  -5.94  -5.78 
1.400 -0.50   -6.41  -6.34  -6.18 
1.400 -0.40   -6.88  -6.79  -6.59 
1.400 -0.30   -7.41  -7.30  -7.06 
1.400 -0.20   -8.00  -7.85  -7.53 
1.400 -0.10   -8.64  -8.44  -8.03 
1.400  0.000  -9.32  -9.04  -8.47 
1.400  0.100 -10.0   -9.63  -8.79 
1.400  0.200 -10.7  -10.1   -9.03 
1.400  0.300 -11.5  -10.6   -9.22 
1.400  0.400 -12.3  -10.9   -9.41 
1.400  0.500 -13.1  -11.2   -9.58 
1.400  0.600 -13.8  -11.4   -9.76 
1.400  0.700 -14.5  -11.6   -9.96 
1.400  0.800 -15.0  -11.9  -10.1  
1.400  0.900 -15.4  -12.0  -10.2  
1.400  1.000 -15.8  -12.3  -10.5  
1.600 -1.50   -5.55  -5.15  -4.64 
1.600 -1.40   -5.31  -4.98  -4.59 
1.600 -1.30   -5.13  -4.87  -4.55 
1.600 -1.20   -5.03  -4.83  -4.56 
1.600 -1.10   -4.99  -4.83  -4.62 
1.600 -1.00   -5.02  -4.90  -4.73 
1.600 -0.90   -5.12  -5.03  -4.90 
1.600 -0.80   -5.29  -5.22  -5.13 
1.600 -0.70   -5.53  -5.47  -5.40 
1.600 -0.60   -5.84  -5.79  -5.71 
1.600 -0.50   -6.22  -6.17  -6.06 
1.600 -0.40   -6.67  -6.61  -6.46 
1.600 -0.30   -7.19  -7.11  -6.92 
1.600 -0.20   -7.77  -7.66  -7.42 
1.600 -0.10   -8.41  -8.25  -7.96 
1.600  0.000  -9.11  -8.88  -8.50 
1.600  0.100  -9.84  -9.50  -8.95 
1.600  0.200 -10.6  -10.1   -9.24 
1.600  0.300 -11.4  -10.6   -9.43 
1.600  0.400 -12.2  -11.0   -9.59 
1.600  0.500 -12.9  -11.2   -9.76 
1.600  0.600 -13.7  -11.4   -9.93 
1.600  0.700 -14.3  -11.6  -10.0  
1.600  0.800 -14.7  -11.8  -10.2  
1.600  0.900 -15.1  -12.1  -10.3  
1.600  1.000 -15.4  -12.2  -10.5  
1.800 -1.50   -5.28  -4.80  -3.97 
1.800 -1.40   -5.11  -4.73  -4.01 
1.800 -1.30   -5.00  -4.68  -4.05 
1.800 -1.20   -4.94  -4.69  -4.13 
1.800 -1.10   -4.94  -4.74  -4.27 
1.800 -1.00   -5.00  -4.85  -4.43 
1.800 -0.90   -5.11  -4.99  -4.58 
1.800 -0.80   -5.29  -5.19  -4.80 
1.800 -0.70   -5.52  -5.44  -5.03 
1.800 -0.60   -5.81  -5.75  -5.34 
1.800 -0.50   -6.17  -6.10  -5.72 
1.800 -0.40   -6.58  -6.50  -6.15 
1.800 -0.30   -7.06  -6.95  -6.59 
1.800 -0.20   -7.59  -7.44  -7.09 
1.800 -0.10   -8.18  -7.98  -7.58 
1.800  0.000  -8.81  -8.55  -8.08 
1.800  0.100  -9.49  -9.15  -8.51 
1.800  0.200 -10.1   -9.75  -8.86 
1.800  0.300 -10.9  -10.3   -9.14 
1.800  0.400 -11.6  -10.8   -9.41 
1.800  0.500 -12.4  -11.3   -9.62 
1.800  0.600 -13.1  -11.6   -9.83 
1.800  0.700 -13.8  -11.8  -10.0  
1.800  0.800 -14.4  -12.0  -10.1  
1.800  0.900 -14.9  -12.3  -10.3  
1.800  1.000 -15.5  -12.5  -10.5  
2.150 -1.50   -4.32  -3.23  -2.02 
2.150 -1.40   -4.30  -3.26  -2.07 
2.150 -1.30   -4.29  -3.31  -2.16 
2.150 -1.20   -4.30  -3.38  -2.23 
2.150 -1.10   -4.30  -3.46  -2.34 
2.150 -1.00   -4.35  -3.60  -2.48 
2.150 -0.90   -4.43  -3.75  -2.60 
2.150 -0.80   -4.55  -3.92  -2.78 
2.150 -0.70   -4.71  -4.10  -2.93 
2.150 -0.60   -4.87  -4.27  -3.10 
2.150 -0.50   -5.05  -4.46  -3.32 
2.150 -0.40   -5.25  -4.66  -3.50 
2.150 -0.30   -5.46  -4.88  -3.71 
2.150 -0.20   -5.67  -5.12  -3.94 
2.150 -0.10   -5.96  -5.42  -4.20 
2.150  0.000  -6.27  -5.75  -4.47 
2.150  0.100  -6.61  -6.12  -4.74 
2.150  0.200  -7.02  -6.51  -5.04 
2.150  0.300  -7.48  -6.93  -5.37 
2.150  0.400  -7.99  -7.39  -5.69 
2.150  0.500  -8.52  -7.87  -5.98 
2.150  0.600  -9.10  -8.35  -6.32 
2.150  0.700  -9.74  -8.83  -6.66 
2.150  0.800 -10.3   -9.36  -7.00 
2.150  0.900 -10.9   -9.83  -7.39 
2.150  1.000 -11.5  -10.2   -7.79 
2.650 -1.50   -4.14  -3.24  -2.43 
2.650 -1.40   -4.10  -3.31  -2.52 
2.650 -1.30   -4.09  -3.39  -2.64 
2.650 -1.20   -4.13  -3.48  -2.75 
2.650 -1.10   -4.20  -3.60  -2.89 
2.650 -1.00   -4.30  -3.73  -3.03 
2.650 -0.90   -4.44  -3.91  -3.21 
2.650 -0.80   -4.61  -4.09  -3.38 
2.650 -0.70   -4.81  -4.27  -3.53 
2.650 -0.60   -5.00  -4.48  -3.74 
2.650 -0.50   -5.21  -4.70  -3.97 
2.650 -0.40   -5.45  -4.94  -4.21 
2.650 -0.30   -5.68  -5.20  -4.45 
2.650 -0.20   -5.94  -5.49  -4.74 
2.650 -0.10   -6.23  -5.81  -5.02 
2.650  0.000  -6.54  -6.16  -5.34 
2.650  0.100  -6.89  -6.55  -5.70 
2.650  0.200  -7.26  -6.94  -6.05 
2.650  0.300  -7.68  -7.37  -6.45 
2.650  0.400  -8.11  -7.83  -6.80 
2.650  0.500  -8.60  -8.29  -7.21 
2.650  0.600  -9.13  -8.74  -7.62 
2.650  0.700  -9.68  -9.20  -8.01 
2.650  0.800 -10.2   -9.66  -8.44 
2.650  0.900 -10.8  -10.1   -8.86 
2.650  1.000 -11.3  -10.5   -9.24 
3.200 -1.50   -6.90  -5.46  -4.17 
3.200 -1.40   -7.01  -5.51  -4.25 
3.200 -1.30   -6.93  -5.60  -4.33 
3.200 -1.20   -6.79  -5.65  -4.43 
3.200 -1.10   -6.58  -5.67  -4.53 
3.200 -1.00   -6.40  -5.69  -4.60 
3.200 -0.90   -6.22  -5.66  -4.71 
3.200 -0.80   -6.09  -5.64  -4.81 
3.200 -0.70   -6.01  -5.62  -4.91 
3.200 -0.60   -5.96  -5.62  -5.00 
3.200 -0.50   -5.96  -5.65  -5.08 
3.200 -0.40   -6.00  -5.70  -5.19 
3.200 -0.30   -6.07  -5.78  -5.34 
3.200 -0.20   -6.18  -5.91  -5.50 
3.200 -0.10   -6.36  -6.10  -5.69 
3.200  0.000  -6.60  -6.34  -5.93 
3.200  0.100  -6.90  -6.64  -6.19 
3.200  0.200  -7.27  -7.01  -6.52 
3.200  0.300  -7.71  -7.45  -6.88 
3.200  0.400  -8.22  -7.93  -7.26 
3.200  0.500  -8.82  -8.45  -7.63 
3.200  0.600  -9.50  -9.01  -8.04 
3.200  0.700 -10.2   -9.59  -8.39 
3.200  0.800 -10.9  -10.1   -8.72 
3.200  0.900 -11.6  -10.6   -9.07 
3.200  1.000 -12.4  -11.1   -9.42 
3.750 -1.50  -11.1  -10.0   -6.49 
3.750 -1.40  -10.5   -9.64  -6.48 
3.750 -1.30   -9.86  -9.14  -6.45 
3.750 -1.20   -9.15  -8.57  -6.38 
3.750 -1.10   -8.50  -8.02  -6.36 
3.750 -1.00   -7.92  -7.55  -6.28 
3.750 -0.90   -7.42  -7.14  -6.18 
3.750 -0.80   -7.03  -6.82  -6.09 
3.750 -0.70   -6.73  -6.57  -6.05 
3.750 -0.60   -6.53  -6.41  -6.01 
3.750 -0.50   -6.42  -6.30  -6.02 
3.750 -0.40   -6.39  -6.28  -6.06 
3.750 -0.30   -6.46  -6.34  -6.13 
3.750 -0.20   -6.60  -6.48  -6.26 
3.750 -0.10   -6.84  -6.68  -6.44 
3.750  0.000  -7.17  -6.97  -6.66 
3.750  0.100  -7.60  -7.32  -6.92 
3.750  0.200  -8.12  -7.74  -7.23 
3.750  0.300  -8.73  -8.25  -7.60 
3.750  0.400  -9.40  -8.83  -8.00 
3.750  0.500 -10.1   -9.47  -8.44 
3.750  0.600 -10.8  -10.0   -8.94 
3.750  0.700 -11.5  -10.5   -9.42 
3.750  0.800 -12.3  -10.9   -9.91 
3.750  0.900 -12.8  -11.3  -10.3  
3.750  1.000 -13.2  -11.6  -10.7  
4.250 -1.50  -11.2  -10.3   -9.31 
4.250 -1.40  -10.7   -9.93  -8.90 
4.250 -1.30  -10.1   -9.43  -8.45 
4.250 -1.20   -9.47  -8.88  -8.05 
4.250 -1.10   -8.86  -8.37  -7.67 
4.250 -1.00   -8.31  -7.92  -7.33 
4.250 -0.90   -7.85  -7.54  -7.06 
4.250 -0.80   -7.49  -7.24  -6.86 
4.250 -0.70   -7.22  -7.02  -6.71 
4.250 -0.60   -7.04  -6.88  -6.61 
4.250 -0.50   -6.97  -6.81  -6.55 
4.250 -0.40   -6.98  -6.83  -6.57 
4.250 -0.30   -7.09  -6.92  -6.66 
4.250 -0.20   -7.29  -7.10  -6.83 
4.250 -0.10   -7.57  -7.34  -7.06 
4.250  0.000  -7.95  -7.67  -7.34 
4.250  0.100  -8.42  -8.08  -7.69 
4.250  0.200  -8.98  -8.56  -8.08 
4.250  0.300  -9.62  -9.11  -8.53 
4.250  0.400 -10.3   -9.70  -9.02 
4.250  0.500 -10.9  -10.2   -9.56 
4.250  0.600 -11.5  -10.7  -10.0  
4.250  0.700 -12.1  -11.1  -10.3  
4.250  0.800 -12.6  -11.5  -10.6  
4.250  0.900 -13.0  -11.7  -10.8  
4.250  1.000 -13.4  -12.0  -10.9  
4.750 -1.50   -6.79  -5.87  -5.03 
4.750 -1.40   -6.74  -5.89  -5.09 
4.750 -1.30   -6.70  -5.90  -5.15 
4.750 -1.20   -6.69  -5.95  -5.23 
4.750 -1.10   -6.71  -6.01  -5.33 
4.750 -1.00   -6.72  -6.09  -5.41 
4.750 -0.90   -6.76  -6.19  -5.53 
4.750 -0.80   -6.84  -6.29  -5.66 
4.750 -0.70   -6.93  -6.41  -5.77 
4.750 -0.60   -7.04  -6.54  -5.89 
4.750 -0.50   -7.18  -6.70  -6.03 
4.750 -0.40   -7.37  -6.86  -6.19 
4.750 -0.30   -7.58  -7.03  -6.36 
4.750 -0.20   -7.80  -7.21  -6.53 
4.750 -0.10   -8.05  -7.41  -6.70 
4.750  0.000  -8.29  -7.63  -6.88 
4.750  0.100  -8.58  -7.86  -7.08 
4.750  0.200  -8.88  -8.09  -7.29 
4.750  0.300  -9.20  -8.34  -7.52 
4.750  0.400  -9.51  -8.61  -7.75 
4.750  0.500  -9.84  -8.89  -8.03 
4.750  0.600 -10.1   -9.17  -8.31 
4.750  0.700 -10.5   -9.46  -8.58 
4.750  0.800 -10.8   -9.77  -8.83 
4.750  0.900 -11.1  -10.0   -9.10 
4.750  1.000 -11.5  -10.3   -9.38 
