# #ID1 ID2 z_infall, t_infall, delta_t_pair, delta_t_BK, delta_tpair_BK, mstar_primary, mstar_secondary, mvir_primary, mvir_secondary
1981808889 1981808959 2.933608 2.206064 5.219626 0.755438 4.464188 19591833222.225391 6742182808.756889 455531587589.485046 218112325548.505829
1981808792 1981810104 4.542117 1.324257 3.080792 0.185590 2.895202 1704924985.316775 1505648093.876268 73181745321.325409 49772173296.965935
1981809936 1981810795 0.557928 8.200334 2.243324 3.015655 -0.772331 282231662588.926636 144803738587.899719 9127261455714.146484 4398167858102.488281
1981809889 1981810849 4.335206 1.401668 3.862883 0.528794 3.334090 3339055894.385054 1486381094.843401 320378111805.095398 133234225576.858856
1981808650 1981811794 0.749984 7.037493 2.114176 3.867690 -1.753515 129594131587.383423 32504177100.077377 4528309449768.870117 1236754131791.575928
1981809013 1981812636 1.309758 4.794270 3.390359 3.389961 0.000399 166595073581.483978 42036810132.732552 7626556080175.778320 1470328713649.833984
1981809115 1981813072 4.335206 1.401668 3.679173 0.462081 3.217093 627262514.061070 333238243.289662 64284651740.449905 32335676392.443283
1981808660 1981813781 4.335206 1.401668 1.157637 0.806264 0.351373 8846826184.929214 2752382614.417830 423299245415.987793 101503087310.388657
1981810355 1981814060 2.645829 2.468587 7.442982 1.441582 6.001400 46204625057.988411 135316903701.658005 636688321954.478638 3163316368783.464355
1981808778 1981815459 2.509348 2.611628 4.657997 0.653473 4.004523 460796510.056703 747136817.965791 20694702467.063786 56014787477.873482
1981813141 1981815719 0.838129 6.586492 3.743699 7.869002 -4.125304 209317973239.877319 59525275287.513481 7067657994089.402344 770555855799.208374
1981809889 1981816042 4.335206 1.401668 7.287654 0.308402 6.979252 3339055894.385054 1486381094.843401 320378111805.095398 133234225576.858856
1981809800 1981816785 1.399205 4.541844 5.588683 2.843886 2.744797 73443256873.548203 12460849892.813084 1937518968147.953369 430947223533.039612
1981810906 1981818362 1.483436 4.323075 3.813236 1.644351 2.168885 69376576553.344833 31119222085.244476 1010754652165.665405 427509975397.147034
1981809013 1981819257 1.588839 4.072332 5.529572 8.126748 -2.597176 120508456504.677094 24605919998.917480 5846367908153.558594 356762862294.896057
1981808889 1981820757 3.998791 1.544709 1.292538 0.462898 0.829640 3705831868.592499 1638563068.908042 129361547952.688477 74936352209.210007
1981813072 1981820764 2.014666 3.264570 1.552210 1.909130 -0.356919 4152548353.552542 928693687.441226 185386307525.983765 44145811564.065262
1981810104 1981824859 4.542117 1.324257 2.147150 0.356771 1.790379 1704924985.316775 1505648093.876268 73181745321.325409 49772173296.965935
1981811486 1981824918 3.498869 1.807232 4.023361 0.805219 3.218143 842520402.989237 347353300.395624 68554821780.900940 22824010593.635872
1981819257 1981829929 2.131505 3.087872 2.388412 0.830738 1.557674 5168818835.055154 3309336725.104850 156385936147.179077 108187519124.016647
1981823936 1981830761 0.860927 6.477108 2.241114 2.530390 -0.289276 59480654460.241608 22407219133.083511 1155220734954.606201 489842583057.892517
1981809936 1981833629 1.671233 3.892268 1.856764 1.636500 0.220264 116513736250.382797 25041543633.778137 2720663052614.271484 997851010377.352051
1981809153 1981843588 3.758290 1.662507 2.300955 0.535241 1.765714 2446410660.579450 2011991293.306451 133342477556.271973 69504596665.474747
1981843319 1981843866 3.498869 1.807232 0.897066 0.522201 0.374865 89450499.850751 84267632.864660 16311541470.997387 9989212169.525242
1981815719 1981846379 1.309758 4.794270 1.907226 2.073577 -0.166350 128211195968.794418 44085305195.035225 3708753487392.619629 1325350532333.398682
1981809153 1981857739 1.793287 3.648257 2.403549 2.985148 -0.581599 29060815242.998638 13239731844.002222 998674736020.947510 159917706295.228699
1981821495 1981863233 4.977046 1.182899 3.223194 0.624719 2.598475 422754582.092188 132770911.010946 47336707033.705887 12618325281.690897
1981839323 1981863937 2.933608 2.206064 4.591526 0.869078 3.722447 2364292095.905595 1007884899.764621 147835133297.475464 58150612478.005157
1981815986 1981863979 3.758290 1.662507 6.879103 0.665957 6.213146 694580910.389691 124230918.453654 46347025930.067734 17777063611.500561
1981814060 1981871678 2.520120 2.599848 1.018085 0.833857 0.184228 52080329673.782646 38634195015.402969 774558710638.029541 237110702377.283478
1981823936 1981872488 4.754564 1.251895 1.931880 0.397097 1.534783 125771524.859451 122343700.143222 22820989489.535477 12123572869.138672
1981814983 1981885004 1.399205 4.541844 2.580069 1.837998 0.742071 5529950280.570156 3494951985.816854 239473979185.202698 93347707833.592682
1981846379 1981890562 4.977046 1.182899 1.501120 0.460515 1.040605 1309270885.343643 507334363.899989 112258953014.838791 44625079433.911018
1981810906 1981903793 2.131505 3.087872 3.149357 1.502885 1.646473 24124478754.208622 2714173169.021048 298953540932.879333 89572629569.805054
1981880058 1981952049 4.542117 1.324257 0.693341 0.515292 0.178049 32406498.804109 16930144.821616 8215459100.464542 3268680375.105594
1981818362 1981962556 2.131505 3.087872 1.732332 1.317131 0.415201 34947809618.926781 5167093981.484529 521109914991.044006 185568002695.027435
1981898886 1981969718 4.134697 1.484127 1.306911 0.779607 0.527304 2009701917.773989 669421262.620891 124912112099.971466 33549723155.773979
1981889933 1981970272 1.140479 5.337826 1.494385 1.744693 -0.250308 42615060520.029160 13459181047.402693 1052155146175.807495 562164810355.073120
1981810849 1981985461 4.335206 1.401668 3.786626 0.528794 3.257833 3339055894.385054 1486381094.843401 320378111805.095398 133234225576.858856
1981937438 1981986808 2.253427 2.919588 2.157076 2.487871 -0.330795 59190129757.025551 20973974971.801548 1374852315318.696045 208593232185.946503
1981823911 1982010926 4.542117 1.324257 4.525713 0.386120 4.139593 497979094.948267 194050258.537088 52195128260.178345 31457572301.918015
1981967378 1982028633 1.483436 4.323075 1.710021 1.452635 0.257386 1241920347.896365 801693943.746165 90021813142.299820 45388752800.787651
1981810971 1982033306 4.542117 1.324257 4.044407 0.647075 3.397332 375577574.871465 219169450.585399 53409944444.508224 15717832594.593290
1981846379 1982041737 4.977046 1.182899 1.572996 0.460515 1.112481 1309270885.343643 507334363.899989 112258953014.838791 44625079433.911018
1981810971 1982067947 4.542117 1.324257 0.861283 0.647075 0.214208 375577574.871465 219169450.585399 53409944444.508224 15717832594.593290
1981990054 1982068763 3.944742 1.569951 1.076403 0.507932 0.568470 212428164.484402 65205992.455989 40674026058.065720 3124109923.979706
1981809889 1982072103 1.671233 3.892268 1.602225 2.221830 -0.619605 23589581003.251072 8637917932.417652 1326666578131.713135 327826565044.299072
1981809606 1982077919 1.671233 3.892268 2.598706 3.115516 -0.516811 32921769931.775497 24447335181.181694 710944190220.211426 209234391177.400146
1981835310 1982085690 1.483436 4.323075 3.170937 2.840382 0.330555 28436246360.754841 7881146686.594812 387653961960.006531 81074089179.693466
1981814020 1982095553 4.754564 1.251895 1.313524 0.790167 0.523357 1973829442.232097 361212586.809844 128807946943.722488 27566588650.751534
1981809606 1982097511 2.253427 2.919588 1.478320 1.145562 0.332758 8326127899.110975 2783844476.459648 249880844754.561798 99491971902.317795
1982096180 1982104744 2.933608 2.206064 0.650958 0.603442 0.047516 1035043930.464405 912498220.934478 98694653607.132339 65991226591.492271
1981812095 1982117049 1.483436 4.323075 3.071711 2.499750 0.571961 10039824333.637096 816478387.122832 255330197060.425262 62406983553.046875
1982097511 1982120561 2.253427 2.919588 0.772117 1.145562 -0.373445 8326127899.110975 2783844476.459648 249880844754.561798 99491971902.317795
1981879344 1982125864 0.695807 7.338721 1.606435 2.685540 -1.079106 34964843517.845848 28345945882.271767 664104426625.696777 315016511635.559509
1981810590 1982129504 3.410939 1.861082 1.328423 0.536706 0.791716 2844497698.069274 1496841708.886281 122362839947.505020 75228062925.913437
1981823936 1982145122 3.758290 1.662507 2.440557 0.688277 1.752279 713811298.109588 419072572.985709 85077898035.788818 31194717705.029545
1981809153 1982151999 4.977046 1.182899 0.434349 0.380452 0.053897 563874630.291112 268300106.176881 40718308400.806816 21198561540.165520
1981969718 1982171928 4.134697 1.484127 0.737483 0.779607 -0.042124 2009701917.773989 669421262.620891 124912112099.971466 33549723155.773979
1981811918 1982173321 3.618081 1.738235 0.871385 0.721760 0.149625 301776305.162959 249900869.409611 42807329875.838638 15643498408.428596
1981959931 1982176085 4.754564 1.251895 0.285495 0.684880 -0.399385 3461791644.134972 2324626977.041954 242971946661.648956 126722844044.819733
1981825706 1982191026 1.793287 3.648257 6.661679 1.704453 4.957226 24787723528.140587 6700344037.669868 493534862916.082214 156908761898.517059
1982168562 1982195094 4.335206 1.401668 5.488216 0.528794 4.959423 3339055894.385054 1486381094.843401 320378111805.095398 133234225576.858856
1981908617 1982195215 4.977046 1.182899 1.031753 0.426804 0.604949 49873015.063853 27056300.404802 11993966789.766403 5296489572.899599
1982145122 1982196924 3.758290 1.662507 2.064407 0.688277 1.376129 713811298.109588 419072572.985709 85077898035.788818 31194717705.029545
1981889045 1982199796 3.944742 1.569951 1.061611 0.664057 0.397554 109741575.047432 40876009.407844 24646665932.449364 8770798678.590225
1981813141 1982208974 3.998791 1.544709 2.137399 0.630647 1.506752 1305976189.452614 739098920.867852 105071915868.063385 39205472756.486031
1981823936 1982214389 4.754564 1.251895 4.903522 0.175214 4.728309 125771524.859451 122343700.143222 22820989489.535477 12123572869.138672
1981828476 1982217213 2.786739 2.333960 1.133542 1.217301 -0.083759 739710884.212102 359562688.906721 58388673810.299232 36046362417.318031
1982113872 1982217776 2.171713 3.030655 7.147773 0.980033 6.167740 32439698749.479694 8280842249.076195 365905109840.718445 126999727278.693390
1982096562 1982218413 4.542117 1.324257 0.567554 0.572934 -0.005380 1918478437.370355 597875855.674020 177893389149.253540 61358968708.084579
1981808889 1982220241 3.998791 1.544709 0.682434 0.462898 0.219536 3705831868.592499 1638563068.908042 129361547952.688477 74936352209.210007
1981809013 1982228270 1.588839 4.072332 3.137783 11.057609 -7.919826 120508456504.677094 18446582828.027779 5846367908153.558594 260848027936.550537
1981809800 1982236307 1.399205 4.541844 5.590771 2.843886 2.746885 73443256873.548203 12460849892.813084 1937518968147.953369 430947223533.039612
1981871678 1982238544 2.520120 2.599848 0.866635 1.240101 -0.373467 52080329673.782646 38634195015.402969 774558710638.029541 237110702377.283478
1981809097 1982241422 1.588839 4.072332 3.268999 2.973112 0.295887 45550271027.791069 10203886379.416954 1173880289918.860352 215719893544.512665
1981850100 1982247698 2.786739 2.333960 0.853967 0.657053 0.196914 231623448.082223 196268684.225719 28579817347.070686 18292001988.048115
1981860396 1982249960 1.185305 5.184688 1.202508 1.696804 -0.494296 15470594803.765718 17917978924.976185 634503496823.069336 337322609740.853516
1981809606 1982252697 1.793287 3.648257 1.828194 1.453638 0.374556 17828808578.177143 35455070302.047417 364451341588.320984 1396766198234.574463
1982210727 1982254597 4.542117 1.324257 3.191628 0.780128 2.411500 252596942.592209 79277335.005720 37295678321.814728 8679548733.115126
1982192857 1982266521 3.410939 1.861082 1.365938 0.708395 0.657542 1201908846.867969 879319590.360139 114003493376.462738 46923386857.779236
1982187484 1982267774 4.134697 1.484127 0.850006 0.755703 0.094304 284846062.254427 95980769.645320 22829042197.968536 6382376779.214142
1982168562 1982268658 1.671233 3.892268 2.965752 2.221830 0.743922 23589581003.251072 8637917932.417652 1326666578131.713135 327826565044.299072
1981906466 1982274421 2.253427 2.919588 1.071746 1.057159 0.014588 1372550232.147757 996082610.670407 107655136573.107239 47931299509.305809
1981825706 1982276881 3.498869 1.807232 1.124518 0.598800 0.525718 194872527.152604 70269150.587806 27744380271.011559 13874364812.643837
1981817577 1982278772 2.131505 3.087872 1.728657 1.604161 0.124497 8028045003.218307 5113602079.073936 425954778973.001892 117428361875.759720
1981849904 1982286804 3.410939 1.861082 4.341150 0.735158 3.605992 233215980.657927 154543636.190350 42023583726.854729 16431945751.206593
1982090828 1982290180 4.542117 1.324257 1.355832 0.347763 1.008069 47991795.470578 18096388.918252 14478109183.009367 4343394516.808760
1982217776 1982291393 3.944742 1.569951 6.733199 0.604976 6.128223 813193085.321634 404456128.364220 48797211237.199188 26452797784.632790
1981808778 1982303878 2.509348 2.611628 0.899227 0.653473 0.245753 460796510.056703 747136817.965791 20694702467.063786 56014787477.873482
1982067555 1982305961 3.498869 1.807232 0.934923 0.460841 0.474082 49752796.684695 47476571.261522 11804289271.791674 8778170853.018026
1982010926 1982307286 2.933608 2.206064 0.684877 1.037859 -0.352983 3356624296.611000 461430373.154731 118147704110.800430 36720007581.825714
1981810104 1982314164 4.542117 1.324257 2.020294 0.356771 1.663523 1704924985.316775 1505648093.876268 73181745321.325409 49772173296.965935
1981967581 1982320786 0.838129 6.586492 2.405437 5.242731 -2.837294 19916820336.589127 11239549426.980278 486899151788.527954 83985983319.887039
1981985461 1982321178 4.335206 1.401668 2.118362 0.528794 1.589569 3339055894.385054 1486381094.843401 320378111805.095398 133234225576.858856
1981808889 1982324969 3.998791 1.544709 1.064193 0.462898 0.601295 3705831868.592499 1638563068.908042 129361547952.688477 74936352209.210007
1982238544 1982326752 4.977046 1.182899 1.400227 0.320412 1.079815 634760870.361213 838205612.915048 82032094335.658661 55320027464.842697
1981811283 1982331993 2.645829 2.468587 1.323497 1.659503 -0.336006 5162570336.473543 948350455.389002 246304793425.947998 65389518426.603989
1982169878 1982336983 4.754564 1.251895 1.478091 0.365377 1.112714 54057175.985277 72177661.351075 9025800500.110748 15017159226.771019
1981810355 1982357852 2.645829 2.468587 7.315232 4.176918 3.138314 46204625057.988411 10386319263.863998 636688321954.478638 45531877250.922638
1982324309 1982363368 4.754564 1.251895 8.701686 0.477246 8.224440 134204001.517809 75586159.231653 19391583920.614380 7939526873.811379
1982190331 1982365447 2.786739 2.333960 2.607354 0.714140 1.893214 815014728.666663 714777410.483848 96226863172.037598 54344946829.934151
1981985461 1982368750 4.335206 1.401668 0.570928 0.528794 0.042135 3339055894.385054 1486381094.843401 320378111805.095398 133234225576.858856
1981959931 1982369329 4.754564 1.251895 0.284618 0.684880 -0.400262 3461791644.134972 2324626977.041954 242971946661.648956 126722844044.819733
1981814020 1982370076 4.754564 1.251895 6.619395 0.790167 5.829228 1973829442.232097 361212586.809844 128807946943.722488 27566588650.751534
1981911535 1982385665 2.978776 2.169042 6.612825 1.277978 5.334847 10068053629.829418 1225144657.300566 293856553327.100281 68689950155.690979
1981813063 1982388299 3.944742 1.569951 1.154034 0.390121 0.763913 104037682.656026 107831029.735342 13769499775.162580 10654130384.451620
1982095552 1982391596 4.754564 1.251895 2.677339 0.790167 1.887172 1973829442.232097 361212586.809844 128807946943.722488 27566588650.751534
1981828476 1982394848 1.185305 5.184688 0.919946 1.696804 -0.776858 15470594803.765718 17917978924.976185 634503496823.069336 337322609740.853516
1981809606 1982400761 2.253427 2.919588 1.639521 1.145562 0.493959 8326127899.110975 2783844476.459648 249880844754.561798 99491971902.317795
1982010926 1982408336 2.933608 2.206064 3.347480 1.037859 2.309620 3356624296.611000 461430373.154731 118147704110.800430 36720007581.825714
1982033306 1982410532 4.542117 1.324257 3.268595 0.647075 2.621520 375577574.871465 219169450.585399 53409944444.508224 15717832594.593290
1981809025 1982418699 2.786739 2.333960 1.374245 0.831526 0.542719 2199177167.332144 1052698107.647336 136896890830.024185 62011887494.871155
1982312484 1982429998 1.399205 4.541844 3.717289 1.597134 2.120155 35666644388.717430 16094832220.537479 794740306734.474976 376446689654.862915
1982077919 1982430983 4.134697 1.484127 1.980410 0.547394 1.433016 425322734.530516 188999574.855347 51151016779.607544 21946914331.842251
1981810104 1982433516 4.542117 1.324257 0.902322 0.356771 0.545551 1704924985.316775 1505648093.876268 73181745321.325409 49772173296.965935
1982254597 1982447334 4.542117 1.324257 1.095070 0.780128 0.314942 252596942.592209 79277335.005720 37295678321.814728 8679548733.115126
1981834893 1982456423 1.896067 3.461462 7.128154 10.216347 -3.088193 36005035557.600906 13582918686.365347 724545290344.609375 372895413097.742615
1981872488 1982469952 4.754564 1.251895 0.330644 0.397097 -0.066453 125771524.859451 122343700.143222 22820989489.535477 12123572869.138672
1982342768 1982490698 4.335206 1.401668 2.746169 0.559423 2.186746 115831163.822822 41699911.420248 22929357834.609871 8817433198.412819
1981808889 1982503934 3.998791 1.544709 1.522271 0.462898 1.059373 3705831868.592499 1638563068.908042 129361547952.688477 74936352209.210007
1981815719 1982506167 2.498656 2.623408 1.101414 1.562748 -0.461335 38123432221.102280 17810780094.940483 886234465398.635620 205090813148.874664
1981809470 1982507914 4.754564 1.251895 0.700972 0.448727 0.252245 5709075565.018230 2396606594.780773 258340934087.706512 115212138018.066849
1982357852 1982523801 2.645829 2.468587 2.495153 4.176918 -1.681765 46204625057.988411 10386319263.863998 636688321954.478638 45531877250.922638
1982196924 1982524977 4.754564 1.251895 0.656199 0.397097 0.259102 125771524.859451 122343700.143222 22820989489.535477 12123572869.138672
1981809606 1982526748 2.253427 2.919588 1.730812 1.145562 0.585250 8326127899.110975 2783844476.459648 249880844754.561798 99491971902.317795
1981825706 1982531240 2.498656 2.623408 1.469771 1.069887 0.399884 3736908238.451281 3564340807.342631 243090552874.904602 91559890945.844284
1981871678 1982539731 4.754564 1.251895 1.433577 0.961695 0.471882 545867446.170065 243474778.413868 71732388209.975708 27587552095.062164
1982344026 1982540560 3.944742 1.569951 0.954579 0.348134 0.606445 134250474.237518 120550281.721232 25410753415.501232 27186063899.189163
1981810104 1982545124 4.542117 1.324257 0.726893 0.356771 0.370122 1704924985.316775 1505648093.876268 73181745321.325409 49772173296.965935
1981815018 1982556212 2.379029 2.761401 7.611345 1.106579 6.504766 3565728852.999385 906623134.837483 144441294028.207031 55817804086.306488
1982425888 1982567157 2.999731 2.152213 2.324040 2.971947 -0.647908 1698189801.225041 326289743.523894 164322195120.377502 24885490568.563351
1982077919 1982580079 4.134697 1.484127 1.652608 0.547394 1.105214 425322734.530516 188999574.855347 51151016779.607544 21946914331.842251
1982033306 1982588560 4.542117 1.324257 0.939854 0.647075 0.292779 375577574.871465 219169450.585399 53409944444.508224 15717832594.593290
1981808889 1982590570 3.998791 1.544709 1.443391 0.462898 0.980493 3705831868.592499 1638563068.908042 129361547952.688477 74936352209.210007
1982228230 1982593530 3.758290 1.662507 0.754060 0.545704 0.208356 96086323.256732 167644879.684262 31174333706.008621 15785534056.616032
1982312484 1982595829 2.498656 2.623408 0.731370 1.153173 -0.421803 2941691352.081409 2371728305.989087 171047632026.690369 58306458533.300186
1981810590 1982599482 2.999731 2.152213 1.507770 0.876354 0.631415 7192462275.420719 3600396862.458702 391596247860.233337 147380413136.836761
1981818590 1982615610 1.060634 5.628957 2.758259 2.366910 0.391348 35991061062.849457 16058756246.382290 685193718072.885132 258198003001.027130
1982125023 1982625233 1.140479 5.337826 1.435876 2.170862 -0.734987 21977299483.654869 14632089606.272341 683222719535.949707 267806593250.625336
1981810590 1982641555 2.999731 2.152213 1.373108 0.876354 0.496753 7192462275.420719 3600396862.458702 391596247860.233337 147380413136.836761
1981810795 1982646292 4.754564 1.251895 0.547301 0.684880 -0.137579 3461791644.134972 2324626977.041954 242971946661.648956 126722844044.819733
1981808889 1982646574 2.379029 2.761401 0.973235 1.007712 -0.034477 32795126023.160236 21944852542.103531 1061452778936.253906 466521182440.614197
1982312484 1982660215 1.399205 4.541844 2.190096 1.597134 0.592962 35666644388.717430 16094832220.537479 794740306734.474976 376446689654.862915
1981824364 1982679810 4.977046 1.182899 2.002965 1.314430 0.688536 141601651.930824 20889922.757573 34136458764.588512 3806126414.039131
1981981185 1982686760 2.498656 2.623408 1.205777 1.038088 0.167689 6485673693.700690 3678284353.713320 199495354173.067627 78290984759.076370
1981830446 1982692207 2.645829 2.468587 1.388015 0.892353 0.495662 174333624.746679 105371575.143639 33900662365.260143 15058536272.269808
1982340527 1982707714 4.754564 1.251895 4.724154 0.684880 4.039274 3461791644.134972 2324626977.041954 242971946661.648956 126722844044.819733
1982097852 1982711286 4.754564 1.251895 1.561318 0.448727 1.112591 5709075565.018230 2396606594.780773 258340934087.706512 115212138018.066849
1982322601 1982726252 3.758290 1.662507 4.599820 2.372546 2.227273 37863665829.339752 1965511476.228999 1122358794970.269775 95623016077.618454
1982217776 1982730756 3.944742 1.569951 1.672308 0.491857 1.180451 813193085.321634 404456128.364220 48797211237.199188 26452797784.632790
1982238544 1982731982 4.977046 1.182899 1.049673 0.320412 0.729261 634760870.361213 838205612.915048 82032094335.658661 55320027464.842697
1982238544 1982740366 4.977046 1.182899 0.763199 0.320412 0.442787 634760870.361213 838205612.915048 82032094335.658661 55320027464.842697
1981959931 1982740897 4.754564 1.251895 0.292086 0.684880 -0.392794 3461791644.134972 2324626977.041954 242971946661.648956 126722844044.819733
1982418768 1982743345 4.754564 1.251895 0.905464 0.790167 0.115297 1973829442.232097 361212586.809844 128807946943.722488 27566588650.751534
1982245919 1982752750 2.933608 2.206064 3.898278 2.738556 1.159722 57384780106.053978 7100963710.031199 1998653774312.840576 198351457932.961792
1982310818 1982755769 4.542117 1.324257 1.704268 0.572934 1.131334 1918478437.370355 597875855.674020 177893389149.253540 61358968708.084579
1982238544 1982782867 4.977046 1.182899 1.202129 0.320412 0.881717 634760870.361213 838205612.915048 82032094335.658661 55320027464.842697
1981810104 1982784181 4.542117 1.324257 0.826529 0.356771 0.469758 1704924985.316775 1505648093.876268 73181745321.325409 49772173296.965935
1981810795 1982786957 4.754564 1.251895 0.478811 0.684880 -0.206069 3461791644.134972 2324626977.041954 242971946661.648956 126722844044.819733
1982363368 1982798626 4.754564 1.251895 1.975229 0.477246 1.497983 134204001.517809 75586159.231653 19391583920.614380 7939526873.811379
1981962556 1982800881 4.335206 1.401668 3.214863 1.129559 2.085305 587207167.403751 177325603.785393 73132940494.859116 11727418013.964876
1982729399 1982801295 1.588839 4.072332 1.843580 1.721429 0.122151 7267038768.989511 1131636237.322656 175188867573.313782 63877310632.616608
1982001680 1982804306 2.999731 2.152213 5.565059 0.751144 4.813914 238852538.664108 147240418.163706 24500127005.663536 11411742070.788279
1981808916 1982807176 1.399205 4.541844 1.546378 1.741927 -0.195549 13831179048.155344 11318080553.187603 318969934726.487915 133751444603.821243
1982168562 1982808210 1.671233 3.892268 2.774900 2.221830 0.553070 23589581003.251072 8637917932.417652 1326666578131.713135 327826565044.299072
1982478806 1982811925 1.793287 3.648257 4.264711 1.000397 3.264314 863911513.137120 499917970.554814 57456094033.483284 38900618192.161438
1981822212 1982830867 4.754564 1.251895 2.068024 0.448727 1.619297 5709075565.018230 2396606594.780773 258340934087.706512 115212138018.066849
1982601313 1982848540 3.618081 1.738235 6.117561 1.143675 4.973885 363893307.735507 56992867.184702 41824089201.232086 8531922755.460131
1981810104 1982848837 4.542117 1.324257 1.599250 0.356771 1.242479 1704924985.316775 1505648093.876268 73181745321.325409 49772173296.965935
1982097852 1982849122 4.754564 1.251895 1.629244 0.448727 1.180517 5709075565.018230 2396606594.780773 258340934087.706512 115212138018.066849
1981823780 1982849397 4.754564 1.251895 0.855425 0.684880 0.170545 3461791644.134972 2324626977.041954 242971946661.648956 126722844044.819733
1982033306 1982858114 4.542117 1.324257 1.962011 0.647075 1.314936 375577574.871465 219169450.585399 53409944444.508224 15717832594.593290
1982363368 1982882756 2.933608 2.206064 5.422672 1.329024 4.093648 2080328176.699435 409529837.094792 153751777749.455536 34990669293.329391
1981810195 1982892066 4.134697 1.484127 0.594331 0.997281 -0.402950 25715683939.124413 4951998103.191280 755861494066.699585 150051501046.689117
1982730756 1982893586 3.944742 1.569951 1.315916 0.491857 0.824059 813193085.321634 404456128.364220 48797211237.199188 26452797784.632790
1982238544 1982900278 4.977046 1.182899 1.149150 0.320412 0.828738 634760870.361213 838205612.915048 82032094335.658661 55320027464.842697
1982175062 1982901287 3.944742 1.569951 0.784048 0.821466 -0.037418 55728248.728813 28015914.139161 17127479952.012730 4625981866.848643
1982570394 1982909498 2.498656 2.623408 1.186379 1.114669 0.071709 1662261587.321254 350555638.063119 86213375864.712906 30723537615.692623
1981815256 1982919276 4.977046 1.182899 8.627439 0.894856 7.732583 133874339.148435 134149648.517040 25309051673.409195 21827784288.844707
1981820126 1982925669 3.758290 1.662507 0.934897 0.900981 0.033915 1494436729.373802 754690265.332930 130465780585.528854 33716359122.786369
1982278999 1982926710 2.933608 2.206064 0.660726 1.165078 -0.504352 1752673497.567298 374177385.793298 110679285370.837357 29652439015.832489
1981824918 1982934758 3.498869 1.807232 2.858704 0.805219 2.053486 842520402.989237 347353300.395624 68554821780.900940 22824010593.635872
1982919276 1982942235 4.977046 1.182899 1.886039 0.274786 1.611253 133874339.148435 134149648.517040 25309051673.409195 21827784288.844707
1981809097 1982943995 3.944742 1.569951 2.920167 0.521686 2.398480 1528877683.844401 723944271.047801 122355309806.391327 60847157644.170166
1981809470 1982963667 4.754564 1.251895 0.374068 0.448727 -0.074659 5709075565.018230 2396606594.780773 258340934087.706512 115212138018.066849
1982670251 1982972225 4.542117 1.324257 0.979457 0.369069 0.610388 47366991.354534 39340685.178355 14841005475.406719 9579591656.640354
1982185766 1982987368 3.410939 1.861082 1.653991 0.458202 1.195789 289041181.951991 361131482.013504 48197952769.350998 37960669323.892632
1981863937 1983000859 2.933608 2.206064 2.042879 0.869078 1.173800 2364292095.905595 1007884899.764621 147835133297.475464 58150612478.005157
1982448502 1983009695 1.896067 3.461462 0.883951 1.370986 -0.487035 3946268519.075001 6245970599.191180 346913708812.596375 137134418166.864517
1982686760 1983010260 3.758290 1.662507 1.411439 0.561803 0.849635 426823041.057206 182241698.667329 42434454958.708115 20609779300.883411
1982739105 1983010841 4.542117 1.324257 1.993031 0.637713 1.355318 1811205427.768901 656634709.757107 136107540512.039993 40822238573.542809
1982623497 1983015849 2.131505 3.087872 1.356809 0.793471 0.563339 372218662.089495 273186211.614388 25738971935.537384 19152565644.927830
1981812524 1983021884 3.944742 1.569951 3.109223 0.430076 2.679146 284426969.959066 243820185.360211 22672721258.192455 15042764946.861229
1982820552 1983024430 3.498869 1.807232 1.232770 0.913659 0.319111 1222982824.844242 565011464.242619 124980685434.574142 35333288438.171082
1981827261 1983034149 3.944742 1.569951 0.571735 0.739650 -0.167916 125621683.903314 51971080.838444 20162805602.185120 6230734880.306499
1982942235 1983037678 4.977046 1.182899 1.800728 0.274786 1.525942 133874339.148435 134149648.517040 25309051673.409195 21827784288.844707
1982743345 1983052462 4.754564 1.251895 0.692908 0.790167 -0.097259 1973829442.232097 361212586.809844 128807946943.722488 27566588650.751534
1981828476 1983056831 2.786739 2.333960 1.783287 0.672649 1.110638 739710884.212102 359562688.906721 58388673810.299232 36046362417.318031
1982196924 1983057271 3.758290 1.662507 1.925904 0.688277 1.237626 713811298.109588 419072572.985709 85077898035.788818 31194717705.029545
1981814020 1983069147 4.754564 1.251895 1.089275 0.790167 0.299108 1973829442.232097 361212586.809844 128807946943.722488 27566588650.751534
1981835310 1983077310 0.519720 8.466223 1.931622 3.092561 -1.160939 30045157230.594582 60811647206.007896 338834211028.915405 1290454869794.736572
1983018059 1983109843 2.645829 2.468587 4.743198 1.441582 3.301616 46204625057.988411 135316903701.658005 636688321954.478638 3163316368783.464355
1981828493 1983115343 4.134697 1.484127 0.586664 0.589582 -0.002917 613290159.547632 447578141.133737 60559456165.835770 23468933802.012535
1982783315 1983118161 1.793287 3.648257 0.793626 1.106731 -0.313105 22655503388.505161 18711796065.748695 297223334725.471558 172485437780.265045
1982074109 1983120580 3.758290 1.662507 1.475113 0.535241 0.939872 2446410660.579450 2011991293.306451 133342477556.271973 69504596665.474747
1982786957 1983130544 4.754564 1.251895 0.338408 0.684880 -0.346472 3461791644.134972 2324626977.041954 242971946661.648956 126722844044.819733
1982097852 1983134569 4.754564 1.251895 1.230146 0.448727 0.781419 5709075565.018230 2396606594.780773 258340934087.706512 115212138018.066849
1982605153 1983152777 4.977046 1.182899 0.389450 0.670146 -0.280695 227629018.899891 73334663.182252 33434701598.671032 8162243770.801935
1981890562 1983196539 4.977046 1.182899 1.458293 0.460515 0.997778 1309270885.343643 507334363.899989 112258953014.838791 44625079433.911018
1981824956 1983222900 2.786739 2.333960 1.312475 0.635013 0.677462 490339511.452350 361174499.744362 33904708039.803242 22876028846.361214
1982590570 1983231513 3.998791 1.544709 0.608219 0.462898 0.145321 3705831868.592499 1638563068.908042 129361547952.688477 74936352209.210007
1981922091 1983233441 0.860927 6.477108 1.356387 2.341260 -0.984873 7950353925.743592 3318963115.209164 150341998989.757751 71090883056.121994
1982201128 1983235984 2.999731 2.152213 3.438040 0.698615 2.739424 2978971586.601923 1676365431.971464 115796830873.019577 59839830848.319870
1982183898 1983293596 4.542117 1.324257 1.264327 1.003856 0.260471 396277753.410617 42013134.173001 39314132223.429054 6764251856.162703
1982183898 1983293599 4.542117 1.324257 1.188199 1.003856 0.184343 396277753.410617 42013134.173001 39314132223.429054 6764251856.162703
1982531240 1983335287 4.134697 1.484127 0.742866 0.495609 0.247257 93809590.360354 182730906.936475 13358353099.534781 27054498004.777847
1981819257 1983336153 3.998791 1.544709 0.737861 0.806824 -0.068963 363613691.505718 112376932.266246 44955244158.927422 12175013751.973679
1983134569 1983343879 4.754564 1.251895 1.195200 0.448727 0.746473 5709075565.018230 2396606594.780773 258340934087.706512 115212138018.066849
1982942235 1983387014 4.977046 1.182899 1.846942 0.274786 1.572156 133874339.148435 134149648.517040 25309051673.409195 21827784288.844707
1981850765 1983400641 3.410939 1.861082 1.100090 0.820062 0.280027 714369119.320252 332590351.469084 85384084008.651215 28827670407.059662
1981967581 1983407951 4.542117 1.324257 3.753911 0.647183 3.106728 324480846.117418 46983959.993252 34500344508.402458 10160119414.073612
1982646574 1983444080 2.999731 2.152213 0.539189 0.850651 -0.311463 5168649314.277574 4312045857.168348 67797799010.591705 184199848096.696167
1983333277 1983454841 3.944742 1.569951 0.878155 0.521686 0.356468 1528877683.844401 723944271.047801 122355309806.391327 60847157644.170166
1981818590 1983456539 4.134697 1.484127 1.798123 0.433051 1.365072 196502315.873468 136080875.765343 33725677395.030376 20307210770.718575
1981808887 1983464709 1.999866 3.288129 2.876601 2.331738 0.544862 34619191176.584412 8313501182.452874 1188493991920.850586 224185283062.433167
1981911535 1983469464 3.944742 1.569951 7.542253 0.521686 7.020566 1528877683.844401 723944271.047801 122355309806.391327 60847157644.170166
1983320851 1983479485 4.542117 1.324257 0.846825 1.052799 -0.205974 317757054.397255 37698257.682988 37435231110.438019 6094631629.325920
1982183898 1983487958 4.542117 1.324257 1.287514 1.003856 0.283658 396277753.410617 42013134.173001 39314132223.429054 6764251856.162703
1982315642 1983515868 4.977046 1.182899 1.988899 0.320412 1.668487 634760870.361213 838205612.915048 82032094335.658661 55320027464.842697
1983120580 1983546215 3.758290 1.662507 1.209449 0.535241 0.674208 2446410660.579450 2011991293.306451 133342477556.271973 69504596665.474747
1981908285 1983560766 4.754564 1.251895 2.108826 0.668645 1.440181 1391443156.431439 332698974.384461 157737727725.438812 41448095318.852249
1982741445 1983567544 3.758290 1.662507 5.008670 2.372546 2.636123 37863665829.339752 1965511476.228999 1122358794970.269775 95623016077.618454
1982612323 1983587724 4.754564 1.251895 0.555073 0.684880 -0.129807 3461791644.134972 2324626977.041954 242971946661.648956 126722844044.819733
1982663376 1983591970 2.131505 3.087872 2.470015 1.177442 1.292573 3229274295.803328 1206013161.312313 231531982823.597412 96112926673.766922
1981827261 1983592246 3.944742 1.569951 2.052843 0.739650 1.313192 125621683.903314 51971080.838444 20162805602.185120 6230734880.306499
1981810795 1983600074 4.754564 1.251895 0.446170 0.684880 -0.238710 3461791644.134972 2324626977.041954 242971946661.648956 126722844044.819733
1982404866 1983608960 1.185305 5.184688 3.107311 1.923833 1.183478 4790123879.163441 1047434592.218793 115922292658.503662 51478200517.063927
1982340633 1983630924 2.498656 2.623408 1.336534 0.795588 0.540946 1106945678.707016 517265350.607166 49731055808.159134 28496217966.059635
1982403296 1983654008 2.498656 2.623408 2.270798 1.630059 0.640739 1745517786.157353 460936239.653363 162886113211.095001 35814841321.493080
1982277680 1983685345 2.253427 2.919588 5.290433 1.057159 4.233275 1372550232.147757 996082610.670407 107655136573.107239 47931299509.305809
1982277680 1983700139 2.253427 2.919588 4.759054 1.057159 3.701896 1372550232.147757 996082610.670407 107655136573.107239 47931299509.305809
1981824925 1983730355 1.483436 4.323075 0.774429 0.969853 -0.195424 808138901.797296 5944495834.041321 69963663328.256378 73814690831.254532
1981988797 1983740872 2.786739 2.333960 2.514893 0.714140 1.800753 815014728.666663 714777410.483848 96226863172.037598 54344946829.934151
1982085690 1983761183 2.786739 2.333960 1.242691 0.804524 0.438167 1811888176.470215 603632828.727116 90496122783.793350 42958752103.100143
1982167067 1983828912 2.645829 2.468587 4.592521 0.930917 3.661604 6844285353.561032 1080138268.147355 187736544794.329468 78598825447.992950
1982433018 1983837148 4.977046 1.182899 3.641523 0.460515 3.181008 1309270885.343643 507334363.899989 112258953014.838791 44625079433.911018
1983258951 1983840608 2.978776 2.169042 1.351226 5.070070 -3.718843 10068053629.829418 1225144657.300566 293856553327.100281 68689950155.690979
1983250702 1983871948 4.542117 1.324257 1.676397 0.356771 1.319626 1704924985.316775 1505648093.876268 73181745321.325409 49772173296.965935
1982463619 1983875785 2.786739 2.333960 1.114899 0.706461 0.408438 639517500.920136 575982400.127864 41560420775.289047 72457271037.733688
1983022426 1983880105 4.134697 1.484127 1.205801 0.695992 0.509809 355418811.084833 80794220.124493 38873470484.038086 12072742193.343607
1982667662 1983895829 4.134697 1.484127 4.299650 0.997281 3.302369 25715683939.124413 4951998103.191280 755861494066.699585 150051501046.689117
1983558119 1983908659 3.758290 1.662507 1.021019 0.673424 0.347595 57913646.195572 31952141.530069 10424768159.692595 3936033809.041782
1981817577 1984013297 2.131505 3.087872 1.784618 1.604161 0.180458 8028045003.218307 5113602079.073936 425954778973.001892 117428361875.759720
1983469464 1984021993 2.978776 2.169042 5.288094 1.277978 4.010116 10068053629.829418 1225144657.300566 293856553327.100281 68689950155.690979
1981883459 1984093591 3.410939 1.861082 1.684690 0.801059 0.883631 492383847.267028 138931876.559359 55966795189.661049 19498776483.466717
1981912550 1984125061 3.618081 1.738235 4.509100 0.546646 3.962453 55528457.975735 17274386.458224 13849295298.524050 3873144266.925738
1981824308 1984273051 4.977046 1.182899 1.521571 0.524295 0.997276 181684182.480104 114553491.272156 33845340250.780968 11299384364.960035
1981959931 1984278037 4.754564 1.251895 0.360621 0.684880 -0.324259 3461791644.134972 2324626977.041954 242971946661.648956 126722844044.819733
1982497771 1984343810 4.335206 1.401668 1.357664 0.430120 0.927544 141844942.967298 54162134.816526 19449349095.924046 10855100365.273067
1981912550 1984369849 0.769587 6.933157 1.448881 2.464835 -1.015954 25199114894.365402 17702462405.033619 423409441691.889893 207111479344.197723
1981818590 1984408368 4.134697 1.484127 0.729736 0.433051 0.296685 196502315.873468 136080875.765343 33725677395.030376 20307210770.718575
1983065885 1984415836 1.223337 5.060158 4.797204 7.632039 -2.834835 168197125818.401794 21211887798.210243 5598931150755.833008 463323703887.083496
1981967581 1984453124 3.086330 2.084900 4.935657 0.882942 4.052715 1788256485.262614 553678628.813381 99385523100.643326 35464228209.073318
1983546530 1984497645 2.131505 3.087872 6.288017 1.678186 4.609832 3285625136.635890 904186509.010250 182064492267.456787 47412663147.286705
1982646574 1984521696 2.999731 2.152213 0.311737 0.850651 -0.538915 5168649314.277574 4312045857.168348 67797799010.591705 184199848096.696167
1981989332 1984554829 4.542117 1.324257 1.085904 0.694429 0.391475 105334043.368647 33130781.069805 21093301827.275131 6625551064.393456
1983282347 1984570163 3.944742 1.569951 1.802058 0.275166 1.526892 284426969.959066 243820185.360211 22672721258.192455 15042764946.861229
1982556212 1984575525 3.498869 1.807232 0.566884 0.688364 -0.121480 448496848.479017 321861183.572069 53082293148.317780 21820586946.118504
1981813141 1984612956 2.253427 2.919588 0.998066 1.560856 -0.562790 18207191301.296940 4241258233.980665 279818504944.823059 74302690219.211487
1981818590 1984613665 4.134697 1.484127 0.778046 0.433051 0.344995 196502315.873468 136080875.765343 33725677395.030376 20307210770.718575
1982786957 1984672097 4.754564 1.251895 0.466187 0.684880 -0.218693 3461791644.134972 2324626977.041954 242971946661.648956 126722844044.819733
1982495406 1984722543 2.999731 2.152213 1.192880 0.876354 0.316525 7192462275.420719 3600396862.458702 391596247860.233337 147380413136.836761
1982808210 1984742071 1.671233 3.892268 2.094640 2.221830 -0.127190 23589581003.251072 8637917932.417652 1326666578131.713135 327826565044.299072
1983880105 1984761550 4.134697 1.484127 0.957105 0.695992 0.261113 355418811.084833 80794220.124493 38873470484.038086 12072742193.343607
1981823936 1984767631 4.754564 1.251895 2.831186 0.397097 2.434089 125771524.859451 122343700.143222 22820989489.535477 12123572869.138672
1983297558 1984818784 2.253427 2.919588 2.172612 2.487871 -0.315259 59190129757.025551 20973974971.801548 1374852315318.696045 208593232185.946503
1982015567 1984867666 2.253427 2.919588 0.934103 0.984977 -0.050874 12589950407.157784 3183347344.257238 183348037359.958832 90173759115.402039
1983330836 1984929706 3.498869 1.807232 0.753230 0.596947 0.156283 10499600261.839264 4277221640.318603 360932171371.633484 181407107518.848663
1982363368 1984936635 4.754564 1.251895 1.571563 0.477246 1.094317 134204001.517809 75586159.231653 19391583920.614380 7939526873.811379
1984819524 1984937603 4.134697 1.484127 0.635684 0.589582 0.046103 613290159.547632 447578141.133737 60559456165.835770 23468933802.012535
1982448502 1984965954 4.542117 1.324257 3.417769 0.726133 2.691636 67625638.597924 15354517.708034 15906406497.465080 4045932332.816816
1982169350 1985140860 2.645829 2.468587 1.893948 0.751049 1.142898 5228913104.846798 5695029515.218596 147368276999.481689 83938579910.640518
1981977928 1985209752 1.671233 3.892268 3.287486 1.542666 1.744820 2277805414.964255 1006968639.760102 81543365333.300949 32405822233.864037
1982344026 1985341835 3.944742 1.569951 1.540950 0.348134 1.192816 134250474.237518 120550281.721232 25410753415.501232 27186063899.189163
1983029951 1985343440 1.588839 4.072332 2.374959 1.271567 1.103392 3604435756.905161 2157140217.456813 139908784206.194580 80532377935.632370
1981810355 1985401342 3.498869 1.807232 5.853786 0.596947 5.256839 10499600261.839264 4277221640.318603 360932171371.633484 181407107518.848663
1984408368 1985526052 4.134697 1.484127 0.634097 0.433051 0.201046 196502315.873468 136080875.765343 33725677395.030376 20307210770.718575
1981898886 1985596720 2.786739 2.333960 0.503196 3.557562 -3.054366 18146827258.065144 2171823569.109490 576643897688.423584 45997877931.484917
1982599482 1985674655 2.999731 2.152213 1.183325 0.876354 0.306970 7192462275.420719 3600396862.458702 391596247860.233337 147380413136.836761
1982217776 1985710300 3.944742 1.569951 3.481489 0.393497 3.087992 813193085.321634 404456128.364220 48797211237.199188 26452797784.632790
1983077310 1985744968 1.483436 4.323075 0.697545 1.336494 -0.638949 2458789843.846943 3931273703.132632 89559968040.878220 211728135306.412048
1982090828 1985766565 2.786739 2.333960 2.996283 0.757756 2.238527 334472447.168013 250359437.906810 44605925864.232063 23059219747.346851
1982732050 1985799121 3.086330 2.084900 2.880093 0.816138 2.063955 657364900.155149 132925233.545804 86495724926.750061 22150221377.248203
1984494825 1985823249 2.999731 2.152213 0.681881 0.876354 -0.194474 7192462275.420719 3600396862.458702 391596247860.233337 147380413136.836761
1982122606 1985954258 3.944742 1.569951 0.685761 0.521686 0.164074 1528877683.844401 723944271.047801 122355309806.391327 60847157644.170166
1982228230 1985962062 3.758290 1.662507 7.803337 0.545704 7.257633 96086323.256732 167644879.684262 31174333706.008621 15785534056.616032
1982024757 1985970204 2.171713 3.030655 1.730373 1.586347 0.144026 1387557528.798866 160478037.053377 79112820772.204163 21596775210.196278
1982100528 1986105851 1.588839 4.072332 3.227529 1.573852 1.653677 2268690958.546186 414112033.736395 125143605373.690140 51563698062.865273
1982096562 1986140152 4.542117 1.324257 0.643465 0.572934 0.070531 1918478437.370355 597875855.674020 177893389149.253540 61358968708.084579
1986028215 1986212569 3.410939 1.861082 2.731269 0.458202 2.273067 289041181.951991 361131482.013504 48197952769.350998 37960669323.892632
1981835310 1986215880 4.754564 1.251895 2.779994 0.428325 2.351670 43005467.700142 49957395.782913 11684384507.084425 5569192395.996032
1982849397 1986245627 4.754564 1.251895 0.663512 0.684880 -0.021368 3461791644.134972 2324626977.041954 242971946661.648956 126722844044.819733
1982024757 1986247540 2.171713 3.030655 4.236089 1.586347 2.649742 1387557528.798866 160478037.053377 79112820772.204163 21596775210.196278
1986028215 1986251077 3.410939 1.861082 3.831738 0.458202 3.373536 289041181.951991 361131482.013504 48197952769.350998 37960669323.892632
1981819257 1986745639 3.998791 1.544709 3.443921 0.806824 2.637097 363613691.505718 112376932.266246 44955244158.927422 12175013751.973679
1981809153 1986763124 1.140479 5.337826 3.437985 3.327622 0.110362 57514784481.012192 33166028493.240147 1543572390693.083008 349015534886.488281
1983294645 1986943473 0.838129 6.586492 3.514801 7.869002 -4.354202 209317973239.877319 59525275287.513481 7067657994089.402344 770555855799.208374
1983257092 1987083333 4.542117 1.324257 3.865248 0.698745 3.166503 707142281.697925 66024576.474024 54249677146.555298 14484613515.363264
1982369124 1987526707 0.860927 6.477108 2.516993 3.107950 -0.590957 2080783242.041642 624951400.560562 120018960372.947266 38554764297.815369
1981813597 1987585233 3.244675 1.970467 6.913508 1.088796 5.824712 622413199.969787 106157508.639021 56989414442.924652 14409005013.594742
1982391055 1987588269 3.498869 1.807232 3.016230 1.436828 1.579402 21994330644.298656 4253613749.646781 749307428813.941406 122276305468.579178
1982926710 1987777259 2.933608 2.206064 0.643248 1.165078 -0.521830 1752673497.567298 374177385.793298 110679285370.837357 29652439015.832489
1982321178 1987892612 4.754564 1.251895 0.966257 0.387721 0.578536 647455444.914702 1064901002.506121 78796045683.904800 143112388739.250671
1983333277 1988083882 3.944742 1.569951 0.839199 0.521686 0.317512 1528877683.844401 723944271.047801 122355309806.391327 60847157644.170166
1984302310 1989197874 2.978776 2.169042 5.311439 1.326649 3.984790 1478764215.429178 566368677.227992 146372068313.256775 32668951006.709133
1982125023 1989316955 1.140479 5.337826 1.435918 2.170862 -0.734945 21977299483.654869 14632089606.272341 683222719535.949707 267806593250.625336
1982820552 1990427350 3.498869 1.807232 1.593568 0.913659 0.679909 1222982824.844242 565011464.242619 124980685434.574142 35333288438.171082
1983870920 1990459288 0.703463 7.294967 3.090934 5.259656 -2.168723 19638053891.727737 2717478894.025634 369374130943.650024 72699172298.838715
1982404866 1991004231 1.185305 5.184688 2.687854 1.923833 0.764021 4790123879.163441 1047434592.218793 115922292658.503662 51478200517.063927
1982196661 1991231540 4.335206 1.401668 0.802072 0.528794 0.273279 3339055894.385054 1486381094.843401 320378111805.095398 133234225576.858856
1983987773 1991537300 1.896067 3.461462 3.730862 1.452537 2.278325 209899201.088603 50207514.460448 29122944171.559341 10646297637.051847
1986763124 1991550797 3.758290 1.662507 3.895505 0.874783 3.020722 390928744.754697 689810031.281337 77952097379.889801 34869808449.253197
1983233441 1991588012 2.933608 2.206064 5.161660 0.774905 4.386755 359243836.704797 166417718.780189 37526330817.103630 17317562890.262573
1991550797 1992268746 3.758290 1.662507 1.703250 0.595345 1.107905 390928744.754697 689810031.281337 77952097379.889801 34869808449.253197
1982714281 1993870164 3.086330 2.084900 3.867470 0.882942 2.984528 1788256485.262614 553678628.813381 99385523100.643326 35464228209.073318
1982085690 2000404434 2.786739 2.333960 1.455493 0.804524 0.650969 1811888176.470215 603632828.727116 90496122783.793350 42958752103.100143
1981819257 2001312518 2.131505 3.087872 2.598600 0.830738 1.767862 5168818835.055154 3309336725.104850 156385936147.179077 108187519124.016647
1984898302 2012162042 1.060634 5.628957 4.483737 3.026449 1.457288 2196219715.654902 853575959.602190 168263860553.575500 45982972488.829712
1981814020 2025751882 1.060634 5.628957 2.199694 3.497539 -1.297846 37441003163.627510 8533711879.479544 634147434725.202271 144735325898.814667
