# [1] k:    [h/Mpc] 
# [2] P:    [Mpc^3/h^3] 
# [3] T:    [Mpc^3/h^3] 
# [4] Delta_k 
3.059023205018257859e-07 6.525640761398041612e-01 3.700445245695901394e+04 9.463280983901703068e-22
3.215862678579245412e-07 6.842366044541158265e-01 3.698677660744016612e+04 1.152840033616406461e-21
3.380743483904743061e-07 7.174463749921436984e-01 3.696910920117946807e+04 1.404417923735295185e-21
3.554077908890640533e-07 7.522679985821847382e-01 3.695145023407656117e+04 1.710896262269502432e-21
3.736299379885273404e-07 7.887797073265356840e-01 3.693379970203314588e+04 2.084255669745239335e-21
3.927863545481053003e-07 8.270635303708576691e-01 3.691615760115442390e+04 2.539091231117955795e-21
4.129249415873286729e-07 8.672054781783742339e-01 3.689852392734591558e+04 3.093183035806791398e-21
4.340960560635169786e-07 9.092957357766227044e-01 3.688089867658228468e+04 3.768191223593875554e-21
4.563526367904018199e-07 9.534288653691858073e-01 3.686328184484010853e+04 4.590502706499692373e-21
4.797503368127355169e-07 9.997040187841420567e-01 3.684567342809787806e+04 5.592262666087074301e-21
5.043476625678916271e-07 1.048225160233823949e+00 3.682807342233602685e+04 6.812631148704276030e-21
5.302061201824328858e-07 1.099101299882318861e+00 3.681048182346993417e+04 8.299313880512309554e-21
5.573903692694645323e-07 1.152446738769296264e+00 3.679289862761781114e+04 1.011042714394058880e-20
5.859683846113473662e-07 1.208381325581354915e+00 3.677532383069884963e+04 1.231676961549267853e-20
6.160116261320592563e-07 1.267030725921251211e+00 3.675775742863427877e+04 1.500458997437014044e-20
6.475952175842278093e-07 1.328526704649323653e+00 3.674019941754786851e+04 1.827895847110739144e-20
6.807981343976415384e-07 1.393007421886380603e+00 3.672264979336466058e+04 2.226787425442453463e-20
7.157034011589609116e-07 1.460617743424042381e+00 3.670510855201172672e+04 2.712726901769776220e-20
7.523982992164306405e-07 1.531509566204531048e+00 3.668757568961838115e+04 3.304710256368539142e-20
7.909745849287134463e-07 1.605842159549232484e+00 3.667005120211550820e+04 4.025878856962161847e-20
8.315287191035797356e-07 1.683782523002122611e+00 3.665253508550268452e+04 4.904424083685116555e-20
8.741621082001717898e-07 1.765505761508286975e+00 3.663502733571475983e+04 5.974689365266545023e-20
9.189813578979717484e-07 1.851195478846109133e+00 3.661752794895505940e+04 7.278512706606358110e-20
9.660985396665287929e-07 1.941044190056993468e+00 3.660003692102897185e+04 8.866862188353130439e-20
1.015631471002508262e-06 2.035253754016709049e+00 3.658255424794381543e+04 1.080182837293122393e-19
1.067704010034801725e-06 2.134035826939398639e+00 3.656507992584182648e+04 1.315905150211404538e-19
1.122446365234364056e-06 2.237612337858650324e+00 3.654761395066748082e+04 1.603067836823076638e-19
1.179995421003214005e-06 2.346215987245094059e+00 3.653015631836724788e+04 1.952896444728101970e-19
1.240495079956737545e-06 2.460090769830314716e+00 3.651270702508891554e+04 2.379066210575139300e-19
1.304096622755184042e-06 2.579492522728306536e+00 3.649526606678274402e+04 2.898236642080823506e-19
1.370959086384113674e-06 2.704689500245621492e+00 3.647783343946737295e+04 3.530702758990983546e-19
1.441249661829700436e-06 2.835962976537317104e+00 3.646040913909704977e+04 4.301188450695753359e-19
1.515144112143284134e-06 2.973607877573100300e+00 3.644299316182688926e+04 5.239812963964402295e-19
1.592827211940548929e-06 3.117933443673235772e+00 3.642558550361488597e+04 6.383268301784878755e-19
1.674493209434307728e-06 3.269263924292158396e+00 3.640818616042107897e+04 7.776253559553563713e-19
1.760346312156213177e-06 3.427939306531630148e+00 3.639079512840608368e+04 9.473222268564348522e-19
1.850601197581954108e-06 3.594316078917229262e+00 3.637341240359986114e+04 1.154051105235608350e-18
1.945483549936765273e-06 3.768768032284784741e+00 3.635603798183587060e+04 1.405893280795644645e-18
2.045230624523543909e-06 3.951687099678271142e+00 3.633867185934642475e+04 1.712693578322939978e-18
2.150091840984688092e-06 4.143484236756473926e+00 3.632131403210110147e+04 2.086445204125712848e-18
2.260329406981118614e-06 4.344590345117330443e+00 3.630396449607148679e+04 2.541758575440034921e-18
2.376218973848010330e-06 4.555457240433734789e+00 3.628662324742920464e+04 3.096432459894667750e-18
2.498050325866710336e-06 4.776558667416595405e+00 3.626929028208362433e+04 3.772149751474534450e-18
2.626128104876382668e-06 5.008391364284497271e+00 3.625196559621002962e+04 4.595325081976822748e-18
2.760772572037287162e-06 5.251476178664326255e+00 3.623464918585350824e+04 5.598137401853576656e-18
2.902320408650496801e-06 5.506359237726630163e+00 3.621734104686341743e+04 6.819787895467582492e-18
3.051125558036519890e-06 5.773613175307994894e+00 3.620004117545353074e+04 8.308032404465549672e-18
3.207560110577962700e-06 6.053838418281978662e+00 3.618274956770756398e+04 1.012104826306600357e-17
3.372015234139298021e-06 6.347664535488813264e+00 3.616546621954659349e+04 1.232970852254747011e-17
3.544902152190277809e-06 6.655751652289816356e+00 3.614819112712397327e+04 1.502035246744330667e-17
3.726653172078803499e-06 6.978791933507039857e+00 3.613092428643043968e+04 1.829816072563618551e-17
3.917722766024474580e-06 7.317511138569450679e+00 3.611366569355729735e+04 2.229126691047644075e-17
4.118588707535861475e-06 7.672670252009795355e+00 3.609641534459764080e+04 2.715576652350850811e-17
4.329753266093139866e-06 8.045067193089073143e+00 3.607917323554796167e+04 3.308181892216203815e-17
4.551744463083409039e-06 8.435538608556791829e+00 3.606193936257073801e+04 4.030108088664238320e-17
4.785117392129195949e-06 8.844961752130579669e+00 3.604471372160067403e+04 4.909576237169150660e-17
5.030455607111644826e-06 9.274256455574123592e+00 3.602749630877119489e+04 5.980965844656821935e-17
5.288372581359179674e-06 9.724387195139216900e+00 3.601028712018473016e+04 7.286158867275798146e-17
5.559513241650373021e-06 1.019636525836847873e+01 3.599308615184731752e+04 8.876176928265155548e-17
5.844555580866815540e-06 1.069125101621127349e+01 3.597589339986515552e+04 1.081317581692038187e-16
6.144212353328471540e-06 1.121015630526128426e+01 3.595870886034626164e+04 1.317287523590395547e-16
6.459232857050738118e-06 1.175424692560384088e+01 3.594153252930239250e+04 1.604751877878880329e-16
6.790404807379771878e-06 1.232474526012861915e+01 3.592436440291067265e+04 1.954947984739206443e-16
7.138556306691162195e-06 1.292293302054370940e+01 3.590720447712131136e+04 2.381565446786431524e-16
7.504557915077204533e-06 1.355015412721940216e+01 3.589005274808247486e+04 2.901281272751475100e-16
7.889324827200587103e-06 1.420781772836349788e+01 3.587290921191147936e+04 3.534411802535959187e-16
8.293819160757753291e-06 1.489740136582903141e+01 3.585577386462958384e+04 4.305706898261382487e-16
8.719052362274285227e-06 1.562045429481810288e+01 3.583864670239045518e+04 5.245317447295604829e-16
9.166087736248057605e-06 1.637860096430851442e+01 3.582152772121915768e+04 6.389973997989401661e-16
9.636043103964330830e-06 1.717354466684918179e+01 3.580441691727301077e+04 7.784422602698162363e-16
1.013009359863121538e-05 1.800707136506738948e+01 3.578731428661344398e+04 9.483173996711860803e-16
1.064947460382478790e-05 1.888105370418730899e+01 3.577021982530380774e+04 1.155263449090969282e-15
1.119548484259151579e-05 1.979745521932181518e+01 3.575313352950691478e+04 1.407370187735417192e-15
1.176948962493235138e-05 2.075833474661530786e+01 3.573605539525733911e+04 1.714492782474289515e-15
1.237292426178888029e-05 2.176585104897618805e+01 3.571898541868908069e+04 2.088637038621872319e-15
1.300729765406831334e-05 2.282226766597101886e+01 3.570192359593794390e+04 2.544428721837754075e-15
1.367419606568169201e-05 2.392995799912561949e+01 3.568486992307662877e+04 3.099685297539618709e-15
1.437528709002991615e-05 2.509141064425211809e+01 3.566782439621218509e+04 3.776112437861379246e-15
1.511232381985586521e-05 2.630923498237438451e+01 3.565078701142111095e+04 4.600152523439557353e-15
1.588714923088939049e-05 2.758616704224057514e+01 3.563375776484663947e+04 5.604018309076713453e-15
1.670170079024660794e-05 2.892507564714838608e+01 3.561673665263378643e+04 6.826952160499770831e-15
1.755801530110687162e-05 3.032896886003124592e+01 3.559972367083224526e+04 8.316760087342837863e-15
1.845823399578163895e-05 3.180100074189788373e+01 3.558271881562313501e+04 1.013168053977994300e-14
1.940460788991057802e-05 3.334447843754195873e+01 3.556572208309225971e+04 1.234266102209424731e-14
2.039950341117315543e-05 3.496286960569790381e+01 3.554873346932734421e+04 1.503613151914075748e-14
2.144540831659045798e-05 3.665981020986588845e+01 3.553175297051497910e+04 1.831738315235249098e-14
2.254493791321357228e-05 3.843911268661769753e+01 3.551478058271427290e+04 2.231468414082134067e-14
2.370084159775344190e-05 4.030477451134045452e+01 3.549781630211545416e+04 2.718429396622510718e-14
2.491600973150475266e-05 4.226098717862963383e+01 3.548086012478140037e+04 3.311657175056943976e-14
2.619348086775470484e-05 4.431214561961581211e+01 3.546391204687373101e+04 4.034341763200501932e-14
2.753644934974891994e-05 4.646285807565163140e+01 3.544697206455584092e+04 4.914733803040309408e-14
2.894827329821342076e-05 4.871795645125573770e+01 3.543004017392846436e+04 5.987248917549485768e-14
3.043248300840562692e-05 5.108250716996305840e+01 3.541311637112647441e+04 7.293813060337530713e-14
3.199278977769132648e-05 5.356182255654904623e+01 3.539620065222217818e+04 8.885501453433947904e-14
3.363309518572123809e-05 5.616147277274992433e+01 3.537929301348292211e+04 1.082453518154884226e-13
3.535750085041236633e-05 5.888729833034152250e+01 3.536239345098469494e+04 1.318671349170792226e-13
3.717031868412924126e-05 6.174542321343925977e+01 3.534550196085364587e+04 1.606437688046330123e-13
3.907608167571078754e-05 6.474226863694211431e+01 3.532861853924995376e+04 1.957001679909388122e-13
4.107955522530357004e-05 6.788456747261673740e+01 3.531174318231953657e+04 2.384067308471749791e-13
4.318574906034433776e-05 7.117937937557438488e+01 3.529487588621016039e+04 2.904329101846708476e-13
4.539992976248807967e-05 7.463410664486670498e+01 3.527801664707141754e+04 3.538124742476691344e-13
4.772763393680535859e-05 7.825651085388361139e+01 3.526116546105475572e+04 4.310230092507742091e-13
5.017468205617894183e-05 8.205473028791475087e+01 3.524432232431345619e+04 5.250827713144660913e-13
5.274719301551768723e-05 8.603729822805308913e+01 3.522748723300264101e+04 6.396686738616024584e-13
5.545159943218107865e-05 9.021316212259769429e+01 3.521066018329525832e+04 7.792600227501701805e-13
5.829466373087315435e-05 9.459170368845533972e+01 3.519384117130208324e+04 9.493136179228771344e-13
6.128349505322671351e-05 9.918275998942478111e+01 3.517703019323175977e+04 1.156477066530552702e-12
6.442556703436033705e-05 1.039966455359385691e+02 3.516022724524672958e+04 1.408848646181522679e-12
6.772873649085907528e-05 1.090441754582242169e+02 3.514343232347929734e+04 1.716293876713250351e-12
7.120126306690828879e-05 1.143366898046238873e+02 3.512664542411158618e+04 2.090831175674697217e-12
7.485182988770643921e-05 1.198860790182707490e+02 3.510986654329558223e+04 2.547101673252454212e-12
7.868956527180084881e-05 1.257048106514270813e+02 3.509309567724896624e+04 3.102941552324835732e-12
8.272406555663884206e-05 1.318059573746558897e+02 3.507633282209546451e+04 3.780079287074880639e-12
8.696541909440986997e-05 1.382032263476649803e+02 3.505957797402447613e+04 4.604985036172113910e-12
9.142423147818073699e-05 1.449109900139963258e+02 3.504283112921128486e+04 5.609905394280427387e-12
9.611165206140254191e-05 1.519443183910247512e+02 3.502609228383297159e+04 6.834123951667964290e-12
1.010394018371016720e-04 1.593190129270610953e+02 3.500936143406847987e+04 8.325496938750584668e-12
1.062198027464676133e-04 1.670516420017221435e+02 3.499263857609854313e+04 1.014232398583117869e-11
1.116658084901241013e-04 1.751595781493291497e+02 3.497592370610574289e+04 1.235562712836739723e-11
1.173910369191279803e-04 1.836610370890487616e+02 3.495921682028242503e+04 1.505192714693247667e-11
1.234098040866900780e-04 1.925751186489643487e+02 3.494251791479891108e+04 1.833662577242227537e-11
1.297371600457651012e-04 2.019218496772497815e+02 3.492582698585119215e+04 2.233812597122363167e-11
1.363889264820232711e-04 2.117222290352267464e+02 3.490914402962913300e+04 2.721285137730889484e-11
1.433817362763056455e-04 2.219982747745972347e+02 3.489246904232441011e+04 3.315136108720482500e-11
1.507330750954898936e-04 2.327730736043666298e+02 3.487580202013053349e+04 4.038579885276691791e-11
1.584613251157653230e-04 2.440708327587804831e+02 3.485914295925074111e+04 4.919896787002177011e-11
1.665858109876483387e-04 2.559169343821390044e+02 3.484249185586631938e+04 5.993538590876515877e-11
1.751268481576742783e-04 2.683379925543197828e+02 3.482584870618415880e+04 7.301475294203190542e-11
1.841057936675958640e-04 2.813619130829491155e+02 3.480921350640501623e+04 8.894835774147089948e-11
1.935450995581117185e-04 2.950179561981757956e+02 3.479258625273147481e+04 1.083590647931932124e-10
2.034683690106629794e-04 3.093368022902571965e+02 3.477596694136795122e+04 1.320056628474561874e-10
2.139004153676812446e-04 3.243506208378948372e+02 3.475935556852853915e+04 1.608125269174406313e-10
2.248673241788693637e-04 3.400931426812318250e+02 3.474275213040150993e+04 1.959057532512019528e-10
2.363965184286629729e-04 3.565997358045938768e+02 3.472615662321646232e+04 2.386571798392401689e-10
2.485168271079757005e-04 3.739074847947363764e+02 3.470956904317317822e+04 2.907380132719865294e-10
2.612585573016925852e-04 3.920552741579595590e+02 3.469298938648907642e+04 3.541841582904809072e-10
2.746535699721688829e-04 4.110838756797124347e+02 3.467641764937940752e+04 4.314758038419342897e-10
2.887353596282311993e-04 4.310360400247196253e+02 3.465985382806124835e+04 5.256343767593258150e-10
3.035391380788964293e-04 4.519565927830034298e+02 3.464329791875741648e+04 6.403406531051823394e-10
3.191019224812350285e-04 4.738925351770120642e+02 3.462674991768071777e+04 7.800786442984493258e-10
3.354626279025451924e-04 4.968931496576701647e+02 3.461020982105758594e+04 9.503108827147277648e-10
3.526621646282911485e-04 5.210101106245735991e+02 3.459367762511328328e+04 1.157691958889960019e-09
3.707435404591257876e-04 5.462976005204562853e+02 3.457715332607342862e+04 1.410328657764965694e-09
3.897519682527942697e-04 5.728124315603804462e+02 3.456063692016518326e+04 1.718096863020687784e-09
4.097349789798286580e-04 6.006053612115251781e+02 3.454387498850384145e+04 2.092996908975361653e-09
4.307425405757319271e-04 6.297521957895655760e+02 3.452726890535917482e+04 2.549724430036889615e-09
4.528271828868440083e-04 6.603265818200192143e+02 3.451101266146571288e+04 3.106179201297932691e-09
4.760441290223192071e-04 6.923889521831999900e+02 3.449485379553480743e+04 3.784094982781797817e-09
5.004514334406633081e-04 7.260078268203481002e+02 3.447869550325188902e+04 4.609962305061816761e-09
5.261101271161193775e-04 7.612552315725374683e+02 3.446245806656236527e+04 5.616044418859727616e-09
5.530843701478924991e-04 7.982011764566153715e+02 3.444595407416619855e+04 6.841585829556004170e-09
5.814416121938181326e-04 8.369190455307609682e+02 3.442902253066197591e+04 8.334355850258360428e-09
6.112527611296385451e-04 8.774879958136552887e+02 3.441157022308908927e+04 1.015252212609512123e-08
6.425923603556274889e-04 9.199902548356363923e+02 3.439350548794515635e+04 1.236688037885530718e-08
6.755387751939181127e-04 9.645070728048217461e+02 3.437466452329790627e+04 1.506352185789568946e-08
7.101743888426273075e-04 1.011126292836222888e+03 3.435495569524962048e+04 1.834723743447358419e-08
7.465858083767621441e-04 1.059933804378013747e+03 3.433420481223432580e+04 2.234540307969881099e-08
7.848640813110194670e-04 1.111023611097127059e+03 3.431232896583789989e+04 2.721303063950172234e-08
8.251049232659968648e-04 1.164492474705895575e+03 3.428923743118590937e+04 3.313862470991070333e-08
8.674089573071004124e-04 1.220428100104163832e+03 3.426466687058560638e+04 4.035098729073217517e-08
9.118819655546198935e-04 1.278939207915296947e+03 3.423862348955479683e+04 4.912878689735753113e-08
9.586351536941296880e-04 1.340117924593721455e+03 3.421084366844484612e+04 5.980993457582507076e-08
1.007785429048626679e-03 1.404078676296148615e+03 3.418132779356582614e+04 7.280579145208327500e-08
1.059455692907732439e-03 1.470925377885008174e+03 3.414990175453279517e+04 8.861541929717354309e-08
1.113775147844932919e-03 1.540756157624236721e+03 3.411630788490641862e+04 1.078441868473425204e-07
1.170879620791311689e-03 1.613685157780413874e+03 3.408045640470170474e+04 1.312277869628059467e-07
1.230911902673626282e-03 1.689820832318388284e+03 3.404217192835747846e+04 1.596584219902584940e-07
1.294022105466001958e-03 1.769273596778052251e+03 3.400128730827801337e+04 1.942183863401531021e-07
1.360368037548055848e-03 1.852153243337081449e+03 3.395762053100610501e+04 2.362198741112447543e-07
1.430115598308045934e-03 1.938561892483580777e+03 3.391091897580435761e+04 2.872521982146381096e-07
1.503439192977754080e-03 2.028629666719751185e+03 3.386117627352715499e+04 3.492453513804634343e-07
1.580522168736409397e-03 2.122448018107112603e+03 3.380804958017855824e+04 4.245306949821581876e-07
1.661557273174137529e-03 2.220114758809278555e+03 3.375127847141942766e+04 5.159310081340421618e-07
1.746747136261333697e-03 2.321747742337695854e+03 3.369077203550692502e+04 6.268670037780972058e-07
1.836304777029133936e-03 2.427441756816202542e+03 3.362627708064932813e+04 7.614710019908305346e-07
1.930454136227949345e-03 2.537271969023690872e+03 3.355743979642886552e+04 9.247316983274498230e-07
2.029430636295988157e-03 2.651361423425597877e+03 3.348426007016294898e+04 1.122695103883258414e-06
2.133481770037976965e-03 2.769748243229566015e+03 3.340621858917688223e+04 1.362628171335833425e-06
2.242867719486086112e-03 2.892531351782628917e+03 3.332323371608289017e+04 1.653329120046322200e-06
2.357862006490532136e-03 3.019772124532811176e+03 3.323503331587851426e+04 2.005393413610461336e-06
2.478752176666675511e-03 3.151527702067090559e+03 3.314137538531369501e+04 2.431592043451265885e-06
2.605840518408833982e-03 3.287803129695449570e+03 3.304180749380068301e+04 2.947267543565269377e-06
2.739444818768723561e-03 3.428661700005609873e+03 3.293624945730476611e+04 3.570940101227110783e-06
2.879899158088616417e-03 3.574101009740038080e+03 3.282435245291371393e+04 4.324828832950279547e-06
3.027554745376210416e-03 3.724102361970755283e+03 3.270577855309133520e+04 5.235617172233170739e-06
3.182780796510085389e-03 3.878642191538692259e+03 3.258025481197834961e+04 6.335343446566149606e-06
3.345965457471714814e-03 4.037660167335964616e+03 3.244743944161281615e+04 7.662392274559283396e-06
3.517516774912597243e-03 4.201114947403355472e+03 3.230715847371601558e+04 9.262822783310501758e-06
3.697863716483424691e-03 4.368875793750628873e+03 3.215897955883078248e+04 1.119161240426963285e-05
3.887457243476651579e-03 4.540825074964129271e+03 3.200263420892337308e+04 1.351455989220178437e-05
4.086771438464619106e-03 4.716798809167901709e+03 3.183779254437598138e+04 1.631017646148423368e-05
4.296304690752923532e-03 4.896587296205279017e+03 3.166408583096029906e+04 1.967202108998007771e-05
4.516580942613284376e-03 5.080011590960157264e+03 3.148136001165948619e+04 2.371179083374869392e-05
4.748150999412126434e-03 5.266735144150648921e+03 3.128908078743772421e+04 2.856178221533872872e-05
4.991593906910903912e-03 5.456494824659173901e+03 3.108707563683603439e+04 3.437967321385380817e-05
5.247518399182111472e-03 5.648899493352598256e+03 3.087492069949181314e+04 4.135195215754280392e-05
5.516564420761540903e-03 5.843594826793365428e+03 3.065242975245373236e+04 4.970000554572489871e-05
5.799404726842954938e-03 6.040125191498447748e+03 3.041926798048102137e+04 5.968517254613965036e-05
6.096746565516493986e-03 6.237898449944634194e+03 3.017490210622531231e+04 7.161483344120030006e-05
6.409333446257287764e-03 6.436410350383443074e+03 2.991916802996198021e+04 8.585242813396583793e-05
6.737946999086424568e-03 6.635021771312568490e+03 2.965171092760148531e+04 1.028242102693341202e-04
7.083408929053131541e-03 6.833114782907282461e+03 2.937236188822150507e+04 1.230313866287016374e-04
7.446583070925409317e-03 7.029804450109994832e+03 2.908051312673897701e+04 1.470566333749332669e-04
7.828377549226901017e-03 7.224378894572784702e+03 2.877607997053491272e+04 1.755844544059456832e-04
8.229747049021221908e-03 7.415976760648243726e+03 2.845879354959059128e+04 2.094103196606851721e-04
8.651695203121895217e-03 7.603489693393997186e+03 2.812805591640685452e+04 2.494519213886391942e-04
9.095277101697147801e-03 7.786042035325668621e+03 2.778385724465563180e+04 2.967801214181679608e-04
9.561601930544914862e-03 7.962415419581702736e+03 2.742568690805192091e+04 3.526201034350377652e-04
1.005183574463506743e-02 8.131442135719470571e+03 2.705327309216395224e+04 4.183829565025184321e-04
1.056720438385422289e-02 8.291945683029269276e+03 2.666644878461548433e+04 4.956864297471800726e-04
1.110899653824396448e-02 8.442501845334611062e+03 2.626476216898666462e+04 5.863621350113867219e-04
1.167856697039719623e-02 8.581771763908425783e+03 2.584802121079256176e+04 6.924937939110036413e-04
1.227733990307029038e-02 8.708305042446885636e+03 2.541596296546977101e+04 8.164258204051872162e-04
1.290681258048182248e-02 8.820576285539173114e+03 2.496831089360609622e+04 9.607806115428307522e-04
1.356855901220299469e-02 8.917037244324554194e+03 2.450484186930925352e+04 1.128475209781530132e-03
1.426423390900143431e-02 8.996186694082638496e+03 2.402546349411621122e+04 1.322738743175732061e-03
1.499557682048000690e-02 9.056463176827104689e+03 2.353004667522955788e+04 1.547100094322165567e-03
1.576441648485692182e-02 9.096157566487521763e+03 2.301830785151801683e+04 1.805352176914801253e-03
1.657267540176381518e-02 9.114035356652420887e+03 2.249058190294581436e+04 2.101642491690340706e-03
1.742237463949622076e-02 9.108562131833943567e+03 2.194679874355860011e+04 2.440293869747250845e-03
1.831563888873704443e-02 9.078516937965710895e+03 2.138723559630363161e+04 2.825864829699644906e-03
1.925470177538994923e-02 9.022830007467562609e+03 2.081227318876301069e+04 3.263047708727214325e-03
2.024191144580758314e-02 8.940773331405140198e+03 2.022258192944714392e+04 3.756642827540628612e-03
2.127973643838054069e-02 8.831699258479584387e+03 1.961878591367524496e+04 4.311349841266291782e-03
2.237077185616915750e-02 8.695479558273356815e+03 1.900192905445657743e+04 4.931814165875293178e-03
2.351774585601286785e-02 8.532574751690204721e+03 1.837350046960948748e+04 5.622603249357179325e-03
2.472352647034336062e-02 8.343658718288832461e+03 1.773499419821995980e+04 6.387899011397090571e-03
2.599112877875953478e-02 8.130072350206402007e+03 1.708838109992757381e+04 7.231694854372025701e-03
2.732372244729698585e-02 7.893861924164587435e+03 1.643612401479662003e+04 8.157918833688019775e-03
2.872463965424410307e-02 7.637586870157658268e+03 1.578096872073491249e+04 9.170440335926005951e-03
3.019738342232343442e-02 7.364533344104695971e+03 1.512617514887220204e+04 1.027361843359087500e-02
3.174563637807315680e-02 7.078619482122564477e+03 1.447543831064917140e+04 1.147284003515470358e-02
3.337326996033158216e-02 6.784238219647962978e+03 1.383276232190187693e+04 1.277519778936825508e-02
3.508435410085083278e-02 6.486326440424754765e+03 1.320257678724105062e+04 1.419088620962668038e-02
3.688316740124613496e-02 6.189975467087739162e+03 1.258939024347453233e+04 1.573416919134708325e-02
3.877420783172848273e-02 5.897443790512053965e+03 1.199480157655158109e+04 1.741657966563619347e-02
4.076220397837305304e-02 5.614849284000115404e+03 1.142434067862763732e+04 1.926554662870380227e-02
4.285212686704739649e-02 5.348971251823170860e+03 1.088424118102706416e+04 2.132345965209341693e-02
4.504920239356542677e-02 5.104010675692657060e+03 1.037814520245593121e+04 2.363976480305156336e-02
4.735892439114896407e-02 4.882162547949124018e+03 9.907657933634372966e+03 2.627168839524764155e-02
4.978706836787243073e-02 4.683284040242645460e+03 9.471986418695298198e+03 2.927995603476877054e-02
5.233970594844135349e-02 4.505191661382795246e+03 9.068247903365239836e+03 3.272482748120970203e-02
5.502322005641668845e-02 4.344142753916362381e+03 8.692000114686021334e+03 3.666167934895679659e-02
5.784432087484844831e-02 4.196578014093821366e+03 8.339043909955416893e+03 4.114790606257064803e-02
6.081006262522850592e-02 4.064909762716352361e+03 8.011152436599233624e+03 4.630709318349621184e-02
6.392786120671870020e-02 3.928147693886176967e+03 7.687132663751365726e+03 5.199105038393621314e-02
6.720551273976151097e-02 3.782501103350496123e+03 7.363103997115440507e+03 5.816530622885188878e-02
7.065121306044198912e-02 3.619771395848948941e+03 7.030932129583769893e+03 6.467110352362782921e-02
7.427357821434696361e-02 3.433933875048721347e+03 6.684504633089458366e+03 7.127959576356024396e-02
7.808166600116696332e-02 3.223482168218680727e+03 6.321742930974420233e+03 7.773967926312833066e-02
8.208499862391337165e-02 2.992728520236617442e+03 5.945779340517353376e+03 8.385500073623584905e-02
8.629358649938589920e-02 2.751119193894807267e+03 5.564559118636301719e+03 8.956023486767933361e-02
9.071795328942874881e-02 2.511254353473861102e+03 5.189462040641820749e+03 9.498186479094371248e-02
9.536916221556676621e-02 2.286838473365140089e+03 4.833877765577988612e+03 1.004915746923615294e-01
1.002588437228218304e-01 2.090714512384530281e+03 4.511554592564463746e+03 1.067414425268135986e-01
1.053992245618834284e-01 1.931698728386621269e+03 4.233011788140555836e+03 1.145834515073220761e-01
1.108031583623540345e-01 1.810708906104958487e+03 4.000414849423568285e+03 1.247887159944303243e-01
1.164841577735182265e-01 1.719966793113916765e+03 3.805762424198198005e+03 1.377180652604538535e-01
1.224564282530043596e-01 1.645218571782647359e+03 3.633242412861045068e+03 1.530518650924527213e-01
1.287349035878279091e-01 1.568230485045937030e+03 3.462489383781475681e+03 1.694997598229699698e-01
1.353352832366376823e-01 1.471444063768317164e+03 3.273831432247019166e+03 1.847766651877127408e-01
1.422740715865399574e-01 1.349347698331189122e+03 3.060182326495726102e+03 1.968663151263461142e-01
1.495686192226629019e-01 1.213901544147036930e+03 2.833205193184785458e+03 2.057667394977343300e-01
1.572371663136570008e-01 1.084160309570652771e+03 2.613569059468348314e+03 2.135154904520250863e-01
1.652988882216175348e-01 9.770405684519109855e+02 2.421834476724382512e+03 2.235592548747323549e-01
1.737739434504778357e-01 9.016589245732569680e+02 2.270963911470714720e+03 2.396991613951974520e-01
1.826835240527691917e-01 8.495806274563577745e+02 2.151752525035412873e+03 2.624055414016592813e-01
1.920499086207905493e-01 8.011879124530431682e+02 2.039661723574728285e+03 2.875060327795584958e-01
2.018965179946938526e-01 7.407769432415142319e+02 1.914412894746246820e+03 3.088475796433401421e-01
2.122479738267836202e-01 6.666013732586130800e+02 1.772661920751376556e+03 3.228993138140702213e-01
2.231301601484726449e-01 5.933004076264753621e+02 1.632416845637606002e+03 3.339025510352055526e-01
2.345702880938428103e-01 5.362364452455979063e+02 1.514861189070464889e+03 3.506271891124514983e-01
2.465969639416541459e-01 4.967519186831961520e+02 1.423198190360896206e+03 3.773748802188914286e-01
2.592402606459418002e-01 4.614900445198300645e+02 1.338991146608966801e+03 4.073239474085837419e-01
2.725317930340656614e-01 4.196621553625728893e+02 1.246371103237619764e+03 4.303497810445144900e-01
2.865047968602461026e-01 3.749359903466183255e+02 1.149944721993111216e+03 4.467073336938800487e-01
3.011942119122611450e-01 3.381761209295141271e+02 1.066033368406058798e+03 4.681155440012181312e-01
3.166367693791155569e-01 3.102431795571810653e+02 9.966699907838933541e+02 4.989494394484877970e-01
3.328710836981453314e-01 2.832069507575043303e+02 9.295080293246269321e+02 5.291787263954077503e-01
3.499377491112247163e-01 2.543271975882032052e+02 8.598021474099335819e+02 5.521225012621601147e-01
3.678794411715154977e-01 2.290071781904844954e+02 7.963933063820643383e+02 5.776116029559200671e-01
3.867410234545784475e-01 2.083075589043617697e+02 7.414066876325434805e+02 6.104302051151856423e-01
4.065696597406806001e-01 1.882518765769066533e+02 6.879780342470697860e+02 6.409357141093865451e-01
4.274149319488126375e-01 1.690854200504092546e+02 6.364421387548817393e+02 6.688450092585006557e-01
4.493289641173122684e-01 1.527391708663249119e+02 5.904484561818969723e+02 7.019625308687077458e-01
4.723665527411103904e-01 1.377307856826057559e+02 5.472971925975069780e+02 7.354255256497163051e-01
4.965853037915104462e-01 1.237232916805640031e+02 5.063308298362501318e+02 7.675440562359679975e-01
5.220457767611225153e-01 1.114005980796739692e+02 4.689789294975307712e+02 8.029408283187254858e-01
5.488116360941387439e-01 1.000918382367382975e+02 4.339201653288685634e+02 8.381830166755072087e-01
5.769498103806052214e-01 8.986411522145689901e+01 4.013327333125766359e+02 8.743205104893287949e-01
6.065306597127584354e-01 8.067219943853665143e+01 3.711712344400935990e+02 9.119109565460943312e-01
6.376281516219051149e-01 7.232429906296991362e+01 3.430484094179320778e+02 9.498541875730041051e-01
6.703200460357783275e-01 6.482485398881742356e+01 3.170187855051632368e+02 9.891415104410126169e-01
7.046880897188601001e-01 5.805023274358811136e+01 2.928310588075624992e+02 1.029117630056197719e+00
7.408182206818726412e-01 5.195782616826159739e+01 2.704217209820866969e+02 1.070178441183160967e+00
7.788007830715680813e-01 4.647312831918197418e+01 2.496421825571947863e+02 1.112119114764803740e+00
8.187307530781540166e-01 4.154179366121226735e+01 2.303883794647206571e+02 1.154991569013056996e+00
8.607079764252394405e-01 3.711103846092128578e+01 2.125545628744029898e+02 1.198783755507208948e+00
9.048374180361511421e-01 3.313375426055245043e+01 1.960447123308777009e+02 1.243519389344220683e+00
9.512294245009160765e-01 2.956613755873875959e+01 1.807665365560364990e+02 1.289201136881147347e+00
1.000000000000213163e+00 2.636787050494661955e+01 1.666323042833416253e+02 1.335811924845393239e+00
1.051271096376248826e+00 2.350283539622292395e+01 1.535616365370392771e+02 1.383358332049343220e+00
1.105170918075884856e+00 2.093737832488271167e+01 1.414766225797402228e+02 1.431795206315085167e+00
1.161834242728533306e+00 1.864279448699517872e+01 1.303106677287439084e+02 1.481200288146059973e+00
1.221402758160433644e+00 1.659102606524757562e+01 1.199946871710929912e+02 1.531511258340781945e+00
1.284025416688019838e+00 1.475811279469422033e+01 1.104693347262122813e+02 1.582785072323225961e+00
1.349858807576296504e+00 1.312073202211708889e+01 1.016731525052523750e+02 1.634908147823779467e+00
1.419067548593566874e+00 1.165974160425739647e+01 9.355621660941308448e+01 1.687984253354566810e+00
1.491824697641596753e+00 1.035672886094076084e+01 8.606774449568449370e+01 1.741992351366721925e+00
1.568312185490513100e+00 9.195125831985103915e+00 7.916056548421263983e+01 1.796906527397339692e+00
1.648721270700491237e+00 8.160084539006517090e+00 7.279110454503755534e+01 1.852706562761916365e+00
1.733253017867778301e+00 7.238585543283984514e+00 6.692043678398522388e+01 1.909456922967460724e+00
1.822118800390913007e+00 6.418344728119793174e+00 6.150980665144345494e+01 1.967086082292123672e+00
1.915540829014322100e+00 5.688618903210276301e+00 5.652456036673551409e+01 2.025589041406414381e+00
2.013752707470925607e+00 5.039903397177875277e+00 5.193328687597347937e+01 2.085023158565824986e+00
2.117000016613148627e+00 4.463372914499428745e+00 4.770536485899398116e+01 2.145339439708575213e+00
2.225540928492967474e+00 3.951292657037631884e+00 4.381332010059739446e+01 2.206562397033952738e+00
2.339646851926517890e+00 3.496580069978636462e+00 4.023085251815552965e+01 2.268635196548258293e+00
2.459603111157505406e+00 3.093090725594974000e+00 3.693471540981393275e+01 2.331621325799883682e+00
2.585709659316432152e+00 2.735142478109849673e+00 3.390231351435457441e+01 2.395463107885345000e+00
2.718281828459663263e+00 2.417775474694018545e+00 3.111345738445933407e+01 2.460195798912536258e+00
2.857651118063815776e+00 2.136480121981197300e+00 2.854898343242415493e+01 2.525787056722594404e+00
3.004166023947120401e+00 1.887285724372797180e+00 2.619153662408958283e+01 2.592266837940294000e+00
3.158192909690492378e+00 1.666582952187142475e+00 2.402462124708379321e+01 2.659580600981735543e+00
3.320116922737311960e+00 1.471207909347507670e+00 2.203337563497592555e+01 2.727749248783854163e+00
3.490342957462647444e+00 1.298338027501426462e+00 2.020406851913660518e+01 2.796806005979972642e+00
3.669296667620093988e+00 1.145396484855071284e+00 1.852353190962533347e+01 2.866649424291997761e+00
3.857425530697870641e+00 1.010179928444245645e+00 1.698033184289869979e+01 2.937390228360682087e+00
4.055199966845619564e+00 8.906497455975689315e-01 1.556328285948677959e+01 3.008943487639744951e+00
4.263114515169814212e+00 7.850290616681135925e-01 1.426236461186391580e+01 3.081321326467481914e+00
4.481689070339116121e+00 6.917379917380842569e-01 1.306833963228227447e+01 3.154547391029034031e+00
4.711470182591849465e+00 6.093598792658128094e-01 1.197257200419859835e+01 3.228594156078731015e+00
4.953032424396282885e+00 5.366413869176638318e-01 1.096714390053193355e+01 3.303451502830607289e+00
5.206979827181080545e+00 4.724710572986465240e-01 1.004476997663067017e+01 3.379116414269028645e+00
5.473947391728498424e+00 4.158656455607881997e-01 9.198771787001398081e+00 3.455613497431830883e+00
5.754602676007100293e+00 3.659450232186871599e-01 8.422910297351956288e+00 3.532906421666937913e+00
6.049647464414390718e+00 3.219327514425243675e-01 7.711480496422677078e+00 3.610984486258963067e+00
6.359819522603354258e+00 2.831438246664429448e-01 7.059267868911630828e+00 3.689875625563175721e+00
6.685894442280875261e+00 2.489651448067494999e-01 6.461395436880436272e+00 3.769531317365764522e+00
7.028687580590986528e+00 2.188611599095879878e-01 5.913469004775124382e+00 3.850008378437634882e+00
7.389056098932435646e+00 1.923490575387053758e-01 5.411328995852808355e+00 3.931218773256800247e+00
7.767901106308653603e+00 1.690100621025245331e-01 4.951264405872926488e+00 4.013228465364994335e+00
8.166169912569634093e+00 1.484689577616708778e-01 4.529795532929102642e+00 4.096011381865209522e+00
8.584858397179985445e+00 1.303945024417027254e-01 4.143728962806982885e+00 4.179544453470321663e+00
9.025013499436326470e+00 1.144945350388670430e-01 3.790137885577674393e+00 4.263817397399419562e+00
9.487735836360851494e+00 1.005120871326448811e-01 3.466352361804621918e+00 4.348868772593133869e+00
9.974182454817173138e+00 8.821893299694026636e-02 3.169898768923891552e+00 4.434697334014741976e+00
1.048556972473016025e+01 7.741153735030277538e-02 2.898466397929394311e+00 4.521182612791195155e+00
1.102317638064432792e+01 6.791426575372103147e-02 2.650006013826936346e+00 4.608414542016457283e+00
1.158834671922626214e+01 5.957067998399367958e-02 2.422610327581976808e+00 4.696423563938691537e+00
1.218249396070650370e+01 5.224161753417742166e-02 2.214504280644153056e+00 4.785149255386027534e+00
1.280710378266622662e+01 4.580496817657518649e-02 2.024069590995435153e+00 4.874562366608429009e+00
1.346373803500505772e+01 4.015396710200872660e-02 1.849840602654179378e+00 4.964730476324277220e+00
1.415403864537935341e+01 3.519310012666445470e-02 1.690440042996893988e+00 5.055555881133973806e+00
1.487973172487657614e+01 3.083947209383709406e-02 1.544633350921941872e+00 5.147098715558235504e+00
1.564263188419211659e+01 2.701898756012430583e-02 1.411261216387785566e+00 5.239246187160187418e+00
1.644464677110120832e+01 2.366798536269000899e-02 1.289301381013657988e+00 5.332184878652694415e+00
1.728778184057202338e+01 2.072874877658361856e-02 1.177772139608970647e+00 5.425767343800153242e+00
1.817414536944768244e+01 1.815115825035406097e-02 1.075790823020353448e+00 5.519968439998733878e+00
1.910595372823652127e+01 1.589148878318870708e-02 9.825595641448069406e-01 5.614886857870575732e+00
2.008553692319280515e+01 1.391070246383261169e-02 8.973297286773517234e-01 5.710441116748833146e+00
2.111534442254602695e+01 1.217462365220964814e-02 8.194193755454223238e-01 5.806578655522670829e+00
2.219795128144734164e+01 1.065353601645672998e-02 7.482147689686298175e-01 5.903406907074784549e+00
2.333606458094873304e+01 9.320905531977678043e-03 6.831394588112019717e-01 6.000828558762123066e+00
2.453253019711569394e+01 8.153638655868707813e-03 6.236730524160427613e-01 6.098861151180195783e+00
2.579033991719975205e+01 7.131387131963712843e-03 5.693367087885604638e-01 6.197484803744085724e+00
2.711263892066493852e+01 6.236308742334564781e-03 5.196930569444206949e-01 6.296703411348491208e+00
2.850273364377471097e+01 5.452712919335003273e-03 4.743406651776403415e-01 6.396500455247116079e+00
2.996410004740484823e+01 4.766762380889722449e-03 4.329091092073679703e-01 6.496769783953236121e+00
3.150039230875619012e+01 4.166504748523088691e-03 3.950679911690255230e-01 6.597661468499229187e+00
3.311545195870102276e+01 3.641249636352833757e-03 3.605056383907827566e-01 6.699043119300703175e+00
3.481331748761120082e+01 3.181721536659716000e-03 3.289416368326969486e-01 6.800935544531728105e+00
3.659823444368765877e+01 2.779747082458636654e-03 3.001175122265029582e-01 6.903287274802516471e+00
3.847466604904231957e+01 2.428189674833403436e-03 2.737984159279208685e-01 7.006117939392720650e+00
4.044730436007814234e+01 2.120747454397848425e-03 2.497669872048890460e-01 7.109318356582745579e+00
4.252108200007410943e+01 1.851980159916927823e-03 2.278293409442377071e-01 7.213059425390296653e+00
4.470118449331276622e+01 1.616986516877651518e-03 2.078000363238223236e-01 7.317011729612596937e+00
4.699306323159186860e+01 1.411615607851997864e-03 1.895184852332184866e-01 7.421436511468199271e+00
4.940244910554343960e+01 1.232129427357372790e-03 1.728313199226126917e-01 7.526135400395284947e+00
5.193536683484541783e+01 1.075286405467003456e-03 1.576003908223184702e-01 7.631045177468396723e+00
5.459815003315897997e+01 9.382674977998675236e-04 1.437008971807891000e-01 7.736253890931876320e+00
5.739745704546173499e+01 8.185715352546183311e-04 1.310163190528330079e-01 7.841603023616573687e+00
6.034028759737834946e+01 7.140299295051895367e-04 1.194417652658743279e-01 7.947102281371716259e+00
6.343400029814058882e+01 6.227343442035697309e-04 1.088805598139671316e-01 8.052660259255860709e+00
6.668633104094334385e+01 5.430173068959154954e-04 9.924455821094324559e-02 8.158201024121293443e+00
7.010541234670704114e+01 4.734230990374275615e-04 9.045352996451011540e-02 8.263696285077037018e+00
7.369979369961600923e+01 4.126729746617348879e-04 8.243369045270808326e-02 8.369029602207882945e+00
7.747846292528217305e+01 3.596526759286397925e-04 7.511805038344829266e-02 8.474157738435529552e+00
8.145086866499057976e+01 3.133838129716019620e-04 6.844502253556906946e-02 8.578946913615791203e+00
8.562694400222423496e+01 2.730142941891950032e-04 6.235872321858793033e-02 8.683343438378773982e+00
9.001713130054676526e+01 2.377949390538352549e-04 5.680764113518628478e-02 8.787156716929979794e+00
9.463240831495036787e+01 2.070747710705577891e-04 5.174518908828664582e-02 8.890314544405246266e+00
9.948431564196151555e+01 1.802840276415164464e-04 4.712875207263558103e-02 8.992726000520343987e+00
1.045849855771433994e+02 1.569192165241902262e-04 4.291867548168255830e-02 9.093988749528410409e+00
1.099471724521542768e+02 1.365522408356464456e-04 3.908036324151702157e-02 9.194355359988117371e+00
1.155842845272200918e+02 1.187950660188756997e-04 3.558027566620911714e-02 9.293194555090206421e+00
1.215104175187690743e+02 1.033208164469492799e-04 3.238955285423032043e-02 9.390714295106178611e+00
1.277403898460648861e+02 8.983617820341952139e-05 2.948068719562188522e-02 9.486504970433385253e+00
1.342897796849734675e+02 7.808717830915263961e-05 2.682889368861605603e-02 9.580294790581337594e+00
1.411749639215168770e+02 6.785166032102153320e-05 2.441147774538380069e-02 9.671721768721004864e+00
1.484131591026187778e+02 5.893756704407121847e-05 2.220807234309350037e-02 9.760671387052102688e+00
1.560224644864394463e+02 5.117540573642079678e-05 2.019976605364420807e-02 9.846750966993525367e+00
1.640219072999485945e+02 4.441855364711411007e-05 1.836956320683866967e-02 9.929794141402478402e+00
1.724314903169036768e+02 3.853728037603387991e-05 1.670160028011187861e-02 1.000923917561284604e+01
1.812722418752032070e+02 3.341977230145798053e-05 1.518169381601117314e-02 1.008480867195691388e+01
1.905662684586848457e+02 2.896820440177967613e-05 1.379685830455749593e-02 1.015616914448160557e+01
2.003368099748494728e+02 2.509631031149728414e-05 1.253502731578635086e-02 1.022262422775904156e+01
2.106082978667353416e+02 2.173025141468857115e-05 1.138554052056143205e-02 1.028398523743821080e+01
2.214064162042512862e+02 1.880481659778239999e-05 1.033848161331495617e-02 1.033974832466123139e+01
2.327581659077297047e+02 1.626314592043606687e-05 9.384808581354261298e-03 1.038937917567176683e+01
2.446919322642916654e+02 1.405560006295586414e-05 8.516257140441050449e-03 1.043226478790774792e+01
2.572375559058498879e+02 1.213938217493208025e-05 7.725441236909342396e-03 1.046815071683973919e+01
2.704264074262317763e+02 1.047661017816382217e-05 7.005454626844742280e-03 1.049635086472144785e+01
2.842914658240042627e+02 9.034598695001749017e-06 6.350110701416369387e-03 1.051648468577885431e+01
2.988674009671481713e+02 7.784696222830803200e-06 5.753718749003091867e-03 1.052804104757865566e+01
3.141906602857868620e+02 6.702011355334618840e-06 5.211122766164756094e-03 1.053065127185003469e+01
3.302995599097462787e+02 5.764776139024423565e-06 4.717597443678382685e-03 1.052389948072241133e+01
3.472343804788374655e+02 4.954053037613206464e-06 4.268850176149165815e-03 1.050749200283515883e+01
3.650374678654371792e+02 4.253372131101863789e-06 3.860985834254652711e-03 1.048131974380939901e+01
3.837533390612260860e+02 3.648281032257406629e-06 3.490411180972528751e-03 1.044515877946913740e+01
4.034287934928555046e+02 3.126254935420999238e-06 3.153882973912556283e-03 1.039908968148191803e+01
4.241130300448911044e+02 2.676360696014344134e-06 2.848437089146856234e-03 1.034331494715882549e+01
4.458577700826506316e+02 2.289036738757613890e-06 2.571352534178587054e-03 1.027808111618577769e+01
4.687173867825576963e+02 1.955982409176095634e-06 2.320163789313342637e-03 1.020395171281431068e+01
4.927490410934046849e+02 1.669935815316198136e-06 2.092603718099413004e-03 1.012155877881889410e+01
5.180128246684984106e+02 1.424566706884463141e-06 1.886598258121762210e-03 1.003170113137340103e+01
5.445719101260938260e+02 1.214369729748243452e-06 1.700256451485613902e-03 9.935435311820222992e+00
5.724927090138447738e+02 1.034521696017824260e-06 1.531826919486569804e-03 9.833763113981152770e+00
6.018450378722650385e+02 8.808385932540205450e-07 1.379713754910668558e-03 9.727934687965642979e+00
6.327022928124463306e+02 7.496746700155086590e-07 1.242447870701059902e-03 9.619252412952491227e+00
6.651416330445650829e+02 6.378446707081450599e-07 1.118665267078572390e-03 9.508841040340403339e+00
6.992441738160994191e+02 5.425937061661147417e-07 1.007119477593226798e-03 9.397916460362498725e+00
7.350951892421985576e+02 4.615289423302403628e-07 9.066590910771858127e-04 9.287523834882673412e+00
7.727843255353874383e+02 3.925743042878695697e-07 8.162184660726765030e-04 9.178401311465576029e+00
8.124058251677936369e+02 3.339443157305029390e-07 7.348241818414067567e-04 9.071171977546281795e+00
8.540587625264155349e+02 2.841012521001842495e-07 6.615823598002514103e-04 8.966163731096486345e+00
8.978472916506958654e+02 2.417295667412259279e-07 5.956801944813502024e-04 8.863545193464268834e+00
9.438809066718714575e+02 2.057013460582748952e-07 5.363740663160821267e-04 8.763124778584604258e+00
9.922747156053346771e+02 1.750635653546356969e-07 4.830009891835907549e-04 8.664865054051078985e+00
1.043149728180628472e+03 1.490041179838957132e-07 4.349608834251258277e-04 8.568572538797791793e+00
1.096633158428801380e+03 1.268343022048986924e-07 3.917151416374658069e-04 8.474051574028326428e+00
1.152858742783748994e+03 1.079766607094880303e-07 3.527913063554141584e-04 8.381629192892544822e+00
1.211967074492957408e+03 9.193213952784686531e-08 3.177514514283298988e-04 8.291060629917430091e+00
1.274105955173854682e+03 7.828868423681752025e-08 2.862228403854304463e-04 8.203248917904495841e+00
1.339430764394840480e+03 6.668522333699823166e-08 2.578520129059991696e-04 8.118217415792367220e+00
1.408104848205140797e+03 5.681595183759546988e-08 2.323227797215642000e-04 8.036103603613383939e+00
1.480299927585014302e+03 4.842218579613422576e-08 2.093532839646012765e-04 7.957264648767898407e+00
1.556196527837648091e+03 4.127864755294399327e-08 1.886779911127274480e-04 7.881140041042737465e+00
1.635984429996447261e+03 3.519833100918648083e-08 1.700671681616152038e-04 7.807820641784297244e+00
1.719863145376471039e+03 3.002050814457375722e-08 1.533096157301390948e-04 7.736953177043384144e+00
1.808042414456641382e+03 2.561193662291827066e-08 1.382237005133684846e-04 7.668996159053207862e+00
1.900742731340188357e+03 2.185666814526073588e-08 1.246390747846472897e-04 7.603687021441147387e+00
1.998195895104759757e+03 1.865778411863962477e-08 1.124069593399256627e-04 7.541270346696512306e+00
2.100645589420852957e+03 1.592802508232290396e-08 1.013783140714008757e-04 7.479809713476029742e+00
2.208347991887921125e+03 1.359764811351061629e-08 9.143172828721077034e-05 7.418849978547532587e+00
2.321572414611807289e+03 1.160822093531586056e-08 8.246103729539720751e-05 7.358387059637666816e+00
2.440601977625289692e+03 9.909860305122806496e-09 7.437049259829073831e-05 7.298416907743476401e+00
2.565734316835632853e+03 8.459981233496094864e-09 6.707373992275917122e-05 7.238935506860760150e+00
2.697282328269386653e+03 7.222229200759497740e-09 6.049289751953724993e-05 7.179938873715367542e+00
2.835574950475434889e+03 6.165568597455099651e-09 5.455772489387531268e-05 7.121423057496581777e+00
2.980957987042702825e+03 5.263504532080893173e-09 4.920487309496877833e-05 7.063384139592412403e+00
3.133794971289250043e+03 4.493418493579341695e-09 4.437720856215199712e-05 7.005818233327284261e+00
3.294468075284922634e+03 3.836001210862172629e-09 4.002320331093592342e-05 6.948721483701329582e+00
3.463379065480592999e+03 3.274768488793430465e-09 3.609638495005841683e-05 6.892090067132371267e+00
3.640950307333554974e+03 2.795647880618016440e-09 3.255484065931383566e-05 6.835920191201164009e+00
3.827625821441170956e+03 2.386625832986203378e-09 2.936076983386581369e-05 6.780208094394852836e+00
4.023872393823642142e+03 2.037446456031702112e-09 2.648008062022759644e-05 6.724950045858387071e+00
4.230180743132199495e+03 1.739354365406161709e-09 2.388202603750971955e-05 6.670142345140219753e+00
4.447066747701334862e+03 1.484875148253015484e-09 2.153887580012233107e-05 6.615781321949797622e+00
4.675072735513344924e+03 1.267627948479853031e-09 1.942562033909654584e-05 6.561863335907147210e+00
4.914768840300775992e+03 1.082165472065285404e-09 1.751970386293690482e-05 6.508384776302173158e+00
5.166754427177720572e+03 9.238374006622241359e-10 1.580078360881313662e-05 6.455342061852123337e+00
5.431659591364801599e+03 7.886737887075636443e-10 1.425051271446955138e-05 6.402731640459137452e+00
5.710146733755425885e+03 6.732855203182714483e-10 1.285234439334950968e-05 6.350549988976834648e+00
6.002912217263044113e+03 5.747793300106534326e-10 1.159135532278429917e-05 6.298793612972080069e+00
6.310688108091153481e+03 4.906852564589325110e-10 1.045408636019410360e-05 6.247459046488885726e+00
6.634244006280128815e+03 4.188947102564267965e-10 9.428398887193385351e-06 6.196542851821371656e+00
6.974388970108182548e+03 3.576076027780179263e-10 8.503345248276088900e-06 6.146041619277780477e+00
7.331973539158482708e+03 3.052872104456924282e-10 7.669051901229395038e-06 6.095951966957152912e+00
7.707891861111141225e+03 2.606216426544388100e-10 6.916614032068987506e-06 6.046270540520638725e+00
8.103083927578147268e+03 2.224909471992865337e-10 6.238000509677334423e-06 5.996994012964867338e+00
8.518537924572025076e+03 1.899390283993845649e-10 5.625968165682742899e-06 5.948119084403332479e+00
8.955292703485578386e+03 1.621496737886956361e-10 5.073984484639429490e-06 5.899642481842578334e+00
9.414440378761499232e+03 1.384260882629042850e-10 4.576157879350314727e-06 5.851560958964421744e+00
9.897129058747319505e+03 1.181734225178753591e-10 4.127174807123383734e-06 5.803871295905822514e+00
1.040456571656430970e+04 1.008838576949848093e-10 3.722243055777661930e-06 5.756570299047314876e+00
1.093801920816896018e+04 8.612387224278326914e-11 3.357040594057595574e-06 5.709654800796500673e+00
1.149882344515380282e+04 7.352337172234103656e-11 3.027669440516078896e-06 5.663121659377203798e+00
1.208838073022117533e+04 6.276640899497511846e-11 2.730614058483939696e-06 5.616967758617066764e+00
1.270816526367042752e+04 5.358326210884249938e-11 2.462703833057402130e-06 5.571190007740338679e+00
1.335972682966652428e+04 4.574367124387244617e-11 2.221079229601039481e-06 5.525785341161357778e+00
1.404469467150771925e+04 3.905106513705307846e-11 2.003161272560135537e-06 5.480750718281244716e+00
1.476478156558243427e+04 3.333763222037625794e-11 1.806624018813167595e-06 5.436083123276088003e+00
1.552178810420236550e+04 2.846011288451475408e-11 1.629369731764649055e-06 5.391779564904981115e+00
1.631760719802116000e+04 2.429620736244891556e-11 1.469506491192817320e-06 5.347837076304097437e+00
1.715422880929701932e+04 2.074150916388102252e-11 1.325327999875959616e-06 5.304252714790512968e+00
1.803374492783486858e+04 1.770688716873884041e-11 1.195295371461097479e-06 5.261023561659055936e+00
1.895835480205053682e+04 1.511625073804057178e-11 1.078020705191745526e-06 5.218146722000133408e+00
1.993037043823734348e+04 1.290464180393165535e-11 9.722522721737714267e-07 5.175619324487821693e+00
2.095222238178608313e+04 1.101660609986956559e-11 8.768611550732153434e-07 5.133438521206681315e+00
2.202646579481454319e+04 9.404802690662771933e-12 7.908291986370616825e-07 5.091601487443333518e+00
2.315578684540369068e+04 8.028816937674213165e-12 7.132381424340644520e-07 5.050105421511347892e+00
2.434300942441707230e+04 6.854147135128521848e-12 6.432598198187455237e-07 5.008947544552039943e+00
2.559110220669883711e+04 5.851339408371272618e-12 5.801473185116306399e-07 4.968125100362113855e+00
2.690318607430719567e+04 4.995249182276091981e-12 5.232270084443241092e-07 4.927635355193113575e+00
2.828254192034512744e+04 4.264410701818360285e-12 4.718913517827600371e-07 4.887475597580934306e+00
2.973261885290210193e+04 3.640498795997370154e-12 4.255924183834554394e-07 4.847643138158498566e+00
3.125704281962085952e+04 3.107869389317290576e-12 3.838360374717414461e-07 4.808135309476829100e+00
3.285962567445517197e+04 2.653167239520880303e-12 3.461765231195091825e-07 4.768949465826371359e+00
3.454437470929026313e+04 2.264991065925956957e-12 3.122119172250687046e-07 4.730082983060924562e+00
3.631550267425979837e+04 1.933607671731114039e-12 2.815796992209396810e-07 4.691533258417638130e+00
3.817743831181556016e+04 1.650707892151855085e-12 2.539529167177753595e-07 4.653297710349137084e+00
4.013483743089039490e+04 1.409198248977232868e-12 2.290366957841732229e-07 4.615373778346355316e+00
4.219259454884566367e+04 1.203023087465685962e-12 2.065650936154817643e-07 4.577758922768095040e+00
4.435585513031406299e+04 1.027012735806236673e-12 1.862982599983930017e-07 4.540450624670994806e+00
4.663002845354139572e+04 8.767538798695714629e-13 1.680198772743062951e-07 4.503446385640854643e+00
4.902080113639969204e+04 7.484789030029854377e-13 1.515348514769620842e-07 4.466743727625362759e+00
5.153415135589398415e+04 6.389714161560307297e-13 1.366672300007473239e-07 4.430340192768029262e+00
5.417636379671867326e+04 5.454856095829165937e-13 1.232583235739595419e-07 4.394233343244630774e+00
5.695404536624281900e+04 4.656774039316103576e-13 1.111650124918741041e-07 4.358420761097034024e+00
5.987414171521994285e+04 3.975456743913824619e-13 1.002582190313668448e-07 4.322900048073289980e+00
6.294395460553275188e+04 3.393820741418448462e-13 9.042152974233943613e-08 4.287668825468883504e+00
6.617116016840114025e+04 2.897281989677134208e-13 8.154995291096094271e-08 4.252724733964480031e+00
6.956382809870861820e+04 2.473390189783313570e-13 7.354879793264472171e-08 4.218065433469092795e+00
7.313044183344273188e+04 2.111516605119286899e-13 6.633266463370251263e-08 4.183688602963192338e+00
7.687991976470644295e+04 1.802587554568199693e-13 5.982453175423404322e-08 4.149591940343321461e+00
8.082163754034375597e+04 1.538856897457648923e-13 5.395493486319169010e-08 4.115773162267948315e+00
8.496545150794286747e+04 1.313711805483297323e-13 4.866122493111791459e-08 4.082230004005497292e+00
8.932172336083906703e+04 1.121506951501904089e-13 4.388689964690729059e-08 4.048960219278093575e+00
9.390134604774527543e+04 9.574229576213846397e-14 3.958100034154071982e-08 4.015961580122067609e+00
9.871577101079767453e+04 8.173455532772859284e-14 3.569756808161171814e-08 3.983231876720505049e+00
1.037770368201258680e+05 6.977624133039040427e-14 3.219515312765311004e-08 3.950768917278180137e+00
1.090977992765488161e+05 5.956750892785945835e-14 2.903637252105127082e-08 3.918570527857279551e+00
1.146913630576689611e+05 5.085238259062781429e-14 2.618751107777473291e-08 3.886634552233786621e+00
1.205717149864963576e+05 4.341233772718910727e-14 2.361816153003899147e-08 3.854958851762078531e+00
1.267535590057915979e+05 3.706082136035190684e-14 2.130089997489039435e-08 3.823541305224548825e+00
1.332523529455816897e+05 3.163857446551873133e-14 1.921099316571303299e-08 3.792379808691324961e+00
1.400843471757866791e+05 2.700963868224072022e-14 1.732613452239695795e-08 3.761472275379281527e+00
1.472666252406089625e+05 2.305794727067298709e-14 1.562620604248461160e-08 3.730816635512376411e+00
1.548171465762921434e+05 1.968441483397987252e-14 1.409306357205878152e-08 3.700410836183124719e+00
1.627547914190663723e+05 1.680445283388392810e-14 1.271034314446489647e-08 3.670252841215027484e+00
1.710994080155731353e+05 1.434584860297136731e-14 1.146328631983046578e-08 3.640340631027846108e+00
1.798718622538203781e+05 1.224695467169914081e-14 1.033858266113039933e-08 3.610672202495749161e+00
1.890940898387710622e+05 1.045514300907358618e-14 9.324227665507932745e-09 3.581245568821539660e+00
1.987891511430313694e+05 8.925485418250863294e-15 8.409394634441824851e-09 3.552058759403523336e+00
2.089812888697938761e+05 7.619626999105386840e-15 7.584319115179255016e-09 3.523109819696859990e+00
2.196959886722229712e+05 6.504824430809184970e-15 6.840194680039339774e-09 3.494396811082887577e+00
2.309600428808625729e+05 5.553124960135219132e-15 6.169078931185328674e-09 3.465917810747380923e+00
2.428016174984180834e+05 4.740665509249795447e-15 5.563808727585393586e-09 3.437670911543627028e+00
2.552503226294341730e+05 4.047074328769259170e-15 5.017923729372934072e-09 3.409654221874243163e+00
2.683372865209793090e+05 3.454960192955615296e-15 4.525597443520634063e-09 3.381865865548817407e+00
2.820952333994774381e+05 2.949476329123399447e-15 4.081575034891953867e-09 3.354303981673974810e+00
2.965585652983192704e+05 2.517948147071767411e-15 3.681117238853084624e-09 3.326966724520915797e+00
3.117634480808650260e+05 2.149555434211362145e-15 3.319949776825099397e-09 3.299852263404736252e+00
3.277479018739408348e+05 1.835061047670494232e-15 2.994217734850693039e-09 3.272958782556010249e+00
3.445518961379595567e+05 1.566579300576630930e-15 2.700444418249018781e-09 3.246284481008182343e+00
3.622174496113909991e+05 1.337378234969075245e-15 2.435494243178096673e-09 3.219827572469461163e+00
3.807887353794944938e+05 1.141710823519924593e-15 2.196539269044628521e-09 3.193586285211892584e+00
4.003121913300411543e+05 9.746708675665664113e-16 1.981029014528940896e-09 3.167558861938256864e+00
4.208366362722213962e+05 8.320699782403214394e-16 1.786663235077256134e-09 3.141743559678980446e+00
4.424133920090965694e+05 7.103325560730887524e-16 1.611367371282570484e-09 3.116138649666657656e+00
4.650964116688389913e+05 6.064061357974561686e-16 1.453270406117137126e-09 3.090742417228782291e+00
4.889424146156553179e+05 5.176848482991413185e-16 1.310684894664549782e-09 3.065553161658821413e+00
5.140110282777408138e+05 4.419440806054377716e-16 1.182088953212576224e-09 3.040569196116448936e+00
5.403649372469085502e+05 3.772846955515380498e-16 1.066110015454806149e-09 3.015788847507586024e+00
5.680700400227193022e+05 3.220854124857042738e-16 9.615101824309600506e-10 2.991210456373667892e+00
5.971956137930564582e+05 2.749621549967210420e-16 8.671730098363562567e-10 2.966832376781843195e+00
6.278144876631795196e+05 2.347333463409423100e-16 7.820915916741201765e-10 2.942652976208178117e+00
6.600032247664229944e+05 2.003902823830388344e-16 7.053578130653826614e-10 2.918670635441691807e+00
6.938423137119094608e+05 1.710718391720468225e-16 6.361526575006174073e-10 2.894883748462413919e+00
7.294163698479967425e+05 1.460428809705445960e-16 5.737374650838061184e-10 2.871290722341927726e+00
7.668143468447235646e+05 1.246758273330833418e-16 5.174460484595199238e-10 2.847889977130174444e+00
8.061297591243179049e+05 1.064349170455202232e-16 4.666775822758260098e-10 2.824679945757394339e+00
8.474609156959623797e+05 9.086277435498299197e-17 4.208901902858922829e-10 2.801659073924010368e+00
8.909111659795242595e+05 7.756894065087304980e-17 3.795951616424386161e-10 2.778825819997819746e+00
9.365891582329371013e+05 6.622008403784485881e-17 3.423517346519133370e-10 2.756178654910833359e+00
9.846091112294379855e+05 5.653164131396254700e-17 3.087623923130389158e-10 2.733716062056761320e+00
1.035091099863994634e+06 4.826068278355096882e-17 2.784686194267488692e-10 2.711436537189530149e+00
1.088161355403086869e+06 4.119982099580891055e-17 2.511470759911093581e-10 2.689338588322508716e+00
1.143952581128624268e+06 3.517201067584651820e-17 2.265061460380309597e-10 2.667420735628652562e+00
1.202604284165272489e+06 3.002610946071108924e-17 2.042828250758452892e-10 2.645681511341367198e+00
1.264263124320930336e+06 2.563308812952620828e-17 1.842399129159240668e-10 2.624119459656195197e+00
1.329083280812643003e+06 2.188279530240515314e-17 1.661634819210684144e-10 2.602733136634475031e+00
1.397226837794951163e+06 1.868119548557874780e-17 1.498605936528347336e-10 2.581521110102049654e+00
1.468864189654704416e+06 1.594801120915527804e-17 1.351572395470637991e-10 2.560481959560377163e+00
1.544174467085782439e+06 1.361471013585213869e-17 1.218964836366564181e-10 2.539614276086639144e+00
1.623345985009134281e+06 1.162278666927847456e-17 1.099367874985905172e-10 2.518916662240552107e+00
1.706576713458170416e+06 9.922294974449871585e-18 9.915049954628670927e-11 2.498387731970926229e+00
1.794074772606963990e+06 8.470596627246272693e-18 8.942249254285550457e-11 2.478026110522737913e+00
1.886058953179090517e+06 7.231291491162979557e-18 8.064893479276817285e-11 2.457830434346168769e+00
1.982759263538399944e+06 6.173305013948958987e-18 7.273618189616073999e-11 2.437799350999739545e+00
2.084417504829733167e+06 5.270109058921818694e-18 6.559977723733298648e-11 2.417931519072070490e+00
2.191287875607731752e+06 4.499056733815549526e-18 5.916355053842740899e-11 2.398225608075271520e+00
2.303637607465630397e+06 3.840814538712894653e-18 5.335880485768788483e-11 2.378680298373580637e+00
2.421747633253435604e+06 3.278877594473944015e-18 4.812358335374507953e-11 2.359294281077433997e+00
2.545913289556382690e+06 2.799155796560773248e-18 4.340200799066873951e-11 2.340066257973262509e+00
2.676445055190230254e+06 2.389620517282429795e-18 3.914368312464039541e-11 2.320994941419214364e+00
2.813669327560023405e+06 2.040002997917577084e-18 3.530315760718667827e-11 2.302079054276092496e+00
2.957929238823618274e+06 1.741536868056170753e-18 3.183943966307664111e-11 2.283317329805873541e+00
3.109585513900805730e+06 1.486738336117601129e-18 2.871555936549790016e-11 2.264708511598557461e+00
