# [1] k:    [h/Mpc] 
# [2] P:    [Mpc^3/h^3] 
# [3] T:    [Mpc^3/h^3] 
# [4] Delta_k 
3.059023205018257859e-07 1.294075892057562800e-02 3.700445245695901394e+04 1.876628553241167318e-23
3.215862678579245412e-07 1.356884521632324182e-02 3.698677660744016612e+04 2.286154799888495284e-23
3.380743483904743061e-07 1.422741599895422163e-02 3.696910920117946807e+04 2.785049689266088559e-23
3.554077908890640533e-07 1.491795084844724055e-02 3.695145023407656117e+04 3.392815644880850432e-23
3.736299379885273404e-07 1.564200115693785767e-02 3.693379970203314588e+04 4.133210996009150284e-23
3.927863545481053003e-07 1.640119361433633668e-02 3.691615760115442390e+04 5.035178720473379587e-23
4.129249415873286729e-07 1.719723386260172543e-02 3.689852392734591558e+04 6.133977861664299857e-23
4.340960560635169786e-07 1.803191032794727866e-02 3.688089867658228468e+04 7.472561848579304791e-23
4.563526367904018199e-07 1.890709823875946771e-02 3.686328184484010853e+04 9.103257598926645333e-23
4.797503368127355169e-07 1.982476383858526592e-02 3.684567342809787806e+04 1.108981104360761632e-22
5.043476625678916271e-07 2.078696880359924906e-02 3.682807342233602685e+04 1.350987903466802144e-22
5.302061201824328858e-07 2.179587487439506657e-02 3.681048182346993417e+04 1.645806504844855012e-22
5.573903692694645323e-07 2.285374871298004318e-02 3.679289862761781114e+04 2.004961735370617060e-22
5.859683846113473662e-07 2.396296699471362965e-02 3.677532383069884963e+04 2.442493420986507487e-22
6.160116261320592563e-07 2.512602174808673330e-02 3.675775742863427877e+04 2.975505221020017222e-22
6.475952175842278093e-07 2.634552595373096384e-02 3.674019941754786851e+04 3.624833231597295210e-22
6.807981343976415384e-07 2.762421941434339140e-02 3.672264979336466058e+04 4.415860494571014888e-22
7.157034011589609116e-07 2.896497491032021601e-02 3.670510855201172672e+04 5.379509252305482251e-22
7.523982992164306405e-07 3.037080465422713552e-02 3.668757568961838115e+04 6.553449736766807096e-22
7.909745849287134463e-07 3.184486705757783032e-02 3.667005120211550820e+04 7.983572745770991326e-22
8.315287191035797356e-07 3.339047382709576378e-02 3.665253508550268452e+04 9.725783571579447586e-22
8.741621082001717898e-07 3.501109740474180054e-02 3.663502733571475983e+04 1.184818740844642280e-21
9.189813578979717484e-07 3.671037876972374492e-02 3.661752794895505940e+04 1.443375166982986934e-21
9.660985396665287929e-07 3.849213561723886790e-02 3.660003692102897185e+04 1.758354928763538272e-21
1.015631471002508262e-06 4.036037093663766978e-02 3.658255424794381543e+04 2.142070977955411621e-21
1.067704010034801725e-06 4.231928200469557699e-02 3.656507992584182648e+04 2.609523253557320148e-21
1.122446365234364056e-06 4.437326981470375575e-02 3.654761395066748082e+04 3.178985048084634778e-21
1.179995421003214005e-06 4.652694896437180316e-02 3.653015631836724788e+04 3.872717333379730461e-21
1.240495079956737545e-06 4.878515802375710253e-02 3.651270702508891554e+04 4.717838969815496029e-21
1.304096622755184042e-06 5.115297040486038727e-02 3.649526606678274402e+04 5.747386816296577368e-21
1.370959086384113674e-06 5.363570576047502897e-02 3.647783343946737295e+04 7.001607182330570300e-21
1.441249661829700436e-06 5.623894193523619467e-02 3.646040913909704977e+04 8.529529106424950985e-21
1.515144112143284134e-06 5.896852749790965770e-02 3.644299316182688926e+04 1.039088096247623689e-20
1.592827211940548929e-06 6.183059487989855940e-02 3.642558550361488597e+04 1.265842531623713285e-20
1.674493209434307728e-06 6.483157415324239392e-02 3.640818616042107897e+04 1.542080330482244975e-20
1.760346312156213177e-06 6.797820747749434844e-02 3.639079512840608368e+04 1.878599972951261128e-20
1.850601197581954108e-06 7.127756424589276607e-02 3.637341240359986114e+04 2.288556431610601559e-20
1.945483549936765273e-06 7.473705696744642468e-02 3.635603798183587060e+04 2.787975415756074144e-20
2.045230624523543909e-06 7.836445792264166987e-02 3.633867185934642475e+04 3.396379836444872616e-20
2.150091840984688092e-06 8.216791662246425432e-02 3.632131403210110147e+04 4.137552981356216614e-20
2.260329406981118614e-06 8.615597811850568555e-02 3.630396449607148679e+04 5.040468233195891181e-20
2.376218973848010330e-06 9.033760220170948541e-02 3.628662324742920464e+04 6.140421675427487487e-20
2.498050325866710336e-06 9.472218352973138522e-02 3.626929028208362433e+04 7.480411860073503489e-20
2.626128104876382668e-06 9.931957273604692660e-02 3.625196559621002962e+04 9.112820674915013060e-20
2.760772572037287162e-06 1.041400985589675254e-01 3.623464918585350824e+04 1.110146101669939312e-19
2.902320408650496801e-06 1.091945910461657732e-01 3.621734104686341743e+04 1.352407131676034325e-19
3.051125558036519890e-06 1.144944058892894412e-01 3.620004117545353074e+04 1.647535443362119980e-19
3.207560110577962700e-06 1.200514499335116059e-01 3.618274956770756398e+04 2.007067970560297816e-19
3.372015234139298021e-06 1.258782079276611898e-01 3.616546621954659349e+04 2.445059288201911633e-19
3.544902152190277809e-06 1.319877705757326602e-01 3.614819112712397327e+04 2.978631023225603934e-19
3.726653172078803499e-06 1.383938639445184693e-01 3.613092428643043968e+04 3.628641160284649494e-19
3.917722766024474580e-06 1.451108803031428696e-01 3.611366569355729735e+04 4.420499406419647315e-19
4.118588707535861475e-06 1.521539104568472023e-01 3.609641534459764080e+04 5.385160488192018236e-19
4.329753266093139866e-06 1.595387776499261889e-01 3.607917323554796167e+04 6.560334210523071948e-19
4.551744463083409039e-06 1.672820731172990072e-01 3.606193936257073801e+04 7.991959580087699063e-19
4.785117392129195949e-06 1.754011933557804159e-01 3.604471372160067403e+04 9.736000618241384433e-19
5.030455607111644826e-06 1.839143792118046461e-01 3.602749630877119489e+04 1.186063406458784087e-18
5.288372581359179674e-06 1.928407568602799882e-01 3.601028712018473016e+04 1.444891449069437842e-18
5.559513241650373021e-06 2.022003807736587888e-01 3.599308615184731752e+04 1.760202100681466330e-18
5.844555580866815540e-06 2.120142787794355443e-01 3.597589339986515552e+04 2.144321247965646604e-18
6.144212353328471540e-06 2.223044993014264004e-01 3.595870886034626164e+04 2.612264587518184756e-18
6.459232857050738118e-06 2.330941608936636933e-01 3.594153252930239250e+04 3.182324608154263755e-18
6.790404807379771878e-06 2.444075041830258421e-01 3.592436440291067265e+04 3.876785667152662618e-18
7.138556306691162195e-06 2.562699463244352827e-01 3.590720447712131136e+04 4.722795113507502519e-18
7.504557915077204533e-06 2.687081381099847288e-01 3.589005274808247486e+04 5.753424511743153806e-18
7.889324827200587103e-06 2.817500238410957647e-01 3.587290921191147936e+04 7.008962450586379249e-18
8.293819160757753291e-06 2.954249041084908156e-01 3.585577386462958384e+04 8.538489474116037131e-18
8.719052362274285227e-06 3.097635016240228301e-01 3.583864670239045518e+04 1.040179670153940951e-17
9.166087736248057605e-06 3.247980302397397434e-01 3.582152772121915768e+04 1.267172313650503000e-17
9.636043103964330830e-06 3.405622673256387678e-01 3.580441691727301077e+04 1.543700303475109671e-17
1.013009359863121538e-05 3.570916296517290811e-01 3.578731428661344398e+04 1.880573463670532790e-17
1.064947460382478790e-05 3.744232529588151226e-01 3.577021982530380774e+04 2.290960586257586388e-17
1.119548484259151579e-05 3.925960753917576707e-01 3.575313352950691478e+04 2.790904215755114847e-17
1.176948962493235138e-05 4.116509249752303146e-01 3.573605539525733911e+04 3.399947772226658231e-17
1.237292426178888029e-05 4.316306113449235871e-01 3.571898541868908069e+04 4.141899527978333649e-17
1.300729765406831334e-05 4.525800219240180278e-01 3.570192359593794390e+04 5.045763302611897769e-17
1.367419606568169201e-05 4.745462227679252964e-01 3.568486992307662877e+04 6.146872258490546822e-17
1.437528709002991615e-05 4.975785643077113019e-01 3.566782439621218509e+04 7.488270118148839450e-17
1.511232381985586521e-05 5.217287922216878870e-01 3.565078701142111095e+04 9.122393797073743614e-17
1.588714923088939049e-05 5.470511636927497534e-01 3.563375776484663947e+04 1.111312322818038280e-16
1.670170079024660794e-05 5.736025693038122597e-01 3.561673665263378643e+04 1.353827850805611473e-16
1.755801530110687162e-05 6.014426608479525038e-01 3.559972367083224526e+04 1.649266198152029895e-16
1.845823399578163895e-05 6.306339853525462225e-01 3.558271881562313501e+04 2.009176418370447459e-16
1.940460788991057802e-05 6.612421255933773612e-01 3.556572208309225971e+04 2.447627850894580581e-16
2.039950341117315543e-05 6.933358474393345183e-01 3.554873346932734421e+04 2.981760109111204657e-16
2.144540831659045798e-05 7.269872543494035888e-01 3.553175297051497910e+04 3.632453089244557929e-16
2.254493791321357228e-05 7.622719493553470338e-01 3.551478058271427290e+04 4.425143191506201289e-16
2.370084159775344190e-05 7.992692049258269815e-01 3.549781630211545416e+04 5.390817660756604116e-16
2.491600973150475266e-05 8.380621410532854698e-01 3.548086012478140037e+04 6.567225916497604671e-16
2.619348086775470484e-05 8.787379120054997772e-01 3.546391204687373101e+04 8.000355224825893440e-16
2.753644934974891994e-05 9.213879021270459102e-01 3.544697206455584092e+04 9.746228398009876796e-16
2.894827329821342076e-05 9.661079311447364759e-01 3.543004017392846436e+04 1.187309379606212343e-15
3.043248300840562692e-05 1.012998469446004801e+00 3.541311637112647441e+04 1.446409324030157139e-15
3.199278977769132648e-05 1.062164863795621583e+00 3.539620065222217818e+04 1.762051213077790210e-15
3.363309518572123809e-05 1.113717574028586732e+00 3.537929301348292211e+04 2.146573881914130146e-15
3.535750085041236633e-05 1.167772421192406762e+00 3.536239345098469494e+04 2.615008801286437766e-15
3.717031868412924126e-05 1.224450847770614859e+00 3.534550196085364587e+04 3.185667676484341957e-15
3.907608167571078754e-05 1.283880190521428988e+00 3.532861853924995376e+04 3.880858274742552119e-15
4.107955522530357004e-05 1.346193966556135324e+00 3.531174318231953657e+04 4.727756463680799719e-15
4.318574906034433776e-05 1.411532173306706550e+00 3.529487588621016039e+04 5.759468549868223894e-15
4.539992976248807967e-05 1.480041603051460930e+00 3.527801664707141754e+04 7.016325445641819791e-15
4.772763393680535859e-05 1.551876172706385448e+00 3.526116546105475572e+04 8.547459254775664911e-15
5.017468205617894183e-05 1.627197269623022802e+00 3.524432232431345619e+04 1.041272390770174704e-14
5.274719301551768723e-05 1.706174114169860090e+00 3.522748723300264101e+04 1.268503492630796220e-14
5.545159943218107865e-05 1.788984139913386340e+00 3.521066018329525832e+04 1.545321978265287682e-14
5.829466373087315435e-05 1.875813392241619804e+00 3.519384117130208324e+04 1.882549027557493652e-14
6.128349505322671351e-05 1.966856946359831548e+00 3.517703019323175977e+04 2.293367266502752542e-14
6.442556703436033705e-05 2.062319345542425353e+00 3.516022724524672958e+04 2.793836092489485400e-14
6.772873649085907528e-05 2.162415060671396994e+00 3.514343232347929734e+04 3.403519456171858706e-14
7.120126306690828879e-05 2.267368972087404622e+00 3.512664542411158618e+04 4.146250640716146624e-14
7.485182988770643921e-05 2.377416874808396141e+00 3.510986654329558223e+04 5.051063934554247283e-14
7.868956527180084881e-05 2.492806008291851061e+00 3.509309567724896624e+04 6.153329617959216573e-14
8.272406555663884206e-05 2.613795611874395242e+00 3.507633282209546451e+04 7.496136631373135486e-14
8.696541909440986997e-05 2.740657507214237842e+00 3.505957797402447613e+04 9.131976975881616559e-14
9.142423147818073699e-05 2.873676708969367333e+00 3.504283112921128486e+04 1.112479769098824209e-13
9.611165206140254191e-05 3.013152065128674728e+00 3.502609228383297159e+04 1.355250062415633527e-13
1.010394018371016720e-04 3.159396928419750061e+00 3.500936143406847987e+04 1.650998771119603287e-13
1.062198027464676133e-04 3.312739860303705708e+00 3.499263857609854313e+04 2.011287081130929448e-13
1.116658084901241013e-04 3.473525369138740437e+00 3.497592370610574289e+04 2.450199111887238489e-13
1.173910369191279803e-04 3.642114684172555794e+00 3.495921682028242503e+04 2.984892482141345206e-13
1.234098040866900780e-04 3.818886567092606210e+00 3.494251791479891108e+04 3.636269022674390954e-13
1.297371600457651012e-04 4.004238162981854643e+00 3.492582698585119215e+04 4.429791854939999568e-13
1.363889264820232711e-04 4.198585892559593802e+00 3.490914402962913300e+04 5.396480776238203636e-13
1.433817362763056455e-04 4.402366387735844100e+00 3.489246904232441011e+04 6.574124862284966202e-13
1.507330750954898936e-04 4.616037472571770550e+00 3.487580202013053349e+04 8.008759689317469001e-13
1.584613251157653230e-04 4.840079191853716267e+00 3.485914295925074111e+04 9.756466922195390586e-13
1.665858109876483387e-04 5.074994889578516855e+00 3.484249185586631938e+04 1.188556661661573718e-12
1.751268481576742783e-04 5.321312339805735370e+00 3.482584870618415880e+04 1.447928793533215451e-12
1.841057936675958640e-04 5.579584932374285877e+00 3.480921350640501623e+04 1.763902267992591026e-12
1.935450995581117185e-04 5.850392916179503189e+00 3.479258625273147481e+04 2.148828882280267795e-12
2.034683690106629794e-04 6.134344702791112880e+00 3.477596694136795122e+04 2.617755897880198624e-12
2.139004153676812446e-04 6.432078233345776219e+00 3.475935556852853915e+04 3.189014256741502998e-12
2.248673241788693637e-04 6.744262411766402288e+00 3.474275213040150993e+04 3.884935160657626274e-12
2.363965184286629729e-04 7.071598607581901952e+00 3.472615662321646232e+04 4.732723025811218795e-12
2.485168271079757005e-04 7.414822231634547123e+00 3.470956904317317822e+04 5.765518937321715160e-12
2.612585573016925852e-04 7.774704388311135972e+00 3.469298938648907642e+04 7.023696175610777425e-12
2.746535699721688829e-04 8.152053607939260260e+00 3.467641764937940752e+04 8.556438458288406035e-12
2.887353596282311993e-04 8.547717663275838262e+00 3.465985382806124835e+04 1.042366259302354975e-11
3.035391380788964293e-04 8.962585474160563948e+00 3.464329791875741648e+04 1.269836070029515083e-11
3.191019224812350285e-04 9.397589104602035448e+00 3.462674991768071777e+04 1.546945356641579883e-11
3.354626279025451924e-04 9.853705856814318764e+00 3.461020982105758594e+04 1.884526666799851735e-11
3.526621646282911485e-04 1.033196046686853364e+01 3.459367762511328328e+04 2.295776474994666425e-11
3.707435404591257876e-04 1.083342740691964678e+01 3.457715332607342862e+04 2.796771049193562039e-11
3.897519682527942697e-04 1.135923329917342883e+01 3.456063692016518326e+04 3.407094892208678875e-11
4.097349789798286580e-04 1.191038469635044450e+01 3.454387498850384145e+04 4.150545427014505187e-11
4.307425405757319271e-04 1.248838488570121541e+01 3.452726890535917482e+04 5.056265027365787703e-11
4.528271828868440083e-04 1.309469432446957349e+01 3.451101266146571288e+04 6.159750080924039996e-11
4.760441290223192071e-04 1.373051143494630821e+01 3.449485379553480743e+04 7.504100010287408982e-11
5.004514334406633081e-04 1.439719501096219645e+01 3.447869550325188902e+04 9.141847215317034211e-11
5.261101271161193775e-04 1.509617337056211106e+01 3.446245806656236527e+04 1.113697176553405842e-10
5.530843701478924991e-04 1.582883485671982804e+01 3.444595407416619855e+04 1.356729800059408077e-10
5.814416121938181326e-04 1.659663472178562671e+01 3.442902253066197591e+04 1.652755549378059665e-10
6.112527611296385451e-04 1.740114269957274473e+01 3.441157022308908927e+04 2.013309436933520170e-10
6.425923603556274889e-04 1.824398941408524166e+01 3.439350548794515635e+04 2.452430702729610712e-10
6.755387751939181127e-04 1.912678610840857374e+01 3.437466452329790627e+04 2.987191786758544924e-10
7.101743888426273075e-04 2.005127476714740453e+01 3.435495569524962048e+04 3.638373382466394177e-10
7.465858083767621441e-04 2.101915863245569582e+01 3.433420481223432580e+04 4.431234951638997623e-10
7.848640813110194670e-04 2.203230185658440021e+01 3.431232896583789989e+04 5.396516325066369622e-10
8.251049232659968648e-04 2.309262328557151278e+01 3.428923743118590937e+04 6.571599158003792028e-10
8.674089573071004124e-04 2.420186216312740868e+01 3.426466687058560638e+04 8.001856336092705407e-10
9.118819655546198935e-04 2.536217448806983299e+01 3.423862348955479683e+04 9.742549590836426900e-10
9.586351536941296880e-04 2.657538718633684738e+01 3.421084366844484612e+04 1.186068882276837791e-09
1.007785429048626679e-03 2.784376940108594667e+01 3.418132779356582614e+04 1.443784954845216723e-09
1.059455692907732439e-03 2.916938182985189698e+01 3.414990175453279517e+04 1.757299887781093639e-09
1.113775147844932919e-03 3.055417041825646507e+01 3.411630788490641862e+04 2.138618526524570951e-09
1.170879620791311689e-03 3.200039867973606533e+01 3.408045640470170474e+04 2.602330126432693040e-09
1.230911902673626282e-03 3.351021732510118056e+01 3.404217192835747846e+04 3.166127625102104458e-09
1.294022105466001958e-03 3.508581596443773520e+01 3.400128730827801337e+04 3.851473606145443698e-09
1.360368037548055848e-03 3.672937184616410633e+01 3.395762053100610501e+04 4.684389709597570783e-09
1.430115598308045934e-03 3.844291008423574851e+01 3.391091897580435761e+04 5.696393017050879663e-09
1.503439192977754080e-03 4.022901109028225619e+01 3.386117627352715499e+04 6.925756506673001244e-09
1.580522168736409397e-03 4.208948841660322415e+01 3.380804958017855824e+04 8.418712551028578580e-09
1.661557273174137529e-03 4.402628174035083930e+01 3.375127847141942766e+04 1.023123864771528900e-08
1.746747136261333697e-03 4.604172817129766315e+01 3.369077203550692502e+04 1.243116970082490928e-08
1.836304777029133936e-03 4.813770741797191732e+01 3.362627708064932813e+04 1.510045223461152128e-08
1.930454136227949345e-03 5.031571008520465682e+01 3.355743979642886552e+04 1.833801524144316156e-08
2.029430636295988157e-03 5.257817622267371860e+01 3.348426007016294898e+04 2.226375495048137000e-08
2.133481770037976965e-03 5.492586183773133257e+01 3.340621858917688223e+04 2.702177963572744399e-08
2.242867719486086112e-03 5.736072864300066243e+01 3.332323371608289017e+04 3.278656355932043627e-08
2.357862006490532136e-03 5.988399375248715728e+01 3.323503331587851426e+04 3.976822147482639119e-08
2.478752176666675511e-03 6.249679030021963655e+01 3.314137538531369501e+04 4.822001023046102956e-08
2.605840518408833982e-03 6.519921833789042864e+01 3.304180749380068301e+04 5.844618199231715755e-08
2.739444818768723561e-03 6.799253299759936908e+01 3.293624945730476611e+04 7.081400380350680829e-08
2.879899158088616417e-03 7.087668662122750618e+01 3.282435245291371393e+04 8.576409481660443649e-08
3.027554745376210416e-03 7.385130843685162461e+01 3.270577855309133520e+04 1.038256044173969242e-07
3.182780796510085389e-03 7.691593113244277902e+01 3.258025481197834961e+04 1.256338729309658762e-07
3.345965457471714814e-03 8.006935830392190212e+01 3.244743944161281615e+04 1.519500916546157218e-07
3.517516774912597243e-03 8.331077011405447763e+01 3.230715847371601558e+04 1.836876422494889441e-07
3.697863716483424691e-03 8.663757394569337578e+01 3.215897955883078248e+04 2.219367620002874561e-07
3.887457243476651579e-03 9.004743709340587543e+01 3.200263420892337308e+04 2.680022818865623670e-07
4.086771438464619106e-03 9.353710769273656922e+01 3.183779254437598138e+04 3.234411290132012292e-07
4.296304690752923532e-03 9.710242725676860687e+01 3.166408583096029906e+04 3.901086371652689091e-07
4.516580942613284376e-03 1.007398471905176933e+02 3.148136001165948619e+04 4.702198297059158285e-07
4.748150999412126434e-03 1.044426935085760562e+02 3.128908078743772421e+04 5.663982304651081483e-07
4.991593906910903912e-03 1.082057481542323103e+02 3.108707563683603439e+04 6.817706936312251209e-07
5.247518399182111472e-03 1.120212545907548929e+02 3.087492069949181314e+04 8.200354008627569152e-07
5.516564420761540903e-03 1.158821863599721240e+02 3.065242975245373236e+04 9.855825866527007975e-07
5.799404726842954938e-03 1.197795079613475622e+02 3.041926798048102137e+04 1.183594772212194748e-06
6.096746565516493986e-03 1.237014769327754209e+02 3.017490210622531231e+04 1.420167503215739224e-06
6.409333446257287764e-03 1.276380936427237316e+02 2.991916802996198021e+04 1.702508023119678336e-06
6.737946999086424568e-03 1.315766839070246874e+02 2.965171092760148531e+04 2.039069211663070418e-06
7.083408929053131541e-03 1.355049937858982503e+02 2.937236188822150507e+04 2.439790316752079223e-06
7.446583070925409317e-03 1.394054744566932982e+02 2.908051312673897701e+04 2.916226175724677665e-06
7.828377549226901017e-03 1.432640089209141934e+02 2.877607997053491272e+04 3.481950934395837522e-06
8.229747049021221908e-03 1.470635159505473553e+02 2.845879354959059128e+04 4.152739265452665089e-06
8.651695203121895217e-03 1.507820161651271178e+02 2.812805591640685452e+04 4.946789587407786474e-06
9.095277101697147801e-03 1.544021447221550432e+02 2.778385724465563180e+04 5.885337768530308694e-06
9.561601930544914862e-03 1.578997406351338668e+02 2.742568690805192091e+04 6.992679977258911378e-06
1.005183574463506743e-02 1.612516474664360828e+02 2.705327309216395224e+04 8.296799003408281530e-06
1.056720438385422289e-02 1.644345344618708680e+02 2.666644878461548433e+04 9.829775836733104801e-06
1.110899653824396448e-02 1.674201585126546377e+02 2.626476216898666462e+04 1.162793250008868925e-05
1.167856697039719623e-02 1.701819692022854156e+02 2.584802121079256176e+04 1.373259051280845136e-05
1.227733990307029038e-02 1.726912042534736145e+02 2.541596296546977101e+04 1.619024108849848184e-05
1.290681258048182248e-02 1.749176141091386967e+02 2.496831089360609622e+04 1.905288802149033276e-05
1.356855901220299469e-02 1.768304960138143258e+02 2.450484186930925352e+04 2.237837811117904987e-05
1.426423390900143431e-02 1.784000797305191668e+02 2.402546349411621122e+04 2.623074701199941907e-05
1.499557682048000690e-02 1.795954005584607671e+02 2.353004667522955788e+04 3.067997470080432331e-05
1.576441648485692182e-02 1.803825654452155902e+02 2.301830785151801683e+04 3.580127705832469246e-05
1.657267540176381518e-02 1.807370933467898340e+02 2.249058190294581436e+04 4.167690165092068641e-05
1.742237463949622076e-02 1.806285558322625207e+02 2.194679874355860011e+04 4.839257295706887464e-05
1.831563888873704443e-02 1.800327406092261526e+02 2.138723559630363161e+04 5.603868928794989319e-05
1.925470177538994923e-02 1.789284335090464708e+02 2.081227318876301069e+04 6.470830266165160502e-05
2.024191144580758314e-02 1.773011976534826317e+02 2.022258192944714392e+04 7.449660647807075273e-05
2.127973643838054069e-02 1.751381897070990021e+02 1.961878591367524496e+04 8.549679787481315749e-05
2.237077185616915750e-02 1.724368667795031058e+02 1.900192905445657743e+04 9.780099839268335165e-05
2.351774585601286785e-02 1.692063612918796593e+02 1.837350046960948748e+04 1.114997834180320635e-04
2.472352647034336062e-02 1.654600367026682193e+02 1.773499419821995980e+04 1.266760830667656968e-04
2.599112877875953478e-02 1.612244837521807881e+02 1.708838109992757381e+04 1.434090890371758208e-04
2.732372244729698585e-02 1.565402814037838084e+02 1.643612401479662003e+04 1.617766971557333744e-04
2.872463965424410307e-02 1.514581847752365320e+02 1.578096872073491249e+04 1.818556398089506653e-04
3.019738342232343442e-02 1.460433604196471435e+02 1.512617514887220204e+04 2.037323601653465014e-04
3.174563637807315680e-02 1.403735074577001285e+02 1.447543831064917140e+04 2.275136840316319977e-04
3.337326996033158216e-02 1.345357405812985689e+02 1.383276232190187693e+04 2.533402631245472805e-04
3.508435410085083278e-02 1.286279613217774909e+02 1.320257678724105062e+04 2.814142611012455096e-04
3.688316740124613496e-02 1.227511338314903071e+02 1.258939024347453233e+04 3.120185400416514328e-04
3.877420783172848273e-02 1.169500454148690949e+02 1.199480157655158109e+04 3.453818052738036586e-04
4.076220397837305304e-02 1.113460173741551671e+02 1.142434067862763732e+04 3.820479911642460521e-04
4.285212686704739649e-02 1.060734876066082251e+02 1.088424118102706416e+04 4.228577097634239309e-04
4.504920239356542677e-02 1.012157642401887045e+02 1.037814520245593121e+04 4.687915079006893656e-04
4.735892439114896407e-02 9.681637536317201409e+01 9.907657933634372966e+03 5.209842196194510409e-04
4.978706836787243073e-02 9.287248859892113728e+01 9.471986418695298198e+03 5.806400721479801873e-04
5.233970594844135349e-02 8.934080393425166733e+01 9.068247903365239836e+03 6.489540546835682010e-04
5.502322005641668845e-02 8.614710210151592662e+01 8.692000114686021334e+03 7.270243205613643967e-04
5.784432087484844831e-02 8.322079985313433781e+01 8.339043909955416893e+03 8.159890375702201926e-04
6.081006262522850592e-02 8.060973503839798582e+01 8.011152436599233624e+03 9.182989856644713841e-04
6.392786120671870020e-02 7.789765659748897519e+01 7.687132663751365726e+03 1.031015456789991392e-03
6.720551273976151097e-02 7.500939246429410900e+01 7.363103997115440507e+03 1.153454860558045551e-03
7.065121306044198912e-02 7.178235930235500462e+01 7.030932129583769893e+03 1.282468941253152393e-03
7.427357821434696361e-02 6.809708356774960691e+01 6.684504633089458366e+03 1.413519527750866246e-03
7.808166600116696332e-02 6.392369293518319751e+01 6.321742930974420233e+03 1.541627074934921173e-03
8.208499862391337165e-02 5.934770195167169504e+01 5.945779340517353376e+03 1.662897772784904414e-03
8.629358649938589920e-02 5.455643599102110386e+01 5.564559118636301719e+03 1.776036178927617882e-03
9.071795328942874881e-02 4.979976429102270430e+01 5.189462040641820749e+03 1.883550534006079701e-03
9.536916221556676621e-02 4.534945525836061364e+01 4.833877765577988612e+03 1.992811570835329241e-03
1.002588437228218304e-01 4.146019290023056669e+01 4.511554592564463746e+03 2.116750408243499911e-03
1.053992245618834284e-01 3.830680919352095515e+01 4.233011788140555836e+03 2.272262412934374348e-03
1.108031583623540345e-01 3.590750439076185785e+01 4.000414849423568285e+03 2.474639271050122716e-03
1.164841577735182265e-01 3.410803082012489540e+01 3.805762424198198005e+03 2.731036455586045939e-03
1.224564282530043596e-01 3.262572625056940723e+01 3.633242412861045068e+03 3.035115417664474308e-03
1.287349035878279091e-01 3.109900373144211727e+01 3.462489383781475681e+03 3.361287587174200016e-03
1.353352832366376823e-01 2.917966769941908467e+01 3.273831432247019166e+03 3.664238295933765991e-03
1.422740715865399574e-01 2.675841944507619985e+01 3.060182326495726102e+03 3.903983710997785579e-03
1.495686192226629019e-01 2.407243642501072500e+01 2.833205193184785458e+03 4.080484763219783054e-03
1.572371663136570008e-01 2.149958557388427849e+01 2.613569059468348314e+03 4.234147402187323113e-03
1.652988882216175348e-01 1.937533326497365138e+01 2.421834476724382512e+03 4.433321611742590228e-03
1.737739434504778357e-01 1.788046752513577786e+01 2.270963911470714720e+03 4.753386179987715773e-03
1.826835240527691917e-01 1.684772191037484745e+01 2.151752525035412873e+03 5.203668076228123475e-03
1.920499086207905493e-01 1.588806372312910398e+01 2.039661723574728285e+03 5.701426717235189533e-03
2.018965179946938526e-01 1.469007594337086253e+01 1.914412894746246820e+03 6.124643107861628410e-03
2.122479738267836202e-01 1.321912741273282954e+01 1.772661920751376556e+03 6.403297895901900044e-03
2.231301601484726449e-01 1.176552284028671735e+01 1.632416845637606002e+03 6.621499058716309900e-03
2.345702880938428103e-01 1.063390832575201195e+01 1.514861189070464889e+03 6.953159224062513757e-03
2.465969639416541459e-01 9.850905157144184798e+00 1.423198190360896206e+03 7.483582878913394229e-03
2.592402606459418002e-01 9.151639859956674172e+00 1.338991146608966801e+03 8.077491849034052276e-03
2.725317930340656614e-01 8.322166326962710414e+00 1.246371103237619764e+03 8.534108713067528953e-03
2.865047968602461026e-01 7.435218148115439796e+00 1.149944721993111216e+03 8.858489341891347471e-03
3.011942119122611450e-01 6.706246656315647314e+00 1.066033368406058798e+03 9.283027710823704703e-03
3.166367693791155569e-01 6.152318738033345724e+00 9.966699907838933541e+02 9.894483385683543186e-03
3.328710836981453314e-01 5.616173197984976717e+00 9.295080293246269321e+02 1.049394929106260005e-02
3.499377491112247163e-01 5.043469402121121270e+00 8.598021474099335819e+02 1.094893887773269736e-02
3.678794411715154977e-01 4.541357381446573527e+00 7.963933063820643383e+02 1.145440390742323393e-02
3.867410234545784475e-01 4.130870821239382984e+00 7.414066876325434805e+02 1.210521757336329926e-02
4.065696597406806001e-01 3.733153938749450784e+00 6.879780342470697860e+02 1.271016113688062596e-02
4.274149319488126375e-01 3.353070967069043284e+00 6.364421387548817393e+02 1.326362013558054880e-02
4.493289641173122684e-01 3.028914493120616669e+00 5.904484561818969723e+02 1.392036156354850215e-02
4.723665527411103904e-01 2.731288709613589383e+00 5.472971925975069780e+02 1.458395394329319895e-02
4.965853037915104462e-01 2.453511232137191023e+00 5.063308298362501318e+02 1.522088474656158388e-02
5.220457767611225153e-01 2.209144413656250805e+00 4.689789294975307712e+02 1.592282515492600761e-02
5.488116360941387439e-01 1.984884543753812958e+00 4.339201653288685634e+02 1.662170007010126821e-02
5.769498103806052214e-01 1.782062318800651468e+00 4.013327333125766359e+02 1.733832945951661528e-02
6.065306597127584354e-01 1.599780807276683481e+00 3.711712344400935990e+02 1.808377181211294482e-02
6.376281516219051149e-01 1.434236655823810658e+00 3.430484094179320778e+02 1.883621011409779972e-02
6.703200460357783275e-01 1.285517910353190851e+00 3.170187855051632368e+02 1.961530260855009339e-02
7.046880897188601001e-01 1.151172880465366477e+00 2.928310588075624992e+02 2.040805437873698461e-02
7.408182206818726412e-01 1.030356599551153884e+00 2.704217209820866969e+02 2.122231626857396664e-02
7.788007830715680813e-01 9.215915675607424529e-01 2.496421825571947863e+02 2.205402638813365804e-02
8.187307530781540166e-01 8.238000781135151884e-01 2.303883794647206571e+02 2.290421430844018919e-02
8.607079764252394405e-01 7.359353963458223902e-01 2.125545628744029898e+02 2.377264110168017877e-02
9.048374180361511421e-01 6.570633317049842104e-01 1.960447123308777009e+02 2.465977705324593622e-02
9.512294245009160765e-01 5.863152330166658821e-01 1.807665365560364990e+02 2.556567503868655694e-02
1.000000000000213163e+00 5.228915717701390076e-01 1.666323042833416253e+02 2.648999648419338854e-02
1.051271096376248826e+00 4.660761110412902086e-01 1.535616365370392771e+02 2.743287185178260729e-02
1.105170918075884856e+00 4.152014725265780193e-01 1.414766225797402228e+02 2.839340574516982865e-02
1.161834242728533306e+00 3.696984217843391485e-01 1.303106677287439084e+02 2.937313980777394792e-02
1.221402758160433644e+00 3.290105545273047105e-01 1.199946871710929912e+02 3.037083821036067055e-02
1.284025416688019838e+00 2.926627235267622029e-01 1.104693347262122813e+02 3.138763041505919504e-02
1.349858807576296504e+00 2.601924257983793676e-01 1.016731525052523750e+02 3.242126401352764947e-02
1.419067548593566874e+00 2.312200605179729751e-01 9.355621660941308448e+01 3.347379680108152761e-02
1.491824697641596753e+00 2.053804925763169364e-01 8.606774449568449370e+01 3.454481158980303446e-02
1.568312185490513100e+00 1.823451688299556062e-01 7.916056548421263983e+01 3.563379447948026441e-02
1.648721270700491237e+00 1.618196444638131670e-01 7.279110454503755534e+01 3.674034452079433938e-02
1.733253017867778301e+00 1.435457357624045915e-01 6.692043678398522388e+01 3.786574010557740289e-02
1.822118800390913007e+00 1.272798409116708829e-01 6.150980665144345494e+01 3.900856283346556402e-02
1.915540829014322100e+00 1.128089156438675522e-01 5.652456036673551409e+01 4.016871356458875941e-02
2.013752707470925607e+00 9.994447630595029719e-02 5.193328687597347937e+01 4.134732974948032019e-02
2.117000016613148627e+00 8.851151169833909593e-02 4.770536485899398116e+01 4.254343980486555155e-02
2.225540928492967474e+00 7.835663587526403573e-02 4.381332010059739446e+01 4.375752982318072137e-02
2.339646851926517890e+00 6.933939728914689793e-02 4.023085251815552965e+01 4.498847275033591997e-02
2.459603111157505406e+00 6.133794804667978828e-02 3.693471540981393275e+01 4.623752758462451595e-02
2.585709659316432152e+00 5.423960759841527091e-02 3.390231351435457441e+01 4.750355055652173697e-02
2.718281828459663263e+00 4.794601892150824468e-02 3.111345738445933407e+01 4.878724081697598941e-02
2.857651118063815776e+00 4.236775392342850832e-02 2.854898343242415493e+01 5.008795700049363531e-02
3.004166023947120401e+00 3.742607119568130969e-02 2.619153662408958283e+01 5.140629316591650150e-02
3.158192909690492378e+00 3.304939544476945268e-02 2.402462124708379321e+01 5.274116771909283241e-02
3.320116922737311960e+00 2.917498460768992025e-02 2.203337563497592555e+01 5.409299517850058719e-02
3.490342957462647444e+00 2.574686536638607151e-02 2.020406851913660518e+01 5.546243440966084487e-02
3.669296667620093988e+00 2.271393771269861889e-02 1.852353190962533347e+01 5.684747362896840767e-02
3.857425530697870641e+00 2.003250776189018090e-02 1.698033184289869979e+01 5.825030857617503194e-02
4.055199966845619564e+00 1.766214853356547904e-02 1.556328285948677959e+01 5.966925502475859538e-02
4.263114515169814212e+00 1.556762347812161267e-02 1.426236461186391580e+01 6.110455340802627144e-02
4.481689070339116121e+00 1.371760247704457807e-02 1.306833963228227447e+01 6.255667264480531398e-02
4.711470182591849465e+00 1.208399233389697257e-02 1.197257200419859835e+01 6.402506689204141843e-02
4.953032424396282885e+00 1.064193857557222886e-02 1.096714390053193355e+01 6.550953548780032165e-02
5.206979827181080545e+00 9.369400298004416233e-03 1.004476997663067017e+01 6.701001860275124233e-02
5.473947391728498424e+00 8.246879133136290549e-03 9.198771787001398081e+00 6.852700421003889153e-02
5.754602676007100293e+00 7.256921575687432131e-03 8.422910297351956288e+00 7.005977184982320471e-02
6.049647464414390718e+00 6.384130351917770979e-03 7.711480496422677078e+00 7.160810932014093078e-02
6.359819522603354258e+00 5.614921367619359581e-03 7.059267868911630828e+00 7.317257057694882827e-02
6.685894442280875261e+00 4.937136499496968915e-03 6.461395436880436272e+00 7.475219339401627250e-02
7.028687580590986528e+00 4.340155413122615165e-03 5.913469004775124382e+00 7.634810448389429960e-02
7.389056098932435646e+00 3.814403632104085718e-03 5.411328995852808355e+00 7.795855804642604081e-02
7.767901106308653603e+00 3.351576571235773735e-03 4.951264405872926488e+00 7.958486218042100380e-02
8.166169912569634093e+00 2.944233462786101201e-03 4.529795532929102642e+00 8.122649984381870303e-02
8.584858397179985445e+00 2.585805566632169619e-03 4.143728962806982885e+00 8.288301355804490733e-02
9.025013499436326470e+00 2.270499143051129144e-03 3.790137885577674393e+00 8.455419940904172760e-02
9.487735836360851494e+00 1.993218345517365746e-03 3.466352361804621918e+00 8.624082204502249438e-02
9.974182454817173138e+00 1.749437313339386726e-03 3.169898768923891552e+00 8.794285677612054264e-02
1.048556972473016025e+01 1.535119812980308227e-03 2.898466397929394311e+00 8.965791462828627545e-02
1.102317638064432792e+01 1.346782902279351204e-03 2.650006013826936346e+00 9.138777903173068984e-02
1.158834671922626214e+01 1.181324312192858026e-03 2.422610327581976808e+00 9.313305367551492908e-02
1.218249396070650370e+01 1.035984362071858166e-03 2.214504280644153056e+00 9.489254032987279319e-02
1.280710378266622662e+01 9.083415287646144599e-04 2.024069590995435153e+00 9.666565895373620265e-02
1.346373803500505772e+01 7.962785984873868008e-04 1.849840602654179378e+00 9.845374967589054505e-02
1.415403864537935341e+01 6.979014644828145271e-04 1.690440042996893988e+00 1.002548749760429486e-01
1.487973172487657614e+01 6.115662632931480455e-04 1.544633350921941872e+00 1.020702273598244059e-01
1.564263188419211659e+01 5.358036353485889046e-04 1.411261216387785566e+00 1.038975700817764830e-01
1.644464677110120832e+01 4.693511394713471905e-04 1.289301381013657988e+00 1.057406031952643627e-01
1.728778184057202338e+01 4.110642164517144554e-04 1.177772139608970647e+00 1.075964027480533769e-01
1.817414536944768244e+01 3.599489638420224334e-04 1.075790823020353448e+00 1.094644701463859532e-01
1.910595372823652127e+01 3.151382871836470520e-04 9.825595641448069406e-01 1.113467624878032997e-01
2.008553692319280515e+01 2.758580399723831243e-04 8.973297286773517234e-01 1.132416639590771851e-01
2.111534442254602695e+01 2.414304976209419003e-04 8.194193755454223238e-01 1.151481322400911694e-01
2.219795128144734164e+01 2.112663664481280739e-04 7.482147689686298175e-01 1.170682977929497215e-01
2.333606458094873304e+01 1.848394599413121517e-04 6.831394588112019717e-01 1.190002308463102149e-01
2.453253019711569394e+01 1.616918185187964910e-04 6.236730524160427613e-01 1.209442792412906142e-01
2.579033991719975205e+01 1.414199233735732365e-04 5.693367087885604638e-01 1.229000487333006264e-01
2.711263892066493852e+01 1.236699520240526885e-04 5.196930569444206949e-01 1.248676165605690086e-01
2.850273364377471097e+01 1.081307505764463967e-04 4.743406651776403415e-01 1.268466551458946601e-01
2.996410004740484823e+01 9.452791696358646683e-05 4.329091092073679703e-01 1.288350594380670011e-01
3.150039230875619012e+01 8.262442795045858571e-05 3.950679911690255230e-01 1.308358054407028070e-01
3.311545195870102276e+01 7.220828641443741158e-05 3.605056383907827566e-01 1.328462677844971518e-01
3.481331748761120082e+01 6.309555316295991409e-05 3.289416368326969486e-01 1.348668591087198165e-01
3.659823444368765877e+01 5.512414515224410891e-05 3.001175122265029582e-01 1.368965587427740382e-01
3.847466604904231957e+01 4.815253910593462637e-05 2.737984159279208685e-01 1.389357559477079618e-01
4.044730436007814234e+01 4.205576516122442975e-05 2.497669872048890460e-01 1.409822855808725295e-01
4.252108200007410943e+01 3.672593949232295235e-05 2.278293409442377071e-01 1.430395366780259914e-01
4.470118449331276622e+01 3.206586672149580120e-05 2.078000363238223236e-01 1.451009767072361234e-01
4.699306323159186860e+01 2.799323152723003682e-05 1.895184852332184866e-01 1.471717862671503008e-01
4.940244910554343960e+01 2.443390689340169889e-05 1.728313199226126917e-01 1.492480315438937388e-01
5.193536683484541783e+01 2.132361043536769882e-05 1.576003908223184702e-01 1.513284588661348851e-01
5.459815003315897997e+01 1.860643871765714426e-05 1.437008971807891000e-01 1.534148142863240027e-01
5.739745704546173499e+01 1.623279197291590428e-05 1.310163190528330079e-01 1.555039543086018106e-01
6.034028759737834946e+01 1.415966572119837828e-05 1.194417652658743279e-01 1.575960714061057644e-01
6.343400029814058882e+01 1.234921644411006791e-05 1.088805598139671316e-01 1.596893529609572926e-01
6.668633104094334385e+01 1.076837710682498538e-05 9.924455821094324559e-02 1.617822931707458833e-01
7.010541234670704114e+01 9.388279888644427180e-06 9.045352996451011540e-02 1.638743310091867744e-01
7.369979369961600923e+01 8.183566447182471894e-06 8.243369045270808326e-02 1.659631573990151543e-01
7.747846292528217305e+01 7.132140343771147469e-06 7.511805038344829266e-02 1.680479149215851620e-01
8.145086866499057976e+01 6.214599487709828976e-06 6.844502253556906946e-02 1.701259506319101611e-01
8.562694400222423496e+01 5.414046362884033466e-06 6.235872321858793033e-02 1.721961998357817714e-01
9.001713130054676526e+01 4.715624244950604396e-06 5.680764113518628478e-02 1.742548828978841835e-01
9.463240831495036787e+01 4.106423857729157952e-06 5.174518908828664582e-02 1.763005679500321554e-01
9.948431564196151555e+01 3.575146448054609287e-06 4.712875207263558103e-02 1.783314519854057034e-01
1.045849855771433994e+02 3.111807445879247105e-06 4.291867548168255830e-02 1.803395564313320099e-01
1.099471724521542768e+02 2.707917418886391837e-06 3.908036324151702157e-02 1.823298898822894309e-01
1.155842845272200918e+02 2.355781396055257700e-06 3.558027566620911714e-02 1.842899337193425469e-01
1.215104175187690743e+02 2.048917226682529410e-06 3.238955285423032043e-02 1.862238119263821545e-01
1.277403898460648861e+02 1.781508310039517773e-06 2.948068719562188522e-02 1.881234016855691527e-01
1.342897796849734675e+02 1.548518201100389853e-06 2.682889368861605603e-02 1.899833132193431973e-01
1.411749639215168770e+02 1.345541396898798200e-06 2.441147774538380069e-02 1.917963680996251363e-01
1.484131591026187778e+02 1.168769281622528547e-06 2.220807234309350037e-02 1.935602953659084358e-01
1.560224644864394463e+02 1.014840706854639800e-06 2.019976605364420807e-02 1.952673079532328271e-01
1.640219072999485945e+02 8.808480505825639792e-07 1.836956320683866967e-02 1.969141066957908748e-01
1.724314903169036768e+02 7.642186768093619096e-07 1.670160028011187861e-02 1.984895520393883950e-01
1.812722418752032070e+02 6.627352506009616094e-07 1.518169381601117314e-02 1.999881430125883264e-01
1.905662684586848457e+02 5.744578398230375821e-07 1.379685830455749593e-02 2.014032663777343968e-01
2.003368099748494728e+02 4.976757278123061363e-07 1.253502731578635086e-02 2.027211127673598234e-01
2.106082978667353416e+02 4.309246480505569839e-07 1.138554052056143205e-02 2.039379404512838556e-01
2.214064162042512862e+02 3.729114228552888107e-07 1.033848161331495617e-02 2.050437577875507400e-01
2.327581659077297047e+02 3.225084835981965283e-07 9.384808581354261298e-03 2.060279689959727545e-01
2.446919322642916654e+02 2.787314511315081428e-07 8.516257140441050449e-03 2.068784178475093216e-01
2.572375559058498879e+02 2.407316368069178021e-07 7.725441236909342396e-03 2.075900585459934666e-01
2.704264074262317763e+02 2.077578150217107156e-07 7.005454626844742280e-03 2.081492853385875641e-01
2.842914658240042627e+02 1.791618140363542174e-07 6.350110701416369387e-03 2.085485517615802975e-01
2.988674009671481713e+02 1.543754564080335227e-07 5.753718749003091867e-03 2.087777217351016457e-01
3.141906602857868620e+02 1.329051297849329147e-07 5.211122766164756094e-03 2.088294841355456954e-01
3.302995599097462787e+02 1.143191618629945101e-07 4.717597443678382685e-03 2.086955918413490596e-01
3.472343804788374655e+02 9.824200930386992661e-08 4.268850176149165815e-03 2.083702211634389789e-01
3.650374678654371792e+02 8.434706316302366455e-08 3.860985834254652711e-03 2.078512086911884493e-01
3.837533390612260860e+02 7.234772344844390692e-08 3.490411180972528751e-03 2.071341138663687631e-01
4.034287934928555046e+02 6.199561533153666405e-08 3.153882973912556283e-03 2.062205344761771642e-01
4.241130300448911044e+02 5.307392763098666822e-08 2.848437089146856234e-03 2.051144861705397060e-01
4.458577700826506316e+02 4.539304825332855945e-08 2.571352534178587054e-03 2.038208579875700477e-01
4.687173867825576963e+02 3.878836996324604445e-08 2.320163789313342637e-03 2.023508249700759487e-01
4.927490410934046849e+02 3.311588484409929459e-08 2.092603718099413004e-03 2.007169209067370674e-01
5.180128246684984106e+02 2.825006002340935769e-08 1.886598258121762210e-03 1.989349868480300432e-01
5.445719101260938260e+02 2.408172084200031780e-08 1.700256451485613902e-03 1.970259746779175758e-01
5.724927090138447738e+02 2.051522042933234020e-08 1.531826919486569804e-03 1.950097506023547866e-01
6.018450378722650385e+02 1.746758716886094672e-08 1.379713754910668558e-03 1.929111058897740594e-01
6.327022928124463306e+02 1.486652350052807411e-08 1.242447870701059902e-03 1.907558675441324847e-01
6.651416330445650829e+02 1.264886378857253051e-08 1.118665267078572390e-03 1.885663400980081561e-01
6.992441738160994191e+02 1.075997683607250042e-08 1.007119477593226798e-03 1.863666354247882073e-01
7.350951892421985576e+02 9.152411228172407029e-09 9.066590910771858127e-04 1.841774797461697977e-01
7.727843255353874383e+02 7.784997084506452804e-09 8.162184660726765030e-04 1.820135109958535835e-01
8.124058251677936369e+02 6.622327279075049228e-09 7.348241818414067567e-04 1.798870853922991953e-01
8.540587625264155349e+02 5.633907760001369384e-09 6.615823598002514103e-04 1.778047053599541849e-01
8.978472916506958654e+02 4.793650403923293666e-09 5.956801944813502024e-04 1.757697147669445015e-01
9.438809066718714575e+02 4.079187969899441005e-09 5.363740663160821267e-04 1.737783143402625574e-01
9.922747156053346771e+02 3.471621374611848471e-09 4.830009891835907549e-04 1.718297617715828229e-01
1.043149728180628472e+03 2.954846028927745089e-09 4.349608834251258277e-04 1.699202202088295754e-01
1.096633158428801380e+03 2.515204541142086741e-09 3.917151416374658069e-04 1.680458096141525526e-01
1.152858742783748994e+03 2.141245567111050347e-09 3.527913063554141584e-04 1.662130152620352186e-01
1.211967074492957408e+03 1.823072550545545858e-09 3.177514514283298988e-04 1.644169832981297319e-01
1.274105955173854682e+03 1.552514191266451671e-09 2.862228403854304463e-04 1.626756214348098750e-01
1.339430764394840480e+03 1.322410212761944372e-09 2.578520129059991696e-04 1.609893928946232178e-01
1.408104848205140797e+03 1.126696308388026766e-09 2.323227797215642000e-04 1.593610239936817385e-01
1.480299927585014302e+03 9.602426117322003990e-10 2.093532839646012765e-04 1.577975975877405901e-01
1.556196527837648091e+03 8.185817241272985133e-10 1.886779911127274480e-04 1.562879984042825354e-01
1.635984429996447261e+03 6.980051961961215193e-10 1.700671681616152038e-04 1.548340282813522040e-01
1.719863145376471039e+03 5.953256895019119347e-10 1.533096157301390948e-04 1.534286815727968489e-01
1.808042414456641382e+03 5.079009241312287038e-10 1.382237005133684846e-04 1.520810508665921545e-01
1.900742731340188357e+03 4.334315718817613806e-10 1.246390747846472897e-04 1.507859293052769833e-01
1.998195895104759757e+03 3.699956756732861731e-10 1.124069593399256627e-04 1.495481671145166280e-01
2.100645589420852957e+03 3.158628251351428081e-10 1.013783140714008757e-04 1.483293638326733943e-01
2.208347991887921125e+03 2.696499739376751900e-10 9.143172828721077034e-05 1.471204936811959241e-01
2.321572414611807289e+03 2.301983730230947551e-10 8.246103729539720751e-05 1.459214757060181833e-01
2.440601977625289692e+03 1.965188060975983483e-10 7.437049259829073831e-05 1.447322296128471519e-01
2.565734316835632853e+03 1.677667858501802708e-10 6.707373992275917122e-05 1.435526757617760774e-01
2.697282328269386653e+03 1.432213791311238682e-10 6.049289751953724993e-05 1.423827351619557924e-01
2.835574950475434889e+03 1.222671301489859743e-10 5.455772489387531268e-05 1.412223294663076112e-01
2.980957987042702825e+03 1.043786284251780617e-10 4.920487309496877833e-05 1.400713809662740006e-01
3.133794971289250043e+03 8.910733456036726539e-11 4.437720856215199712e-05 1.389298125866166855e-01
3.294468075284922634e+03 7.607033347966391070e-11 4.002320331093592342e-05 1.377975478802468401e-01
3.463379065480592999e+03 6.494073315352816028e-11 3.609638495005841683e-05 1.366745110231082638e-01
3.640950307333554974e+03 5.543946805025375657e-11 3.255484065931383566e-05 1.355606268091254785e-01
3.827625821441170956e+03 4.732830179832919373e-11 2.936076983386581369e-05 1.344558206451162419e-01
4.023872393823642142e+03 4.040385360630682465e-11 2.648008062022759644e-05 1.333600185458620468e-01
4.230180743132199495e+03 3.449249865748020228e-11 2.388202603750971955e-05 1.322731471290650718e-01
4.447066747701334862e+03 2.944601461110715416e-11 2.153887580012233107e-05 1.311951336105391941e-01
4.675072735513344924e+03 2.513786504966495002e-11 1.942562033909654584e-05 1.301259057992438795e-01
4.914768840300775992e+03 2.146002668275538318e-11 1.751970386293690482e-05 1.290653920925111942e-01
5.166754427177720572e+03 1.832028075235305419e-11 1.580078360881313662e-05 1.280135214712360414e-01
5.431659591364801599e+03 1.563990072364186359e-11 1.425051271446955138e-05 1.269702234950681463e-01
5.710146733755425885e+03 1.335167828222048191e-11 1.285234439334950968e-05 1.259354282977834805e-01
6.002912217263044113e+03 1.139823814114515095e-11 1.159135532278429917e-05 1.249090665825598190e-01
6.310688108091153481e+03 9.730599403016338554e-12 1.045408636019410360e-05 1.238910696172948189e-01
6.634244006280128815e+03 8.306947404459122649e-12 9.428398887193385351e-06 1.228813692301036486e-01
6.974388970108182548e+03 7.091585247980888235e-12 8.503345248276088900e-06 1.218798978046393283e-01
7.331973539158482708e+03 6.054038731771027855e-12 7.669051901229395038e-06 1.208865882756639393e-01
7.707891861111141225e+03 5.168292234267829786e-12 6.916614032068987506e-06 1.199013741245136544e-01
8.103083927578147268e+03 4.412136393943420472e-12 6.238000509677334423e-06 1.189241893746045414e-01
8.518537924572025076e+03 3.766611227919051459e-12 5.625968165682742899e-06 1.179549685870972531e-01
8.955292703485578386e+03 3.215530726058465387e-12 5.073984484639429490e-06 1.169936468564586884e-01
9.414440378761499232e+03 2.745077000139368762e-12 4.576157879350314727e-06 1.160401598061432393e-01
9.897129058747319505e+03 2.343453811722739672e-12 4.127174807123383734e-06 1.150944435842275876e-01
1.040456571656430970e+04 2.000590791223341997e-12 3.722243055777661930e-06 1.141564348592150890e-01
1.093801920816896018e+04 1.707890931712192053e-12 3.357040594057595574e-06 1.132260708157423607e-01
1.149882344515380282e+04 1.458015026072088715e-12 3.027669440516078896e-06 1.123032891503980141e-01
1.208838073022117533e+04 1.244697642443024330e-12 2.730614058483939696e-06 1.113880280675106638e-01
1.270816526367042752e+04 1.062590023695991399e-12 2.462703833057402130e-06 1.104802262750396447e-01
1.335972682966652428e+04 9.071259717677174313e-13 2.221079229601039481e-06 1.095798229804797463e-01
1.404469467150771925e+04 7.744073540175008359e-13 2.003161272560135537e-06 1.086867578868295076e-01
1.476478156558243427e+04 6.611063607710443074e-13 1.806624018813167595e-06 1.078009711883907151e-01
1.552178810420236550e+04 5.643820632442715520e-13 1.629369731764649055e-06 1.069224035669617268e-01
1.631760719802116000e+04 4.818091796006372760e-13 1.469506491192817320e-06 1.060509961877538626e-01
1.715422880929701932e+04 4.113172630134045038e-13 1.325327999875959616e-06 1.051866906955010728e-01
1.803374492783486858e+04 3.511387869218120236e-13 1.195295371461097479e-06 1.043294292104312293e-01
1.895835480205053682e+04 2.997648257640964137e-13 1.078020705191745526e-06 1.034791543246536966e-01
1.993037043823734348e+04 2.559072199145777869e-13 9.722522721737714267e-07 1.026358090979568871e-01
2.095222238178608313e+04 2.184662761466703874e-13 8.768611550732153434e-07 1.017993370543739812e-01
2.202646579481454319e+04 1.865031937329236366e-13 7.908291986370616825e-07 1.009696821780496356e-01
2.315578684540369068e+04 1.592165247932179891e-13 7.132381424340644520e-07 1.001467889097675812e-01
2.434300942441707230e+04 1.359220786509400819e-13 6.432598198187455237e-07 9.933060214300017121e-02
2.559110220669883711e+04 1.160357663175656593e-13 5.801473185116306399e-07 9.852106722049040755e-02
2.690318607430719567e+04 9.905895494343570855e-14 5.232270084443241092e-07 9.771812993027506611e-02
2.828254192034512744e+04 8.456596501142913072e-14 4.718913517827600371e-07 9.692173650230366533e-02
2.973261885290210193e+04 7.219339677465631008e-14 4.255924183834554394e-07 9.613183360472381256e-02
3.125704281962085952e+04 6.163101830811704548e-14 3.838360374717414461e-07 9.534836834033290354e-02
3.285962567445517197e+04 5.261398669952722722e-14 3.461765231195091825e-07 9.457128824303481784e-02
3.454437470929026313e+04 4.491620733214561243e-14 3.122119172250687046e-07 9.380054127434848954e-02
3.631550267425979837e+04 3.834466474904021985e-14 2.815796992209396810e-07 9.303607581983812380e-02
3.817743831181556016e+04 3.273458295006164453e-14 2.539529167177753595e-07 9.227784068578434584e-02
4.013483743089039490e+04 2.794529376974906676e-14 2.290366957841732229e-07 9.152578509567066423e-02
4.219259454884566367e+04 2.385670973932800207e-14 2.065650936154817643e-07 9.077985868680372994e-02
4.435585513031406299e+04 2.036631299266016407e-14 1.862982599983930017e-07 9.004001150694132538e-02
4.663002845354139572e+04 1.738658471546135361e-14 1.680198772743062951e-07 8.930619401094755383e-02
4.902080113639969204e+04 1.484281068335039813e-14 1.515348514769620842e-07 8.857835705747561794e-02
5.153415135589398415e+04 1.267120786440982224e-14 1.366672300007473239e-07 8.785645190567471785e-02
5.417636379671867326e+04 1.081732511236712258e-14 1.232583235739595419e-07 8.714043021194620153e-02
5.695404536624281900e+04 9.234677849087473316e-15 1.111650124918741041e-07 8.643024402664956085e-02
5.987414171521994285e+04 7.883582502194578446e-15 1.002582190313668448e-07 8.572584579092941415e-02
6.294395460553275188e+04 6.730161472286813318e-15 9.042152974233943613e-08 8.502718833356903705e-02
6.617116016840114025e+04 5.745493680118721528e-15 8.154995291096094271e-08 8.433422486777117366e-02
6.956382809870861820e+04 4.904889394439388132e-15 7.354879793264472171e-08 8.364690898804950925e-02
7.313044183344273188e+04 4.187271157382400647e-15 6.633266463370251263e-08 8.296519466711738122e-02
7.687991976470644295e+04 3.574645284626349600e-15 5.982453175423404322e-08 8.228903625280493961e-02
8.082163754034375597e+04 3.051650688628792973e-15 5.395493486319169010e-08 8.161838846500378553e-02
8.496545150794286747e+04 2.605173712049603229e-15 4.866122493111791459e-08 8.095320639265186913e-02
8.932172336083906703e+04 2.224019313626231000e-15 4.388689964690729059e-08 8.029344549063625880e-02
9.390134604774527543e+04 1.898630361771317529e-15 3.958100034154071982e-08 7.963906157702696498e-02
9.871577101079767453e+04 1.620847997384985525e-15 3.569756808161171814e-08 7.899001082975472265e-02
1.037770368201258680e+05 1.383707057216311708e-15 3.219515312765311004e-08 7.834624978413233520e-02
1.090977992765488161e+05 1.181261428141379148e-15 2.903637252105127082e-08 7.770773532959530938e-02
1.146913630576689611e+05 1.008434953292169186e-15 2.618751107777473291e-08 7.707442470685660352e-02
1.205717149864963576e+05 8.608941516201500185e-16 2.361816153003899147e-08 7.644627550521879145e-02
1.267535590057915979e+05 7.349395594373563458e-16 2.130089997489039435e-08 7.582324565959328022e-02
1.332523529455816897e+05 6.274129694219390292e-16 1.921099316571303299e-08 7.520529344771847979e-02
1.400843471757866791e+05 5.356182411791989799e-16 1.732613452239695795e-08 7.459237748736258222e-02
1.472666252406089625e+05 4.572536977490583858e-16 1.562620604248461160e-08 7.398445673355660834e-02
1.548171465762921434e+05 3.903544129581580058e-16 1.409306357205878152e-08 7.338149047584470452e-02
1.627547914190663723e+05 3.332429425196964567e-16 1.271034314446489647e-08 7.278343833555731002e-02
1.710994080155731353e+05 2.844872635041544213e-16 1.146328631983046578e-08 7.219026026313947464e-02
1.798718622538203781e+05 2.428648675470786541e-16 1.033858266113039933e-08 7.160191653533629075e-02
1.890940898387710622e+05 2.073321074627718038e-16 9.324227665507932745e-09 7.101836775270234381e-02
1.987891511430313694e+05 1.769980286532842495e-16 8.409394634441824851e-09 7.043957483695743871e-02
2.089812888697938761e+05 1.511020291576804163e-16 7.584319115179255016e-09 6.986549902823954716e-02
2.196959886722229712e+05 1.289947881864990069e-16 6.840194680039339774e-09 6.929610188251326963e-02
2.309600428808625729e+05 1.101219849398285894e-16 6.169078931185328674e-09 6.873134526915328224e-02
2.428016174984180834e+05 9.401039947094200310e-17 5.563808727585393586e-09 6.817119136823387993e-02
2.552503226294341730e+05 8.025604708744806221e-17 5.017923729372934072e-09 6.761560266818045228e-02
2.683372865209793090e+05 6.851404876851558971e-17 4.525597443520634063e-09 6.706454196294889258e-02
2.820952333994774381e+05 5.848998360883256971e-17 4.081575034891953867e-09 6.651797234984498097e-02
2.965585652983192704e+05 4.993250645747302840e-17 3.681117238853084624e-09 6.597585722689769394e-02
3.117634480808650260e+05 4.262704564598639716e-17 3.319949776825099397e-09 6.543816029046593818e-02
3.277479018739408348e+05 3.639042278103455318e-17 2.994217734850693039e-09 6.490484553269197654e-02
3.445518961379595567e+05 3.106625969766512029e-17 2.700444418249018781e-09 6.437587723926845029e-02
3.622174496113909991e+05 2.652105740594263337e-17 2.435494243178096673e-09 6.385121998689778644e-02
3.807887353794944938e+05 2.264084871416957504e-17 2.196539269044628521e-09 6.333083864109258221e-02
4.003121913300411543e+05 1.932834059560610689e-17 1.981029014528940896e-09 6.281469835353598041e-02
4.208366362722213962e+05 1.650047464633913084e-17 1.786663235077256134e-09 6.230276456003750601e-02
4.424133920090965694e+05 1.408634446436910287e-17 1.611367371282570484e-09 6.179500297804457060e-02
4.650964116688389913e+05 1.202541773021456670e-17 1.453270406117137126e-09 6.129137960451544465e-02
4.889424146156553179e+05 1.026601840895496999e-17 1.310684894664549782e-09 6.079186071336245556e-02
5.140110282777408138e+05 8.764031016419510364e-18 1.182088953212576224e-09 6.029641285347360491e-02
5.403649372469085502e+05 7.481794459842770725e-18 1.066110015454806149e-09 5.980500284633369357e-02
5.680700400227193022e+05 6.387157717089360530e-18 9.615101824309600506e-10 5.931759778382836995e-02
5.971956137930564582e+05 5.452673676342847397e-18 8.671730098363562567e-10 5.883416502606678838e-02
6.278144876631795196e+05 4.654910922444537363e-18 7.820915916741201765e-10 5.835467219906539244e-02
6.600032247664229944e+05 3.973866213544681454e-18 7.053578130653826614e-10 5.787908719284494408e-02
6.938423137119094608e+05 3.392462916316976710e-18 6.361526575006174073e-10 5.740737815901227753e-02
7.294163698479967425e+05 2.896122823502225400e-18 5.737374650838061184e-10 5.693951350878803663e-02
7.668143468447235646e+05 2.472400617399425247e-18 5.174460484595199238e-10 5.647546191076192185e-02
8.061297591243179049e+05 2.110671813816572504e-18 4.666775822758260098e-10 5.601519228894811381e-02
8.474609156959623797e+05 1.801866361902800529e-18 4.208901902858922829e-10 5.555867382060162424e-02
8.909111659795242595e+05 1.538241220119401173e-18 3.795951616424386161e-10 5.510587593417948238e-02
9.365891582329371013e+05 1.313186205871399685e-18 3.423517346519133370e-10 5.465676830729507274e-02
9.846091112294379855e+05 1.121058250640984648e-18 3.087623923130389158e-10 5.421132086468513633e-02
1.035091099863994634e+06 9.570399047073911769e-19 2.784686194267488692e-10 5.376950377619735266e-02
1.088161355403086869e+06 8.170185435758007675e-19 2.511470759911093581e-10 5.333128745479190358e-02
1.143952581128624268e+06 6.974832473164349628e-19 2.265061460380309597e-10 5.289664255456127950e-02
1.202604284165272489e+06 5.954367671484124273e-19 2.042828250758452892e-10 5.246553996876430342e-02
1.264263124320930336e+06 5.083203719032193326e-19 1.842399129159240668e-10 5.203795082787659315e-02
1.329083280812643003e+06 4.339496899551372331e-19 1.661634819210684144e-10 5.161384649767998545e-02
1.397226837794951163e+06 3.704599379068904808e-19 1.498605936528347336e-10 5.119319857725392053e-02
1.468864189654704416e+06 3.162591626881111989e-19 1.351572395470637991e-10 5.077597889721263691e-02
1.544174467085782439e+06 2.699883246466568909e-19 1.218964836366564181e-10 5.036215951772435306e-02
1.623345985009134281e+06 2.304872207525397552e-19 1.099367874985905172e-10 4.995171272666318329e-02
1.706576713458170416e+06 1.967653934656459229e-19 9.915049954628670927e-11 4.954461103775620323e-02
1.794074772606963990e+06 1.679772958313301145e-19 8.942249254285550457e-11 4.914082718874062533e-02
1.886058953179090517e+06 1.434010900892764662e-19 8.064893479276817285e-11 4.874033413955996402e-02
1.982759263538399944e+06 1.224205481877904810e-19 7.273618189616073999e-11 4.834310507044313476e-02
2.084417504829733167e+06 1.045096003753013130e-19 6.559977723733298648e-11 4.794911338035292431e-02
2.191287875607731752e+06 8.921914443513734554e-20 5.916355053842740899e-11 4.755833268487182769e-02
2.303637607465630397e+06 7.616578481938520000e-20 5.335880485768788483e-11 4.717073681478690245e-02
2.421747633253435604e+06 6.502221932160677669e-20 4.812358335374507953e-11 4.678629981398915033e-02
2.545913289556382690e+06 5.550903224507908104e-20 4.340200799066873951e-11 4.640499593808129070e-02
2.676445055190230254e+06 4.738768828455706674e-20 3.914368312464039541e-11 4.602679965230989378e-02
2.813669327560023405e+06 4.045455145104719558e-20 3.530315760718667827e-11 4.565168563019582348e-02
2.957929238823618274e+06 3.453577906728178925e-20 3.183943966307664111e-11 4.527962875152181238e-02
3.109585513900805730e+06 2.948296280648106160e-20 2.871555936549790016e-11 4.491060410088183047e-02
