# [1] k:    [h/Mpc] 
# [2] P:    [Mpc^3/h^3] 
# [3] T:    [Mpc^3/h^3] 
# [4] Delta_k 
3.059023205018257859e-07 1.030081867099784665e+00 3.700445245695901394e+04 1.493792640632421901e-21
3.215862678579245412e-07 1.080077412816566440e+00 3.698677660744016612e+04 1.819774728207002540e-21
3.380743483904743061e-07 1.132499517698782432e+00 3.696910920117946807e+04 2.216894079777269247e-21
3.554077908890640533e-07 1.187465956021983571e+00 3.695145023407656117e+04 2.700674586130674031e-21
3.736299379885273404e-07 1.245100218295297934e+00 3.693379970203314588e+04 3.290027830683906438e-21
3.927863545481053003e-07 1.305531788715923236e+00 3.691615760115442390e+04 4.007992366907950335e-21
4.129249415873286729e-07 1.368896436048624876e+00 3.689852392734591558e+04 4.882634324054677932e-21
4.340960560635169786e-07 1.435336518668536065e+00 3.688089867658228468e+04 5.948144547198495417e-21
4.563526367904018199e-07 1.505001304386720085e+00 3.686328184484010853e+04 7.246175160007997047e-21
4.797503368127355169e-07 1.578047305803131239e+00 3.684567342809787806e+04 8.827467798214000456e-21
5.043476625678916271e-07 1.654638631936127480e+00 3.682807342233602685e+04 1.075383716344204180e-20
5.302061201824328858e-07 1.734947356912160954e+00 3.681048182346993417e+04 1.310058743695501612e-20
5.573903692694645323e-07 1.819153906581595592e+00 3.679289862761781114e+04 1.595945601420980127e-20
5.859683846113473662e-07 1.907447463836004609e+00 3.677532383069884963e+04 1.944219963381264845e-20
6.160116261320592563e-07 2.000026393653557388e+00 3.675775742863427877e+04 2.368496308790777200e-20
6.475952175842278093e-07 2.097098688779056364e+00 3.674019941754786851e+04 2.885360129221067027e-20
6.807981343976415384e-07 2.198882436968791154e+00 3.672264979336466058e+04 3.515016276106915376e-20
7.157034011589609116e-07 2.305606310977772022e+00 3.670510855201172672e+04 4.282078793605199374e-20
7.523982992164306405e-07 2.417510082334300314e+00 3.668757568961838115e+04 5.216533112335497236e-20
7.909745849287134463e-07 2.534845159974208784e+00 3.667005120211550820e+04 6.354908217179712100e-20
8.315287191035797356e-07 2.657875155101903974e+00 3.665253508550268452e+04 7.741704610918837267e-20
8.741621082001717898e-07 2.786876473415105249e+00 3.663502733571475983e+04 9.431133894346452210e-20
9.189813578979717484e-07 2.922138936143265475e+00 3.661752794895505940e+04 1.148923796553633280e-19
9.660985396665287929e-07 3.063966431073876784e+00 3.660003692102897185e+04 1.399647067966779198e-19
1.015631471002508262e-06 3.212677595372614547e+00 3.658255424794381543e+04 1.705084289086216873e-19
1.067704010034801725e-06 3.368606531445999863e+00 3.656507992584182648e+04 2.077175381878648976e-19
1.122446365234364056e-06 3.532103557495172463e+00 3.654761395066748082e+04 2.530465851277656176e-19
1.179995421003214005e-06 3.703535994591007352e+00 3.653015631836724788e+04 3.082675387124869784e-19
1.240495079956737545e-06 3.883288991959247483e+00 3.651270702508891554e+04 3.755390548986071836e-19
1.304096622755184042e-06 4.071766392198179041e+00 3.649526606678274402e+04 4.574908611628863936e-19
1.370959086384113674e-06 4.269391638624794538e+00 3.647783343946737295e+04 5.573265558333655198e-19
1.441249661829700436e-06 4.476608726575954655e+00 3.646040913909704977e+04 6.789488407405850988e-19
1.515144112143284134e-06 4.693883200976117998e+00 3.644299316182688926e+04 8.271120827095251583e-19
1.592827211940548929e-06 4.921703202159895874e+00 3.642558550361488597e+04 1.007608167675592156e-18
1.674493209434307728e-06 5.160580562598063636e+00 3.640818616042107897e+04 1.227492912734318257e-18
1.760346312156213177e-06 5.411051956866157475e+00 3.639079512840608368e+04 1.495361886847635657e-18
1.850601197581954108e-06 5.673680107276750206e+00 3.637341240359986114e+04 1.821686422338371966e-18
1.945483549936765273e-06 5.949055048090313491e+00 3.635603798183587060e+04 2.219222952313976546e-18
2.045230624523543909e-06 6.237795451306236139e+00 3.633867185934642475e+04 2.703511675611671520e-18
2.150091840984688092e-06 6.540550016397530975e+00 3.632131403210110147e+04 3.293484042487747479e-18
2.260329406981118614e-06 6.857998927791700616e+00 3.630396449607148679e+04 4.012202808640719495e-18
2.376218973848010330e-06 7.190855383087167318e+00 3.628662324742920464e+04 4.887763587147489900e-18
2.498050325866710336e-06 7.539867195187192728e+00 3.626929028208362433e+04 5.954393140921883330e-18
2.626128104876382668e-06 7.905818472580686596e+00 3.625196559621002962e+04 7.253787349702412973e-18
2.760772572037287162e-06 8.289531380807547478e+00 3.623464918585350824e+04 8.836741153901726064e-18
2.902320408650496801e-06 8.691867989534310723e+00 3.621734104686341743e+04 1.076513419209846973e-17
3.051125558036519890e-06 9.113732209584640032e+00 3.620004117545353074e+04 1.311434975357721263e-17
3.207560110577962700e-06 9.556071823494509232e+00 3.618274956770756398e+04 1.597622160493020164e-17
3.372015234139298021e-06 1.001988061481733183e+01 3.616546621954659349e+04 1.946262388642561912e-17
3.544902152190277809e-06 1.050620060101862130e+01 3.614819112712397327e+04 2.370984441203919010e-17
3.726653172078803499e-06 1.101612437431776215e+01 3.613092428643043968e+04 2.888391232973292023e-17
3.917722766024474580e-06 1.155079755650882944e+01 3.611366569355729735e+04 3.518708840822538289e-17
4.118588707535861475e-06 1.211142137272355335e+01 3.609641534459764080e+04 4.286577166265684130e-17
4.329753266093139866e-06 1.269925535009838136e+01 3.607917323554796167e+04 5.222013139916860720e-17
4.551744463083409039e-06 1.331562014767254709e+01 3.606193936257073801e+04 6.361584120814865676e-17
4.785117392129195949e-06 1.396190052317393793e+01 3.604471372160067403e+04 7.749837359984357979e-17
5.030455607111644826e-06 1.463954844439422232e+01 3.602749630877119489e+04 9.441041408176197581e-17
5.288372581359179674e-06 1.535008635109763020e+01 3.601028712018473016e+04 1.150130754114814669e-16
5.559513241650373021e-06 1.609511057535048195e+01 3.599308615184731752e+04 1.401117413183587219e-16
5.844555580866815540e-06 1.687629492808918030e+01 3.597589339986515552e+04 1.706875499592364421e-16
6.144212353328471540e-06 1.769539445951676271e+01 3.595870886034626164e+04 2.079357478324538757e-16
6.459232857050738118e-06 1.855424940199120698e+01 3.594153252930239250e+04 2.533124134530538498e-16
6.790404807379771878e-06 1.945478930464852496e+01 3.592436440291067265e+04 3.085913772813473797e-16
7.138556306691162195e-06 2.039903736802583722e+01 3.590720447712131136e+04 3.759335629625631132e-16
7.504557915077204533e-06 2.138911498993660132e+01 3.589005274808247486e+04 4.579714605339712281e-16
7.889324827200587103e-06 2.242724653128265189e+01 3.587290921191147936e+04 5.579120337411540652e-16
8.293819160757753291e-06 2.351576431332767569e+01 3.585577386462958384e+04 6.796620842480009904e-16
8.719052362274285227e-06 2.465711385789786192e+01 3.583864670239045518e+04 8.279809733939105720e-16
9.166087736248057605e-06 2.585385938128590766e+01 3.582152772121915768e+04 1.008666671555772828e-15
9.636043103964330830e-06 2.710868955550603232e+01 3.580441691727301077e+04 1.228782408053251800e-15
1.013009359863121538e-05 2.842442354849124442e+01 3.578731428661344398e+04 1.496932781582095790e-15
1.064947460382478790e-05 2.980401735791205553e+01 3.577021982530380774e+04 1.823600124712987029e-15
1.119548484259151579e-05 3.125057045244769682e+01 3.575313352950691478e+04 2.221554271357851681e-15
1.176948962493235138e-05 3.276733273483908704e+01 3.573605539525733911e+04 2.706351745482651103e-15
1.237292426178888029e-05 3.435771184367471420e+01 3.571898541868908069e+04 3.296943885057612461e-15
1.300729765406831334e-05 3.602528080901895891e+01 3.570192359593794390e+04 4.016417673490563092e-15
1.367419606568169201e-05 3.777378607963367330e+01 3.568486992307662877e+04 4.892898238589696375e-15
1.437528709002991615e-05 3.960715594013389307e+01 3.566782439621218509e+04 5.960648298907652319e-15
1.511232381985586521e-05 4.152950933634473785e+01 3.565078701142111095e+04 7.261407536128699268e-15
1.588714923088939049e-05 4.354516512936258721e+01 3.563375776484663947e+04 8.846024251323337187e-15
1.670170079024660794e-05 4.565865179840798760e+01 3.561673665263378643e+04 1.077644308845146671e-14
1.755801530110687162e-05 4.787471761448775709e+01 3.559972367083224526e+04 1.312812652769402195e-14
1.845823399578163895e-05 5.019834130868992617e+01 3.558271881562313501e+04 1.599300480806611387e-14
1.940460788991057802e-05 5.263474325707927903e+01 3.556572208309225971e+04 1.948306959498464536e-14
2.039950341117315543e-05 5.518939720930620751e+01 3.554873346932734421e+04 2.373475187419941093e-14
2.144540831659045798e-05 5.786804258653703670e+01 3.553175297051497910e+04 2.891425520934598606e-14
2.254493791321357228e-05 6.067669737524335005e+01 3.551478058271427290e+04 3.522405284625983493e-14
2.370084159775344190e-05 6.362167164835287281e+01 3.549781630211545416e+04 4.291080264510216080e-14
2.491600973150475266e-05 6.670958174093017590e+01 3.548086012478140037e+04 5.227498924329734273e-14
2.619348086775470484e-05 6.994736511556368441e+01 3.546391204687373101e+04 6.368267037528277765e-14
2.753644934974891994e-05 7.334229594812380526e+01 3.544697206455584092e+04 7.757978652581523312e-14
2.894827329821342076e-05 7.690200147003535847e+01 3.543004017392846436e+04 9.450959329945176067e-14
3.043248300840562692e-05 8.063447910439468558e+01 3.541311637112647441e+04 1.151338979600779358e-13
3.199278977769132648e-05 8.454811443297592177e+01 3.539620065222217818e+04 1.402589303017380375e-13
3.363309518572123809e-05 8.865170003693867784e+01 3.537929301348292211e+04 1.708668591788730862e-13
3.535750085041236633e-05 9.295445524890459410e+01 3.536239345098469494e+04 2.081541867091428557e-13
3.717031868412924126e-05 9.746604686669834905e+01 3.534550196085364587e+04 2.535785210351834977e-13
3.907608167571078754e-05 1.021966108712512238e+02 3.532861853924995376e+04 3.089155560451966840e-13
4.107955522530357004e-05 1.071567751983842811e+02 3.531174318231953657e+04 3.763284854614053107e-13
4.318574906034433776e-05 1.123576836161717551e+02 3.529487588621016039e+04 4.584525647810193988e-13
4.539992976248807967e-05 1.178110207611217533e+02 3.527801664707141754e+04 5.584981267006689216e-13
4.772763393680535859e-05 1.235290383895007409e+02 3.526116546105475572e+04 6.803760770258606710e-13
5.017468205617894183e-05 1.295245829027774391e+02 3.524432232431345619e+04 8.288507768571334556e-13
5.274719301551768723e-05 1.358111242090300266e+02 3.522748723300264101e+04 1.009726287408193713e-12
5.545159943218107865e-05 1.424027859852837707e+02 3.521066018329525832e+04 1.230073257999489106e-12
5.829466373087315435e-05 1.493143774078652086e+02 3.519384117130208324e+04 1.498505326553941550e-12
6.128349505322671351e-05 1.565614264247799383e+02 3.517703019323175977e+04 1.825515837458785262e-12
6.442556703436033705e-05 1.641602146404758003e+02 3.516022724524672958e+04 2.223888039476995800e-12
6.772873649085907528e-05 1.721278138950141567e+02 3.514343232347929734e+04 2.709194798884324432e-12
7.120126306690828879e-05 1.804821246193204161e+02 3.512664542411158618e+04 3.300407362246551700e-12
7.485182988770643921e-05 1.892419160504872480e+02 3.510986654329558223e+04 4.020636966100430424e-12
7.868956527180084881e-05 1.984268684007452919e+02 3.509309567724896624e+04 4.898038284037418139e-12
8.272406555663884206e-05 2.080576170703469359e+02 3.507633282209546451e+04 5.966910027975727810e-12
8.696541909440986997e-05 2.181557990098702930e+02 3.505957797402447613e+04 7.269035727627912668e-12
9.142423147818073699e-05 2.287441013300832253e+02 3.504283112921128486e+04 8.855317100776971615e-12
9.611165206140254191e-05 2.398463122721749983e+02 3.502609228383297159e+04 1.078776386491940017e-11
1.010394018371016720e-04 2.514873746516852009e+02 3.500936143406847987e+04 1.314191777446916061e-11
1.062198027464676133e-04 2.636934418963529083e+02 3.499263857609854313e+04 1.600980564216297496e-11
1.116658084901241013e-04 2.764919368037918161e+02 3.497592370610574289e+04 1.950353678195849299e-11
1.173910369191279803e-04 2.899116131511339631e+02 3.495921682028242503e+04 2.375968550196506765e-11
1.234098040866900780e-04 3.039826202942707027e+02 3.494251791479891108e+04 2.894462996446065313e-11
1.297371600457651012e-04 3.187365709037631518e+02 3.492582698585119215e+04 3.526105611584198394e-11
1.363889264820232711e-04 3.342066119870365242e+02 3.490914402962913300e+04 4.295588093305011430e-11
1.433817362763056455e-04 3.504274993583263154e+02 3.489246904232441011e+04 5.232990471619393628e-11
1.507330750954898936e-04 3.674356757229345476e+02 3.487580202013053349e+04 6.374956974748026408e-11
1.584613251157653230e-04 3.852693525515209672e+02 3.485914295925074111e+04 7.766128497713524649e-11
1.665858109876483387e-04 4.039685959273219282e+02 3.484249185586631938e+04 9.460887670595613780e-11
1.751268481576742783e-04 4.235754165617663034e+02 3.482584870618415880e+04 1.152548474339316494e-10
1.841057936675958640e-04 4.441338641772852611e+02 3.480921350640501623e+04 1.404062739092068893e-10
1.935450995581117185e-04 4.656901264719234064e+02 3.479258625273147481e+04 1.710463567648887005e-10
2.034683690106629794e-04 4.882926328870723296e+02 3.477596694136795122e+04 2.083728550581765175e-10
2.139004153676812446e-04 5.119921634118489919e+02 3.475935556852853915e+04 2.538449081660188602e-10
2.248673241788693637e-04 5.368419626670712432e+02 3.474275213040150993e+04 3.092400753628899584e-10
2.363965184286629729e-04 5.628978595294147453e+02 3.472615662321646232e+04 3.767238228310102666e-10
2.485168271079757005e-04 5.902183925574095156e+02 3.470956904317317822e+04 4.589341744333606251e-10
2.612585573016925852e-04 6.188649415087153329e+02 3.469298938648907642e+04 5.590848353577798383e-10
2.746535699721688829e-04 6.489018652385250334e+02 3.467641764937940752e+04 6.810908198609764835e-10
2.887353596282311993e-04 6.803966462916941964e+02 3.465985382806124835e+04 8.297214940591967685e-10
3.035391380788964293e-04 7.134200425127813787e+02 3.464329791875741648e+04 1.010787016398936973e-09
3.191019224812350285e-04 7.480462460137121070e+02 3.462674991768071777e+04 1.231365463996925655e-09
3.354626279025451924e-04 7.843530498586769681e+02 3.461020982105758594e+04 1.500079523504620932e-09
3.526621646282911485e-04 8.224220228375670558e+02 3.459367762511328328e+04 1.827433562684032657e-09
3.707435404591257876e-04 8.623386927227741126e+02 3.457715332607342862e+04 2.226224259245972908e-09
3.897519682527942697e-04 9.041927384204859663e+02 3.456063692016518326e+04 2.712040838943572995e-09
4.097349789798286580e-04 9.480642813294625739e+02 3.454387498850384145e+04 3.303826003700407072e-09
4.307425405757319271e-04 9.940729828194357651e+02 3.452726890535917482e+04 4.024777025757776142e-09
4.528271828868440083e-04 1.042335095000021056e+03 3.451101266146571288e+04 4.903148959940617830e-09
4.760441290223192071e-04 1.092946012050064837e+03 3.449485379553480743e+04 5.973248861942717746e-09
5.004514334406633081e-04 1.146013893691480689e+03 3.447869550325188902e+04 7.276892418822552766e-09
5.261101271161193775e-04 1.201652433759963742e+03 3.446245806656236527e+04 8.865007640192233888e-09
5.530843701478924991e-04 1.259972144083403919e+03 3.444595407416619855e+04 1.079954254748564029e-08
5.814416121938181326e-04 1.321088862462912857e+03 3.442902253066197591e+04 1.315590169488412175e-08
6.112527611296385451e-04 1.385127539401557442e+03 3.441157022308908927e+04 1.602590355461038931e-08
6.425923603556274889e-04 1.452217972249628474e+03 3.439350548794515635e+04 1.952130020121089280e-08
6.755387751939181127e-04 1.522488415640103312e+03 3.437466452329790627e+04 2.377798792153452958e-08
7.101743888426273075e-04 1.596077531205198056e+03 3.435495569524962048e+04 2.896138062705229272e-08
7.465858083767621441e-04 1.673120896685665230e+03 3.433420481223432580e+04 3.527254313720783386e-08
7.848640813110194670e-04 1.753766898234357086e+03 3.431232896583789989e+04 4.295616390102374713e-08
8.251049232659968648e-04 1.838168275618827465e+03 3.428923743118590937e+04 5.230980015974819601e-08
8.674089573071004124e-04 1.926463472296645023e+03 3.426466687058560638e+04 6.369461919146816797e-08
9.118819655546198935e-04 2.018824105350028503e+03 3.423862348955479683e+04 7.755050329300623380e-08
9.586351536941296880e-04 2.115395597724639629e+03 3.421084366844484612e+04 9.441084995580233299e-08
1.007785429048626679e-03 2.216358572769908278e+03 3.418132779356582614e+04 1.149249986886691374e-07
1.059455692907732439e-03 2.321877061604654955e+03 3.414990175453279517e+04 1.398807257417998126e-07
1.113775147844932919e-03 2.432105961117976676e+03 3.411630788490641862e+04 1.702336144531642847e-07
1.170879620791311689e-03 2.547225446534610910e+03 3.408045640470170474e+04 2.071449666822605301e-07
1.230911902673626282e-03 2.667406714012437078e+03 3.404217192835747846e+04 2.520231367849566520e-07
1.294022105466001958e-03 2.792824056084016320e+03 3.400128730827801337e+04 3.065765421992237233e-07
1.360368037548055848e-03 2.923650781295602883e+03 3.395762053100610501e+04 3.728765003583453323e-07
1.430115598308045934e-03 3.060048088320096667e+03 3.391091897580435761e+04 4.534317647636797677e-07
1.503439192977754080e-03 3.202221377416139148e+03 3.386117627352715499e+04 5.512888569563786947e-07
1.580522168736409397e-03 3.350315006990398615e+03 3.380804958017855824e+04 6.701278647075015407e-07
1.661557273174137529e-03 3.504483374963023834e+03 3.375127847141942766e+04 8.144045858257311233e-07
1.746747136261333697e-03 3.664912514812648169e+03 3.369077203550692502e+04 9.895186653465904870e-07
1.836304777029133936e-03 3.831752050968737876e+03 3.362627708064932813e+04 1.201993030497459709e-06
1.930454136227949345e-03 4.005120635282927196e+03 3.355743979642886552e+04 1.459702409630378362e-06
2.029430636295988157e-03 4.185212495230079185e+03 3.348426007016294898e+04 1.772190519025894610e-06
2.133481770037976965e-03 4.372087808846869848e+03 3.340621858917688223e+04 2.150928348975911069e-06
2.242867719486086112e-03 4.565902728072608625e+03 3.332323371608289017e+04 2.609804016460902119e-06
2.357862006490532136e-03 4.766754134942953897e+03 3.323503331587851426e+04 3.165542614575243171e-06
2.478752176666675511e-03 4.974732226703929882e+03 3.314137538531369501e+04 3.838303338669608547e-06
2.605840518408833982e-03 5.189844967450583681e+03 3.304180749380068301e+04 4.652304601376640376e-06
2.739444818768723561e-03 5.412192265451418280e+03 3.293624945730476611e+04 5.636780787156706862e-06
2.879899158088616417e-03 5.641770327129529505e+03 3.282435245291371393e+04 6.826805093969022802e-06
3.027554745376210416e-03 5.878549639112689874e+03 3.270577855309133520e+04 8.264497708939506047e-06
3.182780796510085389e-03 6.122493003455227154e+03 3.258025481197834961e+04 1.000043159709444095e-05
3.345965457471714814e-03 6.373505186627549847e+03 3.244743944161281615e+04 1.209519743611818000e-05
3.517516774912597243e-03 6.631520929746898219e+03 3.230715847371601558e+04 1.462150022674977014e-05
3.697863716483424691e-03 6.896333860997833654e+03 3.215897955883078248e+04 1.766612264260983991e-05
3.887457243476651579e-03 7.167758297486307129e+03 3.200263420892337308e+04 2.133292897325938636e-05
4.086771438464619106e-03 7.445535391440692365e+03 3.183779254437598138e+04 2.574585031029696786e-05
4.296304690752923532e-03 7.729334128119588058e+03 3.166408583096029906e+04 3.105257085842361533e-05
4.516580942613284376e-03 8.018872040059575738e+03 3.148136001165948619e+04 3.742940604207365882e-05
4.748150999412126434e-03 8.313617879333694873e+03 3.128908078743772421e+04 4.508518784256586933e-05
4.991593906910903912e-03 8.613156289653119529e+03 3.108707563683603439e+04 5.426881323883964885e-05
5.247518399182111472e-03 8.916869852218242158e+03 3.087492069949181314e+04 6.527465676418413288e-05
5.516564420761540903e-03 9.224199262339363486e+03 3.065242975245373236e+04 7.845218022152048744e-05
5.799404726842954938e-03 9.534425295949342399e+03 3.041926798048102137e+04 9.421391128084227729e-05
6.096746565516493986e-03 9.846613255372059939e+03 3.017490210622531231e+04 1.130450541800089758e-04
6.409333446257287764e-03 1.015996717190259005e+04 2.991916802996198021e+04 1.355193040818560371e-04
6.737946999086424568e-03 1.047347818297177037e+04 2.965171092760148531e+04 1.623095085525439558e-04
7.083408929053131541e-03 1.078617087738111695e+04 2.937236188822150507e+04 1.942068297722497887e-04
7.446583070925409317e-03 1.109664837229611294e+04 2.908051312673897701e+04 2.321310305224445205e-04
7.828377549226901017e-03 1.140378695741061892e+04 2.877607997053491272e+04 2.771626101425554711e-04
8.229747049021221908e-03 1.170622697033137410e+04 2.845879354959059128e+04 3.305572294786082482e-04
8.651695203121895217e-03 1.200221885669246331e+04 2.812805591640685452e+04 3.937634790680513870e-04
9.095277101697147801e-03 1.229038037844336031e+04 2.778385724465563180e+04 4.684717298520625021e-04
9.561601930544914862e-03 1.256878832580674134e+04 2.742568690805192091e+04 5.566159520639402678e-04
1.005183574463506743e-02 1.283559945089790381e+04 2.705327309216395224e+04 6.604235702740583790e-04
1.056720438385422289e-02 1.308895663026797229e+04 2.666644878461548433e+04 7.824482249626804695e-04
1.110899653824396448e-02 1.332661171800780176e+04 2.626476216898666462e+04 9.255811420114779626e-04
1.167856697039719623e-02 1.354645130618123221e+04 2.584802121079256176e+04 1.093111506239332481e-03
1.227733990307029038e-02 1.374618592316807008e+04 2.541596296546977101e+04 1.288740009113338147e-03
1.290681258048182248e-02 1.392340771016901635e+04 2.496831089360609622e+04 1.516606142443065793e-03
1.356855901220299469e-02 1.407567273388232570e+04 2.450484186930925352e+04 1.781314500092928644e-03
1.426423390900143431e-02 1.420061128929440747e+04 2.402546349411621122e+04 2.087962307572343527e-03
1.499557682048000690e-02 1.429575859230703281e+04 2.353004667522955788e+04 2.442119957287090717e-03
1.576441648485692182e-02 1.435841676260758504e+04 2.301830785151801683e+04 2.849774618562741623e-03
1.657267540176381518e-02 1.438663711390490425e+04 2.249058190294581436e+04 3.317473181519161717e-03
1.742237463949622076e-02 1.437799754907714851e+04 2.194679874355860011e+04 3.852039297797438862e-03
1.831563888873704443e-02 1.433057077440662033e+04 2.138723559630363161e+04 4.460668655203452355e-03
1.925470177538994923e-02 1.424266814623880964e+04 2.081227318876301069e+04 5.150768176091420104e-03
2.024191144580758314e-02 1.411314049190272635e+04 2.022258192944714392e+04 5.929915236386742658e-03
2.127973643838054069e-02 1.394096548442152562e+04 1.961878591367524496e+04 6.805528309928754460e-03
2.237077185616915750e-02 1.372594071021966920e+04 1.900192905445657743e+04 7.784940253262761199e-03
2.351774585601286785e-02 1.346879310822885418e+04 1.837350046960948748e+04 8.875360849343389563e-03
2.472352647034336062e-02 1.317058640711482985e+04 1.773499419821995980e+04 1.008339131910025721e-02
2.599112877875953478e-02 1.283343722458110460e+04 1.708838109992757381e+04 1.141533530615547812e-02
2.732372244729698585e-02 1.246057563813750676e+04 1.643612401479662003e+04 1.287739330298889352e-02
2.872463965424410307e-02 1.205604174518382933e+04 1.578096872073491249e+04 1.447567319248826284e-02
3.019738342232343442e-02 1.162502279054165410e+04 1.512617514887220204e+04 1.621705583388080227e-02
3.174563637807315680e-02 1.117370360894887563e+04 1.447543831064917140e+04 1.811004454038847578e-02
3.337326996033158216e-02 1.070901851276214438e+04 1.383276232190187693e+04 2.016583516102442297e-02
3.508435410085083278e-02 1.023876044463717517e+04 1.320257678724105062e+04 2.240051988317104045e-02
3.688316740124613496e-02 9.770966131260916882e+03 1.258939024347453233e+04 2.483661447280532952e-02
3.877420783172848273e-02 9.309200633265045326e+03 1.199480157655158109e+04 2.749232382909646416e-02
4.076220397837305304e-02 8.863121102467221135e+03 1.142434067862763732e+04 3.041094502073324324e-02
4.285212686704739649e-02 8.443428769071031638e+03 1.088424118102706416e+04 3.365939060174311104e-02
4.504920239356542677e-02 8.056754943691315020e+03 1.037814520245593121e+04 3.731571190705604280e-02
4.735892439114896407e-02 7.706564453601125024e+03 9.907657933634372966e+03 4.147024150352204147e-02
4.978706836787243073e-02 7.392631842176742794e+03 9.471986418695298198e+03 4.621883564186978627e-02
5.233970594844135349e-02 7.111510436877540997e+03 9.068247903365239836e+03 5.165661522737731437e-02
5.502322005641668845e-02 6.857292398583532304e+03 8.692000114686021334e+03 5.787099304972528890e-02
5.784432087484844831e-02 6.624359314657637697e+03 8.339043909955416893e+03 6.495256704124587055e-02
6.081006262522850592e-02 6.416519068502851951e+03 8.011152436599233624e+03 7.309641880470336972e-02
6.392786120671870020e-02 6.200638157554829377e+03 7.687132663751365726e+03 8.206862775647248698e-02
6.720551273976151097e-02 5.970732900122960018e+03 7.363103997115440507e+03 9.181478023594172311e-02
7.065121306044198912e-02 5.713861694574274225e+03 7.030932129583769893e+03 1.020842757068198964e-01
7.427357821434696361e-02 5.420514470290229838e+03 6.684504633089458366e+03 1.125158766393935111e-01
7.808166600116696332e-02 5.088313396047550668e+03 6.321742930974420233e+03 1.227132122209341203e-01
8.208499862391337165e-02 4.724065412984310569e+03 5.945779340517353376e+03 1.323663359389863625e-01
8.629358649938589920e-02 4.342681584044309602e+03 5.564559118636301719e+03 1.413721308352099693e-01
9.071795328942874881e-02 3.964051451454133257e+03 5.189462040641820749e+03 1.499302523718968327e-01
9.536916221556676621e-02 3.609807726980847747e+03 4.833877765577988612e+03 1.586274094327074224e-01
1.002588437228218304e-01 3.300223207549486688e+03 4.511554592564463746e+03 1.684929165352774261e-01
1.053992245618834284e-01 3.049214484164274836e+03 4.233011788140555836e+03 1.808716415491331553e-01
1.108031583623540345e-01 2.858230293350090960e+03 4.000414849423568285e+03 1.969807996862345811e-01
1.164841577735182265e-01 2.714992550740479601e+03 3.805762424198198005e+03 2.173899651908913766e-01
1.224564282530043596e-01 2.597001398290331053e+03 3.633242412861045068e+03 2.415945908180241741e-01
1.287349035878279091e-01 2.475474585782802478e+03 3.462489383781475681e+03 2.675578314151699777e-01
1.353352832366376823e-01 2.322695814800935295e+03 3.273831432247019166e+03 2.916726482998334702e-01
1.422740715865399574e-01 2.129964929552771537e+03 3.060182326495726102e+03 3.107563362267524720e-01
1.495686192226629019e-01 1.916161208975903719e+03 2.833205193184785458e+03 3.248057852995449024e-01
1.572371663136570008e-01 1.711362786815071786e+03 2.613569059468348314e+03 3.370373011652405548e-01
1.652988882216175348e-01 1.542272720460883647e+03 2.421834476724382512e+03 3.528915291062775794e-01
1.737739434504778357e-01 1.423281701324642427e+03 2.270963911470714720e+03 3.783686058429608923e-01
1.826835240527691917e-01 1.341075353333675139e+03 2.151752525035412873e+03 4.142109562991673211e-01
1.920499086207905493e-01 1.264686750210565833e+03 2.039661723574728285e+03 4.538324463091831240e-01
2.018965179946938526e-01 1.169327158357416238e+03 1.914412894746246820e+03 4.875203878371381916e-01
2.122479738267836202e-01 1.052239944373531216e+03 1.772661920751376556e+03 5.097012542069174756e-01
2.231301601484726449e-01 9.365333060534755987e+02 1.632416845637606002e+03 5.270700238884110655e-01
2.345702880938428103e-01 8.464570130691631675e+02 1.514861189070464889e+03 5.534701078756988357e-01
2.465969639416541459e-01 7.841301147152975091e+02 1.423198190360896206e+03 5.956917265687069474e-01
2.592402606459418002e-01 7.284687344712277763e+02 1.338991146608966801e+03 6.429667638817414543e-01
2.725317930340656614e-01 6.624428042440792979e+02 1.246371103237619764e+03 6.793133765293968285e-01
2.865047968602461026e-01 5.918419035013035909e+02 1.149944721993111216e+03 7.051340108399984929e-01
3.011942119122611450e-01 5.338159160036364028e+02 1.066033368406058798e+03 7.389271815813238664e-01
3.166367693791155569e-01 4.897233625602909797e+02 9.966699907838933541e+02 7.875989331435084839e-01
3.328710836981453314e-01 4.470462829299659120e+02 9.295080293246269321e+02 8.353163014111227858e-01
3.499377491112247163e-01 4.014591733207612378e+02 8.598021474099335819e+02 8.715333831004279386e-01
3.678794411715154977e-01 3.614911551446930389e+02 7.963933063820643383e+02 9.117683001352718808e-01
3.867410234545784475e-01 3.288165056165814804e+02 7.414066876325434805e+02 9.635729400532356825e-01
4.065696597406806001e-01 2.971583199254047827e+02 6.879780342470697860e+02 1.011726328832246002e+00
4.274149319488126375e-01 2.669037900694407313e+02 6.364421387548817393e+02 1.055781556368981189e+00
4.493289641173122684e-01 2.411009984428716564e+02 5.904484561818969723e+02 1.108058044979504997e+00
4.723665527411103904e-01 2.174100445619135087e+02 5.472971925975069780e+02 1.160879868005183058e+00
4.965853037915104462e-01 1.952990119406188967e+02 5.063308298362501318e+02 1.211579434782591003e+00
5.220457767611225153e-01 1.758474612098613079e+02 4.689789294975307712e+02 1.267453753350658907e+00
5.488116360941387439e-01 1.579964196347523000e+02 4.339201653288685634e+02 1.323084059263267331e+00
5.769498103806052214e-01 1.418518103849115164e+02 4.013327333125766359e+02 1.380127617836469200e+00
6.065306597127584354e-01 1.273422378875956014e+02 3.711712344400935990e+02 1.439464682616865110e+00
6.376281516219051149e-01 1.141649559628937993e+02 3.430484094179320778e+02 1.499358623593818551e+00
6.703200460357783275e-01 1.023269730480324711e+02 3.170187855051632368e+02 1.561374233053387295e+00
7.046880897188601001e-01 9.163313506899447702e+01 2.928310588075624992e+02 1.624477118177256818e+00
7.408182206818726412e-01 8.201618284973247341e+01 2.704217209820866969e+02 1.689292204598337399e+00
7.788007830715680813e-01 7.335850767662391547e+01 2.496421825571947863e+02 1.755496166676607794e+00
8.187307530781540166e-01 6.557432433355087653e+01 2.303883794647206571e+02 1.823170958063269342e+00
8.607079764252394405e-01 5.858031293105985071e+01 2.125545628744029898e+02 1.892297560151328106e+00
9.048374180361511421e-01 5.230211208473458129e+01 1.960447123308777009e+02 1.962913407565597179e+00
9.512294245009160765e-01 4.667057733179591139e+01 1.807665365560364990e+02 2.035022709189392209e+00
1.000000000000213163e+00 4.162206635990458636e+01 1.666323042833416253e+02 2.108598514614079100e+00
1.051271096376248826e+00 3.709956685064830140e+01 1.535616365370392771e+02 2.183651208590507320e+00
1.105170918075884856e+00 3.304995562221115080e+01 1.414766225797402228e+02 2.260109517750394037e+00
1.161834242728533306e+00 2.942792172489651037e+01 1.303106677287439084e+02 2.338096156606936482e+00
1.221402758160433644e+00 2.618917548677634954e+01 1.199946871710929912e+02 2.417512753395936187e+00
1.284025416688019838e+00 2.329589528181594105e+01 1.104693347262122813e+02 2.498449213080927489e+00
1.349858807576296504e+00 2.071126596334852721e+01 1.016731525052523750e+02 2.580726244400516567e+00
1.419067548593566874e+00 1.840507138036417345e+01 9.355621660941308448e+01 2.664507647457440953e+00
1.491824697641596753e+00 1.634824684992088351e+01 8.606774449568449370e+01 2.749760214175426043e+00
1.568312185490513100e+00 1.451463960636329809e+01 7.916056548421263983e+01 2.836443038198588340e+00
1.648721270700491237e+00 1.288081190027249789e+01 7.279110454503755534e+01 2.924524204039937736e+00
1.733253017867778301e+00 1.142621235863134643e+01 6.692043678398522388e+01 3.014105471438096817e+00
1.822118800390913007e+00 1.013145032491074282e+01 6.150980665144345494e+01 3.105073936002827217e+00
1.915540829014322100e+00 8.979567517263378207e+00 5.652456036673551409e+01 3.197421706219954807e+00
2.013752707470925607e+00 7.955560673945701211e+00 5.193328687597347937e+01 3.291239322928412925e+00
2.117000016613148627e+00 7.045498937862447519e+00 4.770536485899398116e+01 3.386449448290461017e+00
2.225540928492967474e+00 6.237172817872081332e+00 4.381332010059739446e+01 3.483090775168503850e+00
2.339646851926517890e+00 5.519402398387395436e+00 4.023085251815552965e+01 3.581073590278461616e+00
2.459603111157505406e+00 4.882488611045310734e+00 3.693471540981393275e+01 3.680498109637082127e+00
2.585709659316432152e+00 4.317462106252577314e+00 3.390231351435457441e+01 3.781273289414953886e+00
2.718281828459663263e+00 3.816493684318781998e+00 3.111345738445933407e+01 3.883454781890180563e+00
2.857651118063815776e+00 3.372464886651963756e+00 2.854898343242415493e+01 3.986991534495504030e+00
3.004166023947120401e+00 2.979107912609349818e+00 2.619153662408958283e+01 4.091930834197992972e+00
3.158192909690492378e+00 2.630725382893766007e+00 2.402462124708379321e+01 4.198186586315713953e+00
3.320116922737311960e+00 2.322323041619565043e+00 2.203337563497592555e+01 4.305791786438054380e+00
3.490342957462647444e+00 2.049445423668709410e+00 2.020406851913660518e+01 4.414798880131018954e+00
3.669296667620093988e+00 1.808024978433340424e+00 1.852353190962533347e+01 4.525047729814967390e+00
3.857425530697870641e+00 1.594583681274612585e+00 1.698033184289869979e+01 4.636713115942657559e+00
4.055199966845619564e+00 1.405903552497335118e+00 1.556328285948677959e+01 4.749660974413894010e+00
4.263114515169814212e+00 1.239179769677422271e+00 1.426236461186391580e+01 4.863910443672679662e+00
4.481689070339116121e+00 1.091918461537816132e+00 1.306833963228227447e+01 4.979498849565518803e+00
4.711470182591849465e+00 9.618834151626706186e-01 1.197257200419859835e+01 5.096382743092550349e+00
4.953032424396282885e+00 8.470962193768348802e-01 1.096714390053193355e+01 5.214546151603240531e+00
5.206979827181080545e+00 7.458024225479014113e-01 1.004476997663067017e+01 5.333984312694613372e+00
5.473947391728498424e+00 6.564499584101218810e-01 9.198771787001398081e+00 5.454736068933099702e+00
5.754602676007100293e+00 5.776495313729490544e-01 8.422910297351956288e+00 5.576744071857006269e+00
6.049647464414390718e+00 5.081755214723793213e-01 7.711480496422677078e+00 5.699991430231757583e+00
6.359819522603354258e+00 4.469466374788590435e-01 7.059267868911630828e+00 5.824522238842654076e+00
6.685894442280875261e+00 3.929950951672712689e-01 6.461395436880436272e+00 5.950259904670824440e+00
7.028687580590986528e+00 3.454755180041416684e-01 5.913469004775124382e+00 6.077294113813921150e+00
7.389056098932435646e+00 3.036257795501225432e-01 5.411328995852808355e+00 6.205485900922524500e+00
7.767901106308653603e+00 2.667848364547750761e-01 4.951264405872926488e+00 6.334939390404818127e+00
8.166169912569634093e+00 2.343604050688448959e-01 4.529795532929102642e+00 6.465613425814390247e+00
8.584858397179985445e+00 2.058296149693669697e-01 4.143728962806982885e+00 6.597471591946630021e+00
9.025013499436326470e+00 1.807312856129256184e-01 3.790137885577674393e+00 6.730497657282601409e+00
9.487735836360851494e+00 1.586597886174625771e-01 3.466352361804621918e+00 6.864752487669824710e+00
9.974182454817173138e+00 1.392548663613082660e-01 3.169898768923891552e+00 7.000234117799765343e+00
1.048556972473016025e+01 1.221952354480837083e-01 2.898466397929394311e+00 7.136752385807530352e+00
1.102317638064432792e+01 1.072036543662210351e-01 2.650006013826936346e+00 7.274449252387455545e+00
1.158834671922626214e+01 9.403318310946946756e-02 2.422610327581976808e+00 7.413372771070177336e+00
1.218249396070650370e+01 8.246415164047352087e-02 2.214504280644153056e+00 7.553427563001767986e+00
1.280710378266622662e+01 7.230380719220654007e-02 2.024069590995435153e+00 7.694567457027193136e+00
1.346373803500505772e+01 6.338361996353471250e-02 1.849840602654179378e+00 7.836899127134422827e+00
1.415403864537935341e+01 5.555281942878154133e-02 1.690440042996893988e+00 7.980268347088881775e+00
1.487973172487657614e+01 4.868055437974442429e-02 1.544633350921941872e+00 8.124770040104461799e+00
1.564263188419211659e+01 4.264986408341005231e-02 1.411261216387785566e+00 8.270226161682211696e+00
1.644464677110120832e+01 3.736025847010766149e-02 1.289301381013657988e+00 8.416931235342905993e+00
1.728778184057202338e+01 3.272063085166083962e-02 1.177772139608970647e+00 8.564652515063247762e+00
1.817414536944768244e+01 2.865186678854617086e-02 1.075790823020353448e+00 8.713350312878111126e+00
1.910595372823652127e+01 2.508494573224917881e-02 9.825595641448069406e-01 8.863180413367182098e+00
2.008553692319280515e+01 2.195824577316207726e-02 8.973297286773517234e-01 9.014014198115033238e+00
2.111534442254602695e+01 1.921782016731577239e-02 8.194193755454223238e-01 9.165768698645210932e+00
2.219795128144734164e+01 1.681676125348875728e-02 7.482147689686298175e-01 9.318613499322593086e+00
2.333606458094873304e+01 1.471318468867616365e-02 6.831394588112019717e-01 9.472394990727492470e+00
2.453253019711569394e+01 1.287063698016812675e-02 6.236730524160427613e-01 9.627140860944543022e+00
2.579033991719975205e+01 1.125699811022202318e-02 5.693367087885604638e-01 9.782819728181863184e+00
2.711263892066493852e+01 9.844103878832655835e-03 5.196930569444206949e-01 9.939437740587269587e+00
2.850273364377471097e+01 8.607186497199079828e-03 4.743406651776403415e-01 1.009696882307994237e+01
2.996410004740484823e+01 7.524403614697224366e-03 4.329091092073679703e-01 1.025524541399714629e+01
3.150039230875619012e+01 6.576888228397212086e-03 3.950679911690255230e-01 1.041450440264198463e+01
3.311545195870102276e+01 5.747765408997438513e-03 3.605056383907827566e-01 1.057453681013367053e+01
3.481331748761120082e+01 5.022393632915647839e-03 3.289416368326969486e-01 1.073537548247703377e+01
3.659823444368765877e+01 4.387871121717597592e-03 3.001175122265029582e-01 1.089693917449313965e+01
3.847466604904231957e+01 3.832932650416003006e-03 2.737984159279208685e-01 1.105925887128487162e+01
4.044730436007814234e+01 3.347630642489178923e-03 2.497669872048890460e-01 1.122216222792291518e+01
4.252108200007410943e+01 2.923377566604333771e-03 2.278293409442377071e-01 1.138591901098756587e+01
4.470118449331276622e+01 2.552436689793611494e-03 2.078000363238223236e-01 1.155000923222078413e+01
4.699306323159186860e+01 2.228255728640298871e-03 1.895184852332184866e-01 1.171484526625686762e+01
4.940244910554343960e+01 1.944934187227555233e-03 1.728313199226126917e-01 1.188011398228434956e+01
5.193536683484541783e+01 1.697355200369885181e-03 1.576003908223184702e-01 1.204571558831168154e+01
5.459815003315897997e+01 1.481068865589331863e-03 1.437008971807891000e-01 1.221178906977070255e+01
5.739745704546173499e+01 1.292127051151325265e-03 1.310163190528330079e-01 1.237808420500880402e+01
6.034028759737834946e+01 1.127106608902967875e-03 1.194417652658743279e-01 1.254461631484988793e+01
6.343400029814058882e+01 9.829952022166570103e-04 1.088805598139671316e-01 1.271124111526700773e+01
6.668633104094334385e+01 8.571607016182215691e-04 9.924455821094324559e-02 1.287783874468421885e+01
7.010541234670704114e+01 7.473052342528322756e-04 9.045352996451011540e-02 1.304436454551943214e+01
7.369979369961600923e+01 6.514102810497216347e-04 8.243369045270808326e-02 1.321063471567619274e+01
7.747846292528217305e+01 5.677169698330707419e-04 7.511805038344829266e-02 1.337658100479875678e+01
8.145086866499057976e+01 4.946808979957989776e-04 6.844502253556906946e-02 1.354199223898751470e+01
8.562694400222423496e+01 4.309570265757108032e-04 6.235872321858793033e-02 1.370678366879270449e+01
9.001713130054676526e+01 3.753627632345742440e-04 5.680764113518628478e-02 1.387065443598594250e+01
9.463240831495036787e+01 3.268705321252202362e-04 5.174518908828664582e-02 1.403349056414098683e+01
9.948431564196151555e+01 2.845809547160189587e-04 4.712875207263558103e-02 1.419514853426934486e+01
1.045849855771433994e+02 2.476992611932315276e-04 4.291867548168255830e-02 1.435499325355410427e+01
1.099471724521542768e+02 2.155496944127021372e-04 3.908036324151702157e-02 1.451342340513152962e+01
1.155842845272200918e+02 1.875197361933076551e-04 3.558027566620911714e-02 1.466944250939430816e+01
1.215104175187690743e+02 1.630934086128676952e-04 3.238955285423032043e-02 1.482337883464984962e+01
1.277403898460648861e+02 1.418077113963932159e-04 2.948068719562188522e-02 1.497458580619429291e+01
1.342897796849734675e+02 1.232617445095356709e-04 2.682889368861605603e-02 1.512263439879297344e+01
1.411749639215168770e+02 1.071048307818962765e-04 2.441147774538380069e-02 1.526695321098149982e+01
1.484131591026187778e+02 9.303380514325014148e-05 2.220807234309350037e-02 1.540736147474973450e+01
1.560224644864394463e+02 8.078112084010552506e-05 2.019976605364420807e-02 1.554323934125709705e+01
1.640219072999485945e+02 7.011533173163643875e-05 1.836956320683866967e-02 1.567432419755363249e+01
1.724314903169036768e+02 6.083165649803305399e-05 1.670160028011187861e-02 1.579972933731448137e+01
1.812722418752032070e+02 5.275359571427022507e-05 1.518169381601117314e-02 1.591901688429432937e+01
1.905662684586848457e+02 4.572673116366982699e-05 1.379685830455749593e-02 1.603166042607521291e+01
2.003368099748494728e+02 3.961489013600614075e-05 1.253502731578635086e-02 1.613656073972046912e+01
2.106082978667353416e+02 3.430151730417142531e-05 1.138554052056143205e-02 1.623341998424300314e+01
2.214064162042512862e+02 2.968367597875983172e-05 1.033848161331495617e-02 1.632144282690655146e+01
2.327581659077297047e+02 2.567161191853598574e-05 9.384808581354261298e-03 1.639978584569039555e+01
2.446919322642916654e+02 2.218696873677672372e-05 8.516257140441050449e-03 1.646748140715169484e+01
2.572375559058498879e+02 1.916219098385201446e-05 7.725441236909342396e-03 1.652412786690709723e+01
2.704264074262317763e+02 1.653748124940849912e-05 7.005454626844742280e-03 1.656864220970438240e+01
2.842914658240042627e+02 1.426124519035107627e-05 6.350110701416369387e-03 1.660042373851508302e+01
2.988674009671481713e+02 1.228825599388379722e-05 5.753718749003091867e-03 1.661866562337340625e+01
3.141906602857868620e+02 1.057922221380145355e-05 5.211122766164756094e-03 1.662278590027696268e+01
3.302995599097462787e+02 9.099782819528630016e-06 4.717597443678382685e-03 1.661212809996997919e+01
3.472343804788374655e+02 7.820044635130503116e-06 4.268850176149165815e-03 1.658622865794663426e+01
3.650374678654371792e+02 6.714009652803733762e-06 3.860985834254652711e-03 1.654491536714621347e+01
3.837533390612260860e+02 5.758864569503706509e-06 3.490411180972528751e-03 1.648783476000631865e+01
4.034287934928555046e+02 4.934838797682247538e-06 3.153882973912556283e-03 1.641511402007377995e+01
4.241130300448911044e+02 4.224674209912079478e-06 2.848437089146856234e-03 1.632707279229369490e+01
4.458577700826506316e+02 3.613277720813875691e-06 2.571352534178587054e-03 1.622410024313916210e+01
4.687173867825576963e+02 3.087546626803273134e-06 2.320163789313342637e-03 1.610708590382159855e+01
4.927490410934046849e+02 2.636017926014645050e-06 2.092603718099413004e-03 1.597702746145701447e+01
5.180128246684984106e+02 2.248699226467013002e-06 1.886598258121762210e-03 1.583518586055035193e+01
5.445719101260938260e+02 1.916900246743800448e-06 1.700256451485613902e-03 1.568322886694780571e+01
5.724927090138447738e+02 1.633007514745531948e-06 1.531826919486569804e-03 1.552273782673956326e+01
6.018450378722650385e+02 1.390416506099950745e-06 1.379713754910668558e-03 1.535568612002113476e+01
6.327022928124463306e+02 1.183372349233562915e-06 1.242447870701059902e-03 1.518412957123217666e+01
6.651416330445650829e+02 1.006847071952412537e-06 1.118665267078572390e-03 1.500984361678294121e+01
6.992441738160994191e+02 8.564920417170526782e-07 1.007119477593226798e-03 1.483474755705681680e+01
7.350951892421985576e+02 7.285301352296184951e-07 9.066590910771858127e-04 1.466049119522799771e+01
7.727843255353874383e+02 6.196842381032526497e-07 8.162184660726765030e-04 1.448823970794256866e+01
8.124058251677936369e+02 5.271359500662130619e-07 7.348241818414067567e-04 1.431897664776180790e+01
8.540587625264155349e+02 4.484579505814659451e-07 6.615823598002514103e-04 1.415321960639395726e+01
8.978472916506958654e+02 3.815736301559423991e-07 5.956801944813502024e-04 1.399123475508473824e+01
9.438809066718714575e+02 3.247025608060776449e-07 5.363740663160821267e-04 1.383271967244936107e+01
9.922747156053346771e+02 2.763403792136033888e-07 4.830009891835907549e-04 1.367761527089091445e+01
1.043149728180628472e+03 2.352051632482526809e-07 4.349608834251258277e-04 1.352561613773821847e+01
1.096633158428801380e+03 2.002097872141066744e-07 3.917151416374658069e-04 1.337641342274085687e+01
1.152858742783748994e+03 1.704427263676107357e-07 3.527913063554141584e-04 1.323052335247324862e+01
1.211967074492957408e+03 1.451162167729176206e-07 3.177514514283298988e-04 1.308755956108313079e+01
1.274105955173854682e+03 1.235798245415054060e-07 2.862228403854304463e-04 1.294894749895647834e+01
1.339430764394840480e+03 1.052635930700929307e-07 2.578520129059991696e-04 1.281472403851704556e+01
1.408104848205140797e+03 8.968480474150963805e-08 2.323227797215642000e-04 1.268510619399155459e+01
1.480299927585014302e+03 7.643512319738670029e-08 2.093532839646012765e-04 1.256065775930629336e+01
1.556196527837648091e+03 6.515894438170258964e-08 1.886779911127274480e-04 1.244049396095314464e+01
1.635984429996447261e+03 5.556107645277656646e-08 1.700671681616152038e-04 1.232475822488637895e+01
1.719863145376471039e+03 4.738780789738402199e-08 1.533096157301390948e-04 1.221289290304891217e+01
1.808042414456641382e+03 4.042881375364734068e-08 1.382237005133684846e-04 1.210562176365683662e+01
1.900742731340188357e+03 3.450106794850172116e-08 1.246390747846472897e-04 1.200253034187943513e+01
1.998195895104759757e+03 2.945158307604358461e-08 1.124069593399256627e-04 1.190400471472655397e+01
2.100645589420852957e+03 2.514261881080990706e-08 1.013783140714008757e-04 1.180698821299787760e+01
2.208347991887921125e+03 2.146408493674137601e-08 9.143172828721077034e-05 1.171076238649436441e+01
2.321572414611807289e+03 1.832374525654285457e-08 8.246103729539720751e-05 1.161532079128826389e+01
2.440601977625289692e+03 1.564285834761770679e-08 7.437049259829073831e-05 1.152065703596963608e+01
2.565734316835632853e+03 1.335420318595939683e-08 6.707373992275917122e-05 1.142676478121754791e+01
2.697282328269386653e+03 1.140039363452046471e-08 6.049289751953724993e-05 1.133363773937593244e+01
2.835574950475434889e+03 9.732439533244752978e-09 5.455772489387531268e-05 1.124126967403271848e+01
2.980957987042702825e+03 8.308518311284600207e-09 4.920487309496877833e-05 1.114965439960199767e+01
3.133794971289250043e+03 7.092926320595226322e-09 4.437720856215199712e-05 1.105878578090995212e+01
3.294468075284922634e+03 6.055183596461742458e-09 4.002320331093592342e-05 1.096865773278333123e+01
3.463379065480592999e+03 5.169269597570065706e-09 3.609638495005841683e-05 1.087926421964216317e+01
3.640950307333554974e+03 4.412970762435318972e-09 3.255484065931383566e-05 1.079059925509761442e+01
3.827625821441170956e+03 3.767323522700822599e-09 2.936076983386581369e-05 1.070265690154704075e+01
4.023872393823642142e+03 3.216138807333537277e-09 2.648008062022759644e-05 1.061543126978158824e+01
4.230180743132199495e+03 2.745596115042502063e-09 2.388202603750971955e-05 1.052891651858477040e+01
4.447066747701334862e+03 2.343896976631692350e-09 2.153887580012233107e-05 1.044310685434967212e+01
4.675072735513344924e+03 2.000969118131867363e-09 1.942562033909654584e-05 1.035799653068365522e+01
4.914768840300775992e+03 1.708213906854898717e-09 1.751970386293690482e-05 1.027357984802842239e+01
5.166754427177720572e+03 1.458290747783798438e-09 1.580078360881313662e-05 1.018985115327716251e+01
5.431659591364801599e+03 1.244933024217692172e-09 1.425051271446955138e-05 1.010680483939183638e+01
5.710146733755425885e+03 1.062790967537285400e-09 1.285234439334950968e-05 1.002443534503474076e+01
6.002912217263044113e+03 9.072975161766260130e-10 1.159135532278429917e-05 9.942737154192444748e+00
6.310688108091153481e+03 7.745538003279076811e-10 1.045408636019410360e-05 9.861704795803108325e+00
6.634244006280128815e+03 6.612313810034523318e-10 9.428398887193385351e-06 9.781332843398095278e+00
6.974388970108182548e+03 5.644887921776161061e-10 8.503345248276088900e-06 9.701615914729472934e+00
7.331973539158482708e+03 4.819002933747351957e-10 7.669051901229395038e-06 9.622548671417481714e+00
7.707891861111141225e+03 4.113950462308060791e-10 6.916614032068987506e-06 9.544125818589552779e+00
8.103083927578147268e+03 3.512051899325537061e-10 6.238000509677334423e-06 9.466342104522569301e+00
8.518537924572025076e+03 2.998215135686405487e-10 5.625968165682742899e-06 9.389192320297778949e+00
8.955292703485578386e+03 2.559556139129201399e-10 5.073984484639429490e-06 9.312671299447503159e+00
9.414440378761499232e+03 2.185075897782399556e-10 4.576157879350314727e-06 9.236773917611358797e+00
9.897129058747319505e+03 1.865384629029231247e-10 4.127174807123383734e-06 9.161495092188800982e+00
1.040456571656430970e+04 1.592466338469050260e-10 3.722243055777661930e-06 9.086829782005139577e+00
1.093801920816896018e+04 1.359477825480293658e-10 3.357040594057595574e-06 9.012772986969793010e+00
1.149882344515380282e+04 1.160577095619885891e-10 3.027669440516078896e-06 8.939319747743459388e+00
1.208838073022117533e+04 9.907768774394103771e-11 2.730614058483939696e-06 8.866465145402839809e+00
1.270816526367042752e+04 8.458195707749760070e-11 2.462703833057402130e-06 8.794204301113540012e+00
1.335972682966652428e+04 7.220704909412168749e-11 2.221079229601039481e-06 8.722532375804092908e+00
1.404469467150771925e+04 6.164267320163232314e-11 2.003161272560135537e-06 8.651444569845031296e+00
1.476478156558243427e+04 5.262393640390062750e-11 1.806624018813167595e-06 8.580936122714527770e+00
1.552178810420236550e+04 4.492470132798273308e-11 1.629369731764649055e-06 8.511002312695390870e+00
1.631760719802116000e+04 3.835191601627980922e-11 1.469506491192817320e-06 8.441638456550002445e+00
1.715422880929701932e+04 3.274077330824540615e-11 1.325327999875959616e-06 8.372839909210650688e+00
1.803374492783486858e+04 2.795057843697815177e-11 1.195295371461097479e-06 8.304602063458849770e+00
1.895835480205053682e+04 2.386122122427940803e-11 1.078020705191745526e-06 8.236920349637786742e+00
1.993037043823734348e+04 2.037016441708026287e-11 9.722522721737714267e-07 8.169790235317806903e+00
2.095222238178608313e+04 1.738987265064431232e-11 8.768611550732153434e-07 8.103207225023048466e+00
2.202646579481454319e+04 1.484561757154945820e-11 7.908291986370616825e-07 8.037166859902438176e+00
2.315578684540369068e+04 1.267360408603006125e-11 7.132381424340644520e-07 7.971664717453275983e+00
2.434300942441707230e+04 1.081937075067744941e-11 6.432598198187455237e-07 7.906696411206787900e+00
2.559110220669883711e+04 9.236424196783945142e-12 5.801473185116306399e-07 7.842257590456062744e+00
2.690318607430719567e+04 7.885073347502627791e-12 5.232270084443241092e-07 7.778343939939476037e+00
2.828254192034512744e+04 6.731434196920595327e-12 4.718913517827600371e-07 7.714951179571579942e+00
2.973261885290210193e+04 5.746580196596823510e-12 4.255924183834554394e-07 7.652075064147400241e+00
3.125704281962085952e+04 4.905816946264719378e-12 3.838360374717414461e-07 7.589711383060007144e+00
3.285962567445517197e+04 4.188063002150534230e-12 3.461765231195091825e-07 7.527855960018459136e+00
3.454437470929026313e+04 3.575321277191335219e-12 3.122119172250687046e-07 7.466504652769888395e+00
3.631550267425979837e+04 3.052227778944646363e-12 2.815796992209396810e-07 7.405653352815349422e+00
3.817743831181556016e+04 2.605666370178573903e-12 2.539529167177753595e-07 7.345297985144839004e+00
4.013483743089039490e+04 2.224439892565023282e-12 2.290366957841732229e-07 7.285434507957623929e+00
4.219259454884566367e+04 1.898989407187836648e-12 2.065650936154817643e-07 7.226058912393209077e+00
4.435585513031406299e+04 1.621154512048109165e-12 1.862982599983930017e-07 7.167167222262930792e+00
4.663002845354139572e+04 1.383968726727069593e-12 1.680198772743062951e-07 7.108755493783707635e+00
4.902080113639969204e+04 1.181484813646008536e-12 1.515348514769620842e-07 7.050819815313991157e+00
5.153415135589398415e+04 1.008625655998246522e-12 1.366672300007473239e-07 6.993356307091634250e+00
5.417636379671867326e+04 8.610569532406458743e-13 1.232583235739595419e-07 6.936361120975711891e+00
5.695404536624281900e+04 7.350785420883148150e-13 1.111650124918741041e-07 6.879830440184210083e+00
5.987414171521994285e+04 6.275316179782902469e-13 1.002582190313668448e-07 6.823760479041611759e+00
6.294395460553275188e+04 5.357195306554605979e-13 9.042152974233943613e-08 6.768147482728311459e+00
6.617116016840114025e+04 4.573401678951493725e-13 8.154995291096094271e-08 6.712987727024490425e+00
6.956382809870861820e+04 3.904282319415418462e-13 7.354879793264472171e-08 6.658277518062554634e+00
7.313044183344273188e+04 3.333059612903829146e-13 6.633266463370251263e-08 6.604013192079484895e+00
7.687991976470644295e+04 2.845410622056141997e-13 5.982453175423404322e-08 6.550191115171556611e+00
8.082163754034375597e+04 2.429107951374513629e-13 5.395493486319169010e-08 6.496807683051013527e+00
8.496545150794286747e+04 2.073713155385762424e-13 4.866122493111791459e-08 6.443859320806189395e+00
8.932172336083906703e+04 1.770315003244179608e-13 4.388689964690729059e-08 6.391342482654850166e+00
9.390134604774527543e+04 1.511306036986856795e-13 3.958100034154071982e-08 6.339253651724002125e+00
9.871577101079767453e+04 1.290191820803205783e-13 3.569756808161171814e-08 6.287589339785567333e+00
1.037770368201258680e+05 1.101428098432674086e-13 3.219515312765311004e-08 6.236346087058962873e+00
1.090977992765488161e+05 9.402817755132940679e-14 2.903637252105127082e-08 6.185520461951794502e+00
1.146913630576689611e+05 8.027122411532258066e-14 2.618751107777473291e-08 6.135109060833150885e+00
1.205717149864963576e+05 6.852700529535302125e-14 2.361816153003899147e-08 6.085108507819869672e+00
1.267535590057915979e+05 5.850104450883731339e-14 2.130089997489039435e-08 6.035515454539168267e+00
1.332523529455816897e+05 4.994194907357283691e-14 1.921099316571303299e-08 5.986326579907201406e+00
1.400843471757866791e+05 4.263510674395844336e-14 1.732613452239695795e-08 5.937538589906510289e+00
1.472666252406089625e+05 3.639730448627207606e-14 1.562620604248461160e-08 5.889148217365568705e+00
1.548171465762921434e+05 3.107213456324054698e-14 1.409306357205878152e-08 5.841152221740110839e+00
1.627547914190663723e+05 2.652607273926770854e-14 1.271034314446489647e-08 5.793547388895975203e+00
1.710994080155731353e+05 2.264513027056938834e-14 1.146328631983046578e-08 5.746330530896436528e+00
1.798718622538203781e+05 1.933199573156947994e-14 1.033858266113039933e-08 5.699498485778272006e+00
1.890940898387710622e+05 1.650359501137249837e-14 9.324227665507932745e-09 5.653048117353307589e+00
1.987891511430313694e+05 1.408900829906248935e-14 8.409394634441824851e-09 5.606976314998139088e+00
2.089812888697938761e+05 1.202769182801426599e-14 7.584319115179255016e-09 5.561279993435365832e+00
2.196959886722229712e+05 1.026795979098413055e-14 6.840194680039339774e-09 5.515956092527286359e+00
2.309600428808625729e+05 8.765688361228485350e-15 6.169078931185328674e-09 5.471001577083733913e+00
2.428016174984180834e+05 7.483209323979695679e-15 5.563808727585393586e-09 5.426413436645938226e+00
2.552503226294341730e+05 6.388365577110199883e-15 5.017923729372934072e-09 5.382188685299969855e+00
2.683372865209793090e+05 5.453704818333732665e-15 4.525597443520634063e-09 5.338324361452029265e+00
2.820952333994774381e+05 4.655791201443871490e-15 4.081575034891953867e-09 5.294817527654909206e+00
2.965585652983192704e+05 3.974617701818540835e-15 3.681117238853084624e-09 5.251665270398907737e+00
3.117634480808650260e+05 3.393104456814379136e-15 3.319949776825099397e-09 5.208864699921328167e+00
3.277479018739408348e+05 2.896670502317908913e-15 2.994217734850693039e-09 5.166412950003771876e+00
3.445518961379595567e+05 2.472868167128667614e-15 2.700444418249018781e-09 5.124307177794388046e+00
3.622174496113909991e+05 2.111070957881570867e-15 2.435494243178096673e-09 5.082544563605654098e+00
3.807887353794944938e+05 1.802207108513095683e-15 2.196539269044628521e-09 5.041122310739275747e+00
4.003121913300411543e+05 1.538532113213725049e-15 1.981029014528940896e-09 5.000037645276079523e+00
4.208366362722213962e+05 1.313434539353716135e-15 1.786663235077256134e-09 4.959287815913294928e+00
4.424133920090965694e+05 1.121270251267664301e-15 1.611367371282570484e-09 4.918870093766473772e+00
4.650964116688389913e+05 9.572208882200028538e-16 1.453270406117137126e-09 4.878781772200175837e+00
4.889424146156553179e+05 8.171730479858713311e-16 1.310684894664549782e-09 4.839020166624449892e+00
5.140110282777408138e+05 6.976151466943720238e-16 1.182088953212576224e-09 4.799582614337354336e+00
5.403649372469085502e+05 5.955493687621285384e-16 1.066110015454806149e-09 4.760466474335598441e+00
5.680700400227193022e+05 5.084164991451347333e-16 9.615101824309600506e-10 4.721669127139747957e+00
5.971956137930564582e+05 4.340317531364126521e-16 8.671730098363562567e-10 4.683187974620905081e+00
6.278144876631795196e+05 3.705299946938183606e-16 7.820915916741201765e-10 4.645020439816340385e+00
6.600032247664229944e+05 3.163189696969327734e-16 7.053578130653826614e-10 4.607163966778015762e+00
6.938423137119094608e+05 2.700393814886974365e-16 6.361526575006174073e-10 4.569616020380094845e+00
7.294163698479967425e+05 2.305308076360319865e-16 5.737374650838061184e-10 4.532374086161947702e+00
7.668143468447235646e+05 1.968026032955558571e-16 5.174460484595199238e-10 4.495435670149471541e+00
8.061297591243179049e+05 1.680090616133943365e-16 4.666775822758260098e-10 4.458798298700302531e+00
8.474609156959623797e+05 1.434282083241667920e-16 4.208901902858922829e-10 4.422459518329995731e+00
8.909111659795242595e+05 1.224436988429708059e-16 3.795951616424386161e-10 4.386416895549738015e+00
9.365891582329371013e+05 1.045293639342080545e-16 3.423517346519133370e-10 4.350668016703513885e+00
9.846091112294379855e+05 8.923601645277554832e-17 3.087623923130389158e-10 4.315210487806279360e+00
1.035091099863994634e+06 7.618018834757352052e-17 2.784686194267488692e-10 4.280041934383769231e+00
1.088161355403086869e+06 6.503451551698294680e-17 2.511470759911093581e-10 4.245160001313428744e+00
1.143952581128624268e+06 5.551952942452145708e-17 2.265061460380309597e-10 4.210562352666787689e+00
1.202604284165272489e+06 4.739664965621785916e-17 2.042828250758452892e-10 4.176246671552966916e+00
1.264263124320930336e+06 4.046220171387259627e-17 1.842399129159240668e-10 4.142210659963500241e+00
1.329083280812643003e+06 3.454231004532760215e-17 1.661634819210684144e-10 4.108452038620248992e+00
1.397226837794951163e+06 2.948853825860679921e-17 1.498605936528347336e-10 4.074968546815514792e+00
1.468864189654704416e+06 2.517416720214230861e-17 1.351572395470637991e-10 4.041757942271729576e+00
1.544174467085782439e+06 2.149101758668737080e-17 1.218964836366564181e-10 4.008818000983772833e+00
1.623345985009134281e+06 1.834673747904550990e-17 1.099367874985905172e-10 3.976146517071869280e+00
1.706576713458170416e+06 1.566248665365766678e-17 9.915049954628670927e-11 3.943741302634095724e+00
1.794074772606963990e+06 1.337095973909182550e-17 8.942249254285550457e-11 3.911600187599692191e+00
1.886058953179090517e+06 1.141469859147459704e-17 8.064893479276817285e-11 3.879721019585475439e+00
1.982759263538399944e+06 9.744651578985570225e-18 7.273618189616073999e-11 3.848101663742937717e+00
2.084417504829733167e+06 8.318943652777248641e-18 6.559977723733298648e-11 3.816740002634744222e+00
2.191287875607731752e+06 7.101826364655281242e-18 5.916355053842740899e-11 3.785633936066445937e+00
2.303637607465630397e+06 6.062781504346513029e-18 5.335880485768788483e-11 3.754781380973835958e+00
2.421747633253435604e+06 5.175755880536361035e-18 4.812358335374507953e-11 3.724180271255737917e+00
2.545913289556382690e+06 4.418508058673427222e-18 4.340200799066873951e-11 3.693828557663187517e+00
2.676445055190230254e+06 3.772050675334584093e-18 3.914368312464039541e-11 3.663724207634829533e+00
2.813669327560023405e+06 3.220174345812289416e-18 3.530315760718667827e-11 3.633865205187901459e+00
2.957929238823618274e+06 2.749041227157719802e-18 3.183943966307664111e-11 3.604249550758045206e+00
3.109585513900805730e+06 2.346838045722803735e-18 2.871555936549790016e-11 3.574875261083837241e+00
