# [1] k:    [h/Mpc] 
# [2] P:    [Mpc^3/h^3] 
# [3] T:    [Mpc^3/h^3] 
# [4] Delta_k 
3.059023205018257859e-07 8.052364068069825520e-02 3.700445245695901394e+04 1.167728757175612893e-22
3.215862678579245412e-07 8.443189641018540581e-02 3.698677660744016612e+04 1.422555730900572941e-22
3.380743483904743061e-07 8.852984131348358432e-02 3.696910920117946807e+04 1.732992182551055267e-22
3.554077908890640533e-07 9.282668205051837484e-02 3.695145023407656117e+04 2.111173460235406137e-22
3.736299379885273404e-07 9.733207213107585021e-02 3.693379970203314588e+04 2.571883141806871212e-22
3.927863545481053003e-07 1.020561336039969708e-01 3.691615760115442390e+04 3.133130943393390662e-22
4.129249415873286729e-07 1.070094797958325711e-01 3.689852392734591558e+04 3.816856741614080046e-22
4.340960560635169786e-07 1.122032391566731430e-01 3.688089867658228468e+04 4.649788230754952172e-22
4.563526367904018199e-07 1.176490802615777487e-01 3.686328184484010853e+04 5.664485741669332829e-22
4.797503368127355169e-07 1.233592380258120985e-01 3.684567342809787806e+04 6.900615065724302400e-22
5.043476625678916271e-07 1.293465411924585029e-01 3.682807342233602685e+04 8.406498040061732414e-22
5.302061201824328858e-07 1.356244411536551842e-01 3.681048182346993417e+04 1.024100150844851892e-21
5.573903692694645323e-07 1.422070421731584933e-01 3.679289862761781114e+04 1.247583849976799792e-21
5.859683846113473662e-07 1.491091330708385343e-01 3.677532383069884963e+04 1.519837157956570077e-21
6.160116261320592563e-07 1.563462204493605290e-01 3.675775742863427877e+04 1.851502796176817331e-21
6.475952175842278093e-07 1.639345635339196083e-01 3.674019941754786851e+04 2.255545988145266344e-21
6.807981343976415384e-07 1.718912106977424914e-01 3.672264979336466058e+04 2.747761286206788815e-21
7.157034011589609116e-07 1.802340377654077785e-01 3.670510855201172672e+04 3.347390000306658796e-21
7.523982992164306405e-07 1.889817881756722384e-01 3.668757568961838115e+04 4.077872364837750241e-21
7.909745849287134463e-07 1.981541150876287849e-01 3.667005120211550820e+04 4.967763846574202121e-21
8.315287191035797356e-07 2.077716255370685439e-01 3.665253508550268452e+04 6.051851413527946171e-21
8.741621082001717898e-07 2.178559267319193915e-01 3.663502733571475983e+04 7.372513400882361952e-21
9.189813578979717484e-07 2.284296746001105716e-01 3.661752794895505940e+04 8.981376133109474054e-21
9.660985396665287929e-07 2.395166246816517741e-01 3.660003692102897185e+04 1.094133206111782711e-20
1.015631471002508262e-06 2.511416855061035514e-01 3.658255424794381543e+04 1.332899830682896177e-20
1.067704010034801725e-06 2.633309745530492685e-01 3.656507992584182648e+04 1.623771172209032682e-20
1.122446365234364056e-06 2.761118769244440552e-01 3.654761395066748082e+04 1.978117754239826687e-20
1.179995421003214005e-06 2.895131068719120626e-01 3.653015631836724788e+04 2.409791426646184697e-20
1.240495079956737545e-06 3.035647723110013740e-01 3.651270702508891554e+04 2.935666851739186618e-20
1.304096622755184042e-06 3.182984424570478588e-01 3.649526606678274402e+04 3.576301155820161955e-20
1.370959086384113674e-06 3.337472187543105151e-01 3.647783343946737295e+04 4.356737532919770589e-20
1.441249661829700436e-06 3.499458092411610877e-01 3.646040913909704977e+04 5.307484214463459141e-20
1.515144112143284134e-06 3.669306065320268040e-01 3.644299316182688926e+04 6.465707074165401315e-20
1.592827211940548929e-06 3.847397695715133459e-01 3.642558550361488597e+04 7.876682488284834905e-20
1.674493209434307728e-06 4.034133093677568782e-01 3.640818616042107897e+04 9.595567245680591733e-20
1.760346312156213177e-06 4.229931788878594778e-01 3.639079512840608368e+04 1.168955469560417720e-19
1.850601197581954108e-06 4.435233673046704017e-01 3.637341240359986114e+04 1.424050141939563558e-19
1.945483549936765273e-06 4.650499988227765891e-01 3.635603798183587060e+04 1.734812710620974039e-19
2.045230624523543909e-06 4.876214363183428158e-01 3.633867185934642475e+04 2.113391272054481011e-19
2.150091840984688092e-06 5.112883899775618746e-01 3.632131403210110147e+04 2.574584934414797349e-19
2.260329406981118614e-06 5.361040312309640621e-01 3.630396449607148679e+04 3.136422333214192774e-19
2.376218973848010330e-06 5.621241122172714322e-01 3.628662324742920464e+04 3.820866393190660207e-19
2.498050325866710336e-06 5.894070910255366780e-01 3.626929028208362433e+04 4.654672886351875134e-19
2.626128104876382668e-06 6.180142630461870068e-01 3.625196559621002962e+04 5.670436348580532946e-19
2.760772572037287162e-06 6.480098986684306173e-01 3.623464918585350824e+04 6.907864240621489009e-19
2.902320408650496801e-06 6.794613876699997501e-01 3.621734104686341743e+04 8.415329162182645848e-19
3.051125558036519890e-06 7.124393906388502007e-01 3.620004117545353074e+04 1.025175979741578281e-18
3.207560110577962700e-06 7.470179977058811760e-01 3.618274956770756398e+04 1.248894451052392379e-18
3.372015234139298021e-06 7.832748949971427566e-01 3.616546621954659349e+04 1.521433764237204018e-18
3.544902152190277809e-06 8.212915391838531143e-01 3.614819112712397327e+04 1.853447821002523061e-18
3.726653172078803499e-06 8.611533404708651140e-01 3.613092428643043968e+04 2.257915464952942493e-18
3.917722766024474580e-06 9.029498544951123362e-01 3.611366569355729735e+04 2.750647840798689469e-18
4.118588707535861475e-06 9.467749835220105048e-01 3.609641534459764080e+04 3.350906471718592296e-18
4.329753266093139866e-06 9.927271874058704038e-01 3.607917323554796167e+04 4.082156216306026560e-18
4.551744463083409039e-06 1.040909704808912428e+00 3.606193936257073801e+04 4.972982539211221567e-18
4.785117392129195949e-06 1.091430785121084934e+00 3.604471372160067403e+04 6.058208952519891241e-18
5.030455607111644826e-06 1.144403931682724584e+00 3.602749630877119489e+04 7.380258310380784848e-18
5.288372581359179674e-06 1.199948156774746533e+00 3.601028712018473016e+04 8.990811171243582580e-18
5.559513241650373021e-06 1.258188248992913039e+00 3.599308615184731752e+04 1.095282605530376284e-17
5.844555580866815540e-06 1.319255053617307993e+00 3.597589339986515552e+04 1.334300057167676576e-17
6.144212353328471540e-06 1.383285766570353292e+00 3.595870886034626164e+04 1.625476962357869641e-17
6.459232857050738118e-06 1.450424242640580452e+00 3.594153252930239250e+04 1.980195789513715008e-17
6.790404807379771878e-06 1.520821318694715485e+00 3.592436440291067265e+04 2.412322940052093732e-17
7.138556306691162195e-06 1.594635152524171984e+00 3.590720447712131136e+04 2.938750803277628098e-17
7.504557915077204533e-06 1.672031578205568136e+00 3.589005274808247486e+04 3.580058101001379921e-17
7.889324827200587103e-06 1.753184478654160605e+00 3.587290921191147936e+04 4.361314335422467749e-17
8.293819160757753291e-06 1.838276176271096851e+00 3.585577386462958384e+04 5.313059787215817011e-17
8.719052362274285227e-06 1.927497842580795373e+00 3.583864670239045518e+04 6.472499373252973378e-17
9.166087736248057605e-06 2.021049927700839799e+00 3.582152772121915768e+04 7.884957033136905272e-17
9.636043103964330830e-06 2.119142610711258090e+00 3.580441691727301077e+04 9.605647498623290604e-17
1.013009359863121538e-05 2.221996271829300706e+00 3.578731428661344398e+04 1.170183470626983622e-16
1.064947460382478790e-05 2.329841987537211168e+00 3.577021982530380774e+04 1.425546122864042761e-16
1.119548484259151579e-05 2.442922049744205015e+00 3.575313352950691478e+04 1.736635151176399217e-16
1.176948962493235138e-05 2.561490510102792051e+00 3.573605539525733911e+04 2.115611413706339871e-16
1.237292426178888029e-05 2.685813750804556310e+00 3.571898541868908069e+04 2.577289565267975257e-16
1.300729765406831334e-05 2.816171083036534739e+00 3.570192359593794390e+04 3.139717180677551134e-16
1.367419606568169201e-05 2.952855374485815698e+00 3.568486992307662877e+04 3.824880256951964814e-16
1.437528709002991615e-05 3.096173707326093094e+00 3.566782439621218509e+04 4.659562673369146080e-16
1.511232381985586521e-05 3.246448068114163643e+00 3.565078701142111095e+04 5.676393206703213548e-16
1.588714923088939049e-05 3.404016071199120752e+00 3.563375776484663947e+04 6.915121030834546259e-16
1.670170079024660794e-05 3.569231717214537802e+00 3.561673665263378643e+04 8.424169561528650381e-16
1.755801530110687162e-05 3.742466188374779179e+00 3.559972367083224526e+04 1.026252938810706125e-15
1.845823399578163895e-05 3.924108682437794204e+00 3.558271881562313501e+04 1.250206428927109832e-15
1.940460788991057802e-05 4.114567287051647426e+00 3.556572208309225971e+04 1.523032047773728666e-15
2.039950341117315543e-05 4.314269896604254306e+00 3.554873346932734421e+04 1.855394889092264331e-15
2.144540831659045798e-05 4.523665173578152121e+00 3.553175297051497910e+04 2.260287430923036642e-15
2.254493791321357228e-05 4.743223556484819525e+00 3.551478058271427290e+04 2.753537427754162149e-15
2.370084159775344190e-05 4.973438316841144236e+00 3.549781630211545416e+04 3.354426637217789520e-15
2.491600973150475266e-05 5.214826667311844410e+00 3.548086012478140037e+04 4.086444568009141637e-15
2.619348086775470484e-05 5.467930923767677420e+00 3.546391204687373101e+04 4.978206714117271637e-15
2.753644934974891994e-05 5.733319723656544298e+00 3.544697206455584092e+04 6.064573170168088190e-15
2.894827329821342076e-05 6.011589303512895555e+00 3.543004017392846436e+04 7.388011355981620322e-15
3.043248300840562692e-05 6.303364838523627611e+00 3.541311637112647441e+04 9.000256121009242556e-15
3.199278977769132648e-05 6.609301847046304523e+00 3.539620065222217818e+04 1.096433212408169652e-14
3.363309518572123809e-05 6.930087663426444777e+00 3.537929301348292211e+04 1.335701754608809074e-14
3.535750085041236633e-05 7.266442982058398670e+00 3.536239345098469494e+04 1.627184544461680723e-14
3.717031868412924126e-05 7.619123476621537883e+00 3.534550196085364587e+04 1.982276007796372228e-14
3.907608167571078754e-05 7.988921497813926464e+00 3.532861853924995376e+04 2.414857112832943562e-14
4.107955522530357004e-05 8.376667853469935920e+00 3.531174318231953657e+04 2.941837994539719127e-14
4.318574906034433776e-05 8.783233675103382154e+00 3.529487588621016039e+04 3.583818992902946550e-14
4.539992976248807967e-05 9.209532375037801089e+00 3.527801664707141754e+04 4.365895945912339395e-14
4.772763393680535859e-05 9.656521698527063435e+00 3.526116546105475572e+04 5.318641217170978263e-14
5.017468205617894183e-05 1.012520587547652262e+01 3.524432232431345619e+04 6.479298807722424390e-14
5.274719301551768723e-05 1.061663787659922065e+01 3.522748723300264101e+04 7.893240270507195671e-14
5.545159943218107865e-05 1.113192177908571168e+01 3.521066018329525832e+04 9.615738340969299422e-14
5.829466373087315435e-05 1.167221524703182034e+01 3.519384117130208324e+04 1.171412761718415632e-13
6.128349505322671351e-05 1.223873213240955238e+01 3.517703019323175977e+04 1.427043675337457779e-13
6.442556703436033705e-05 1.283274520208155955e+01 3.516022724524672958e+04 1.738459506224862235e-13
6.772873649085907528e-05 1.345558899727099522e+01 3.514343232347929734e+04 2.117833887646187711e-13
7.120126306690828879e-05 1.410866283187114689e+01 3.512664542411158618e+04 2.579997037378469194e-13
7.485182988770643921e-05 1.479343393615931390e+01 3.510986654329558223e+04 3.143015489412944116e-13
7.868956527180084881e-05 1.551144075323288085e+01 3.509309567724896624e+04 3.828898337319500266e-13
8.272406555663884206e-05 1.626429639522234893e+01 3.507633282209546451e+04 4.664457597138043460e-13
8.696541909440986997e-05 1.705369226752899436e+01 3.505957797402447613e+04 5.682356322557857013e-13
9.142423147818073699e-05 1.788140186875900994e+01 3.504283112921128486e+04 6.922385444413716866e-13
9.611165206140254191e-05 1.874928477517241987e+01 3.502609228383297159e+04 8.433019247807441786e-13
1.010394018371016720e-04 1.965929081850612903e+01 3.500936143406847987e+04 1.027331029237622258e-12
1.062198027464676133e-04 2.061346446656904874e+01 3.499263857609854313e+04 1.251519785050696983e-12
1.116658084901241013e-04 2.161394941645169965e+01 3.497592370610574289e+04 1.524632010322601213e-12
1.173910369191279803e-04 2.266299341068013717e+01 3.495921682028242503e+04 1.857344002601783250e-12
1.234098040866900780e-04 2.376295328707287879e+01 3.494251791479891108e+04 2.262661888667355664e-12
1.297371600457651012e-04 2.491630027379781964e+01 3.492582698585119215e+04 2.756430050252452683e-12
1.363889264820232711e-04 2.612562554132480841e+01 3.490914402962913300e+04 3.357950500686481280e-12
1.433817362763056455e-04 2.739364602389611036e+01 3.489246904232441011e+04 4.090737424672856251e-12
1.507330750954898936e-04 2.872321052353503745e+01 3.487580202013053349e+04 4.983436377099071724e-12
1.584613251157653230e-04 3.011730611032947635e+01 3.485914295925074111e+04 6.070944073510581647e-12
1.665858109876483387e-04 3.157906483328742908e+01 3.484249185586631938e+04 7.395772546238686119e-12
1.751268481576742783e-04 3.311177075704480188e+01 3.482584870618415880e+04 9.009710992786121687e-12
1.841057936675958640e-04 3.471886733996586116e+01 3.480921350640501623e+04 1.097585028014615079e-11
1.935450995581117185e-04 3.640396517041255464e+01 3.479258625273147481e+04 1.337104924549089594e-11
2.034683690106629794e-04 3.817085007848396572e+01 3.477596694136795122e+04 1.628893920398502762e-11
2.139004153676812446e-04 4.002349164148071736e+01 3.475935556852853915e+04 1.984358411369382690e-11
2.248673241788693637e-04 4.196605210208647918e+01 3.474275213040150993e+04 2.417393947793979584e-11
2.363965184286629729e-04 4.400289571963696744e+01 3.472615662321646232e+04 2.944928428932797702e-11
2.485168271079757005e-04 4.613859857493078209e+01 3.470956904317317822e+04 3.587583835662729977e-11
2.612585573016925852e-04 4.837795885120824835e+01 3.469298938648907642e+04 4.370482369438327974e-11
2.746535699721688829e-04 5.072600761395618463e+01 3.467641764937940752e+04 5.324228510479616698e-11
2.887353596282311993e-04 5.318802011397526286e+01 3.465985382806124835e+04 6.486105385078343897e-11
3.035391380788964293e-04 5.576952763905199362e+01 3.464329791875741648e+04 7.901532209511129776e-11
3.191019224812350285e-04 5.847632994079136637e+01 3.462674991768071777e+04 9.625839783849402415e-11
3.354626279025451924e-04 6.131450826472194393e+01 3.461020982105758594e+04 1.172643344196040112e-10
3.526621646282911485e-04 6.429043901269849925e+01 3.459367762511328328e+04 1.428542801007900370e-10
3.707435404591257876e-04 6.741080806846706253e+01 3.457715332607342862e+04 1.740285777778972610e-10
3.897519682527942697e-04 7.068262581853099391e+01 3.456063692016518326e+04 2.120058696318328247e-10
4.097349789798286580e-04 7.411215551917182154e+01 3.454387498850384145e+04 2.582669460462873840e-10
4.307425405757319271e-04 7.770875134838975384e+01 3.452726890535917482e+04 3.146251860102436786e-10
4.528271828868440083e-04 8.148150097523523527e+01 3.451101266146571288e+04 3.832893458903607246e-10
4.760441290223192071e-04 8.543786156095512752e+01 3.449485379553480743e+04 4.669412795409140953e-10
5.004514334406633081e-04 8.958628817583239368e+01 3.447869550325188902e+04 5.688498061374033431e-10
5.261101271161193775e-04 9.393566850332742035e+01 3.446245806656236527e+04 6.929960740502330565e-10
5.530843701478924991e-04 9.849464148273644071e+01 3.444595407416619855e+04 8.442226888801350685e-10
5.814416121938181326e-04 1.032722623957529464e+02 3.442902253066197591e+04 1.028424181363462132e-09
6.112527611296385451e-04 1.082782988829239343e+02 3.441157022308908927e+04 1.252778192327857772e-09
6.425923603556274889e-04 1.135228974729185722e+02 3.439350548794515635e+04 1.526020613728633138e-09
6.755387751939181127e-04 1.190160840969869867e+02 3.437466452329790627e+04 1.858774740782967813e-09
7.101743888426273075e-04 1.247686982231417403e+02 3.435495569524962048e+04 2.263971322780101179e-09
7.465858083767621441e-04 1.307913382451894790e+02 3.433420481223432580e+04 2.757328014589558748e-09
7.848640813110194670e-04 1.370956038171343891e+02 3.431232896583789989e+04 3.357972620881169682e-09
8.251049232659968648e-04 1.436934349240912070e+02 3.428923743118590937e+04 4.089165809706150707e-09
8.674089573071004124e-04 1.505956539789068245e+02 3.426466687058560638e+04 4.979140777915326178e-09
9.118819655546198935e-04 1.578156766456217497e+02 3.423862348955479683e+04 6.062284038991264496e-09
9.586351536941296880e-04 1.653648709381747040e+02 3.421084366844484612e+04 7.380292383560528442e-09
1.007785429048626679e-03 1.732573565592345517e+02 3.418132779356582614e+04 8.983926030744937674e-09
1.059455692907732439e-03 1.815059561623147601e+02 3.414990175453279517e+04 1.093476708749485574e-08
1.113775147844932919e-03 1.901227783592049718e+02 3.411630788490641862e+04 1.330751548961614719e-08
1.170879620791311689e-03 1.991219078217353058e+02 3.408045640470170474e+04 1.619295261734932877e-08
1.230911902673626282e-03 2.085167273094157849e+02 3.404217192835747846e+04 1.970117245809979730e-08
1.294022105466001958e-03 2.183208616318014208e+02 3.400128730827801337e+04 2.396572555411246609e-08
1.360368037548055848e-03 2.285478586781922843e+02 3.395762053100610501e+04 2.914853109459021521e-08
1.430115598308045934e-03 2.392103196839166515e+02 3.391091897580435761e+04 3.544570355543251780e-08
1.503439192977754080e-03 2.503243012141378472e+02 3.386117627352715499e+04 4.309539585801483524e-08
1.580522168736409397e-03 2.619010880655686719e+02 3.380804958017855824e+04 5.238528811283610579e-08
1.661557273174137529e-03 2.739527498445589231e+02 3.375127847141942766e+04 6.366369929642817980e-08
1.746747136261333697e-03 2.864938291748226789e+02 3.369077203550692502e+04 7.735273088492707496e-08
1.836304777029133936e-03 2.995360225090209951e+02 3.362627708064932813e+04 9.396229365826213444e-08
1.930454136227949345e-03 3.130886051090259343e+02 3.355743979642886552e+04 1.141079715001330712e-07
2.029430636295988157e-03 3.271667601402689911e+02 3.348426007016294898e+04 1.385358165497710339e-07
2.133481770037976965e-03 3.417751918449633877e+02 3.340621858917688223e+04 1.681425399619095615e-07
2.242867719486086112e-03 3.569261069447824184e+02 3.332323371608289017e+04 2.040138047087702704e-07
2.357862006490532136e-03 3.726270789098327896e+02 3.323503331587851426e+04 2.474570460823408653e-07
2.478752176666675511e-03 3.888851586463201784e+02 3.314137538531369501e+04 3.000481502861132268e-07
2.605840518408833982e-03 4.057009687241087477e+02 3.304180749380068301e+04 3.636803209760048118e-07
2.739444818768723561e-03 4.230823191802166434e+02 3.293624945730476611e+04 4.406388707519122433e-07
2.879899158088616417e-03 4.410289134628520742e+02 3.282435245291371393e+04 5.336655444015022156e-07
3.027554745376210416e-03 4.595384444503614532e+02 3.270577855309133520e+04 6.460529645034835803e-07
3.182780796510085389e-03 4.786080043020118069e+02 3.258025481197834961e+04 7.817545248549916375e-07
3.345965457471714814e-03 4.982301484148425743e+02 3.244743944161281615e+04 9.455067246744736239e-07
3.517516774912597243e-03 5.183997753663411459e+02 3.230715847371601558e+04 1.142993064994410053e-06
3.697863716483424691e-03 5.391007526427299581e+02 3.215897955883078248e+04 1.380997527798303586e-06
3.887457243476651579e-03 5.603185650262204263e+02 3.200263420892337308e+04 1.667639400493584432e-06
4.086771438464619106e-03 5.820329778484633607e+02 3.183779254437598138e+04 2.012606634113840526e-06
4.296304690752923532e-03 6.042181149990757376e+02 3.166408583096029906e+04 2.427444009917130980e-06
4.516580942613284376e-03 6.268518954093046887e+02 3.148136001165948619e+04 2.925934471120958437e-06
4.748150999412126434e-03 6.498927903244473328e+02 3.128908078743772421e+04 3.524402847783438069e-06
4.991593906910903912e-03 6.733083304800458109e+02 3.108707563683603439e+04 4.242305934105847516e-06
5.247518399182111472e-03 6.970502509651673790e+02 3.087492069949181314e+04 5.102655599242685795e-06
5.516564420761540903e-03 7.210748297696469535e+02 3.065242975245373236e+04 6.132769998720059085e-06
5.799404726842954938e-03 7.453258436531758662e+02 3.041926798048102137e+04 7.364897277981915071e-06
6.096746565516493986e-03 7.697302253555479865e+02 3.017490210622531231e+04 8.836966860847887507e-06
6.409333446257287764e-03 7.942257523485977799e+02 2.991916802996198021e+04 1.059382569068033678e-05
6.737946999086424568e-03 8.187335597482707499e+02 2.965171092760148531e+04 1.268807166030785478e-05
7.083408929053131541e-03 8.431773976336905889e+02 2.937236188822150507e+04 1.518155156186561557e-05
7.446583070925409317e-03 8.674480687701203578e+02 2.908051312673897701e+04 1.814616516380132191e-05
7.828377549226901017e-03 8.914577303871836875e+02 2.877607997053491272e+04 2.166637734540533837e-05
8.229747049021221908e-03 9.151000948494030354e+02 2.845879354959059128e+04 2.584034572502975067e-05
8.651695203121895217e-03 9.382383958553692764e+02 2.812805591640685452e+04 3.078130963602909237e-05
9.095277101697147801e-03 9.607645809835506725e+02 2.778385724465563180e+04 3.662140888848244689e-05
9.561601930544914862e-03 9.825283089280674176e+02 2.742568690805192091e+04 4.351182595547981632e-05
1.005183574463506743e-02 1.003385489170395203e+03 2.705327309216395224e+04 5.162668324561492134e-05
1.056720438385422289e-02 1.023190946510315825e+03 2.666644878461548433e+04 6.116560414323038495e-05
1.110899653824396448e-02 1.041768938709112717e+03 2.626476216898666462e+04 7.235460178520235035e-05
1.167856697039719623e-02 1.058954256275483431e+03 2.584802121079256176e+04 8.545079858572661663e-05
1.227733990307029038e-02 1.074567926453979226e+03 2.541596296546977101e+04 1.007434852890480630e-04
1.290681258048182248e-02 1.088421721917279910e+03 2.496831089360609622e+04 1.185562545742738466e-04
1.356855901220299469e-02 1.100324595319225637e+03 2.450484186930925352e+04 1.392490571148999757e-04
1.426423390900143431e-02 1.110091301893231730e+03 2.402546349411621122e+04 1.632203536240971263e-04
1.499557682048000690e-02 1.117529164343036427e+03 2.353004667522955788e+04 1.909055932548500603e-04
1.576441648485692182e-02 1.122427283756784846e+03 2.301830785151801683e+04 2.227728054782765943e-04
1.657267540176381518e-02 1.124633327276555292e+03 2.249058190294581436e+04 2.593337743034209602e-04
1.742237463949622076e-02 1.123957954535758972e+03 2.194679874355860011e+04 3.011219187627181462e-04
1.831563888873704443e-02 1.120250504978408117e+03 2.138723559630363161e+04 3.486997407289198279e-04
1.925470177538994923e-02 1.113378973820013243e+03 2.081227318876301069e+04 4.026462547184935241e-04
2.024191144580758314e-02 1.103253527844210794e+03 2.022258192944714392e+04 4.635537999578714409e-04
2.127973643838054069e-02 1.089794249626211013e+03 1.961878591367524496e+04 5.320022939671234909e-04
2.237077185616915750e-02 1.072985316076076742e+03 1.900192905445657743e+04 6.085649613844814872e-04
2.351774585601286785e-02 1.052883553521114891e+03 1.837350046960948748e+04 6.938054059297728976e-04
2.472352647034336062e-02 1.029572115842194989e+03 1.773499419821995980e+04 7.882396587643721942e-04
2.599112877875953478e-02 1.003216463444804504e+03 1.708838109992757381e+04 8.923604888129818731e-04
2.732372244729698585e-02 9.740690982019301600e+02 1.643612401479662003e+04 1.006652601461103169e-03
2.872463965424410307e-02 9.424458429250653353e+02 1.578096872073491249e+04 1.131593462609924942e-03
3.019738342232343442e-02 9.087521953241270012e+02 1.512617514887220204e+04 1.267720963327802252e-03
3.174563637807315680e-02 8.734716367863818505e+02 1.447543831064917140e+04 1.415699825284293242e-03
3.337326996033158216e-02 8.371462369224201439e+02 1.383276232190187693e+04 1.576405251268462758e-03
3.508435410085083278e-02 8.003851862580594343e+02 1.320257678724105062e+04 1.751095201017232629e-03
3.688316740124613496e-02 7.638167324235694196e+02 1.258939024347453233e+04 1.941529778758326269e-03
3.877420783172848273e-02 7.277195636188677099e+02 1.199480157655158109e+04 2.149132099300525046e-03
4.076220397837305304e-02 6.928485994749090651e+02 1.142434067862763732e+04 2.377286784500575335e-03
4.285212686704739649e-02 6.600403774002990076e+02 1.088424118102706416e+04 2.631224527791325117e-03
4.504920239356542677e-02 6.298132807296505007e+02 1.037814520245593121e+04 2.917046764261855586e-03
4.735892439114896407e-02 6.024381622128923937e+02 9.907657933634372966e+03 3.241814978428223405e-03
4.978706836787243073e-02 5.778973974371142504e+02 9.471986418695298198e+03 3.613022452656816132e-03
5.233970594844135349e-02 5.559215528455570166e+02 9.068247903365239836e+03 4.038104985831655717e-03
5.502322005641668845e-02 5.360488003741694456e+02 8.692000114686021334e+03 4.523895817418418543e-03
5.784432087484844831e-02 5.178399370286712156e+02 8.339043909955416893e+03 5.077477176104487275e-03
6.081006262522850592e-02 5.015926329697457504e+02 8.011152436599233624e+03 5.714098996274824711e-03
6.392786120671870020e-02 4.847167734305966178e+02 7.687132663751365726e+03 6.415475219679808543e-03
6.720551273976151097e-02 4.667446015757803934e+02 7.363103997115440507e+03 7.177352217365132528e-03
7.065121306044198912e-02 4.466644455052178841e+02 7.030932129583769893e+03 7.980140024510317537e-03
7.427357821434696361e-02 4.237328832310123516e+02 6.684504633089458366e+03 8.795599952548856931e-03
7.808166600116696332e-02 3.977640347438772324e+02 6.321742930974420233e+03 9.592746871152885157e-03
8.208499862391337165e-02 3.692900127814926350e+02 5.945779340517353376e+03 1.034735161718853928e-02
8.629358649938589920e-02 3.394764461283301102e+02 5.564559118636301719e+03 1.105135332368331787e-02
9.071795328942874881e-02 3.098781416426701867e+02 5.189462040641820749e+03 1.172035947312868344e-02
9.536916221556676621e-02 2.821861733691272320e+02 4.833877765577988612e+03 1.240023431849422014e-02
1.002588437228218304e-01 2.579853079823931239e+02 4.511554592564463746e+03 1.317144151515800728e-02
1.053992245618834284e-01 2.383634343283123940e+02 4.233011788140555836e+03 1.413911217992501815e-02
1.108031583623540345e-01 2.234338031523802783e+02 4.000414849423568285e+03 1.539839855601928334e-02
1.164841577735182265e-01 2.122366110784289788e+02 3.805762424198198005e+03 1.699382544603625714e-02
1.224564282530043596e-01 2.030129974348380131e+02 3.633242412861045068e+03 1.888595134307551743e-02
1.287349035878279091e-01 1.935129938953340059e+02 3.462489383781475681e+03 2.091555182778006422e-02
1.353352832366376823e-01 1.815699598015294498e+02 3.273831432247019166e+03 2.280065718874393563e-02
1.422740715865399574e-01 1.665037858910118587e+02 3.060182326495726102e+03 2.429246874136973058e-02
1.495686192226629019e-01 1.497903046408265482e+02 2.833205193184785458e+03 2.539074337859302186e-02
1.572371663136570008e-01 1.337807862862477464e+02 2.613569059468348314e+03 2.634690639825923095e-02
1.652988882216175348e-01 1.205626643285091006e+02 2.421834476724382512e+03 2.758626435102890656e-02
1.737739434504778357e-01 1.112608890277420670e+02 2.270963911470714720e+03 2.957786039622026936e-02
1.826835240527691917e-01 1.048346479310663284e+02 2.151752525035412873e+03 3.237973143333817971e-02
1.920499086207905493e-01 9.886319204348311018e+01 2.039661723574728285e+03 3.547702566470176122e-02
2.018965179946938526e-01 9.140873453375081681e+01 1.914412894746246820e+03 3.811048207774106467e-02
2.122479738267836202e-01 8.225578363899531098e+01 1.772661920751376556e+03 3.984440650704438452e-02
2.231301601484726449e-01 7.321075521354772775e+01 1.632416845637606002e+03 4.120215933579398498e-02
2.345702880938428103e-01 6.616930415826432466e+01 1.514861189070464889e+03 4.326590877632916637e-02
2.465969639416541459e-01 6.129708096117069260e+01 1.423198190360896206e+03 4.656646047147311451e-02
2.592402606459418002e-01 5.694591516967442146e+01 1.338991146608966801e+03 5.026204840418704856e-02
2.725317930340656614e-01 5.178453096223378793e+01 1.246371103237619764e+03 5.310333866497055078e-02
2.865047968602461026e-01 4.626551180004693720e+01 1.149944721993111216e+03 5.512179131983432900e-02
3.011942119122611450e-01 4.172949974446125054e+01 1.066033368406058798e+03 5.776347371921236595e-02
3.166367693791155569e-01 3.828269319095603151e+01 9.966699907838933541e+02 6.156824570799440677e-02
3.328710836981453314e-01 3.494653716762031337e+01 9.295080293246269321e+02 6.529841157085752856e-02
3.499377491112247163e-01 3.138289805204348681e+01 8.598021474099335819e+02 6.812957612738360091e-02
3.678794411715154977e-01 2.825851499364569364e+01 7.963933063820643383e+02 7.127482322434820772e-02
3.867410234545784475e-01 2.570426972246422892e+01 7.414066876325434805e+02 7.532449960792732269e-02
4.065696597406806001e-01 2.322948354223900935e+01 6.879780342470697860e+02 7.908875010047908272e-02
4.274149319488126375e-01 2.086442405629320973e+01 6.364421387548817393e+02 8.253263881027889104e-02
4.493289641173122684e-01 1.884736620112808581e+01 5.904484561818969723e+02 8.661920058694073943e-02
4.723665527411103904e-01 1.699539509220604927e+01 5.472971925975069780e+02 9.074839228836799332e-02
4.965853037915104462e-01 1.526692971217829786e+01 5.063308298362501318e+02 9.471168280754338475e-02
5.220457767611225153e-01 1.374636155953633931e+01 4.689789294975307712e+02 9.907949443044047899e-02
5.488116360941387439e-01 1.235090853441184500e+01 4.339201653288685634e+02 1.034282310768552676e-01
5.769498103806052214e-01 1.108885087114601298e+01 4.013327333125766359e+02 1.078874446213374666e-01
6.065306597127584354e-01 9.954607429414572550e+00 3.711712344400935990e+02 1.125259463133210097e-01
6.376281516219051149e-01 8.924511911045293289e+00 3.430484094179320778e+02 1.172079801751130385e-01
6.703200460357783275e-01 7.999112180143905348e+00 3.170187855051632368e+02 1.220558692722939625e-01
7.046880897188601001e-01 7.163152637096979802e+00 2.928310588075624992e+02 1.269887529681659188e-01
7.408182206818726412e-01 6.411375492307884727e+00 2.704217209820866969e+02 1.320554829984246781e-01
7.788007830715680813e-01 5.734587028171118206e+00 2.496421825571947863e+02 1.372307843257247195e-01
8.187307530781540166e-01 5.126081236029481403e+00 2.303883794647206571e+02 1.425210634373293983e-01
8.607079764252394405e-01 4.579344826935564328e+00 2.125545628744029898e+02 1.479248336091979199e-01
9.048374180361511421e-01 4.088564816901874899e+00 1.960447123308777009e+02 1.534450211837635192e-01
9.512294245009160765e-01 3.648336039549200827e+00 1.807665365560364990e+02 1.590819551781836871e-01
1.000000000000213163e+00 3.253683443034986134e+00 1.666323042833416253e+02 1.648335288229962337e-01
1.051271096376248826e+00 2.900150255923063636e+00 1.535616365370392771e+02 1.707005539157609164e-01
1.105170918075884856e+00 2.583583728668966906e+00 1.414766225797402228e+02 1.766774588691300829e-01
1.161834242728533306e+00 2.300441810151514499e+00 1.303106677287439084e+02 1.827738365316749214e-01
1.221402758160433644e+00 2.047262284655520403e+00 1.199946871710929912e+02 1.889819969781123266e-01
1.284025416688019838e+00 1.821088557057769730e+00 1.104693347262122813e+02 1.953089682663184390e-01
1.349858807576296504e+00 1.619042710819310615e+00 1.016731525052523750e+02 2.017407348257149735e-01
1.419067548593566874e+00 1.438762686608365371e+00 9.355621660941308448e+01 2.082901012508080740e-01
1.491824697641596753e+00 1.277976437745470539e+00 8.606774449568449370e+01 2.149544715972489806e-01
1.568312185490513100e+00 1.134639548178173918e+00 7.916056548421263983e+01 2.217306481301703491e-01
1.648721270700491237e+00 1.006919840316662373e+00 7.279110454503755534e+01 2.286161359496144962e-01
1.733253017867778301e+00 8.932107706140752779e-01 6.692043678398522388e+01 2.356188898258674558e-01
1.822118800390913007e+00 7.919965311440890776e-01 6.150980665144345494e+01 2.427300837880611295e-01
1.915540829014322100e+00 7.019514577651932985e-01 5.652456036673551409e+01 2.499491009401292319e-01
2.013752707470925607e+00 6.219027143210946740e-01 5.193328687597347937e+01 2.572830190476494416e-01
2.117000016613148627e+00 5.507612967559589734e-01 4.770536485899398116e+01 2.647257924510910687e-01
2.225540928492967474e+00 4.875727637685882132e-01 4.381332010059739446e+01 2.722804458519353932e-01
2.339646851926517890e+00 4.314631581189432574e-01 4.023085251815552965e+01 2.799399661762876912e-01
2.459603111157505406e+00 3.816742834725861955e-01 3.693471540981393275e+01 2.877121875184862621e-01
2.585709659316432152e+00 3.375049871281107783e-01 3.390231351435457441e+01 2.955899927931421867e-01
2.718281828459663263e+00 2.983432442719329281e-01 3.111345738445933407e+01 3.035777324545137490e-01
2.857651118063815776e+00 2.636325901994816534e-01 2.854898343242415493e+01 3.116714156173004402e-01
3.004166023947120401e+00 2.328830579062529105e-01 2.619153662408958283e+01 3.198747388020088400e-01
3.158192909690492378e+00 2.056492714100065788e-01 2.402462124708379321e+01 3.281809718083955607e-01
3.320116922737311960e+00 1.815408193470947895e-01 2.203337563497592555e+01 3.365926939702677534e-01
3.490342957462647444e+00 1.602094087481049922e-01 2.020406851913660518e+01 3.451140050665333914e-01
3.669296667620093988e+00 1.413370707272048610e-01 1.852353190962533347e+01 3.537323868097299595e-01
3.857425530697870641e+00 1.246519208689493563e-01 1.698033184289869979e+01 3.624615021511482515e-01
4.055199966845619564e+00 1.099024030116686063e-01 1.556328285948677959e+01 3.712908710214102848e-01
4.263114515169814212e+00 9.686925835636431281e-02 1.426236461186391580e+01 3.802219895124649418e-01
4.481689070339116121e+00 8.535753580154475939e-02 1.306833963228227447e+01 3.892577754633188558e-01
4.711470182591849465e+00 7.519242593538318087e-02 1.197257200419859835e+01 3.983948323753400134e-01
4.953032424396282885e+00 6.621927224399001832e-02 1.096714390053193355e+01 4.076319116332351999e-01
5.206979827181080545e+00 5.830092559645452116e-02 1.004476997663067017e+01 4.169686409500647506e-01
5.473947391728498424e+00 5.131605774665617264e-02 9.198771787001398081e+00 4.264080567299847191e-01
5.754602676007100293e+00 4.515606457049030353e-02 8.422910297351956288e+00 4.359456759245399771e-01
6.049647464414390718e+00 3.972513680779545669e-02 7.711480496422677078e+00 4.455801781108136295e-01
6.359819522603354258e+00 3.493874767558411559e-02 7.059267868911630828e+00 4.553150102698280688e-01
6.685894442280875261e+00 3.072124346934131112e-02 6.461395436880436272e+00 4.651441849660918337e-01
7.028687580590986528e+00 2.700653934824459937e-02 5.913469004775124382e+00 4.750747131482799812e-01
7.389056098932435646e+00 2.373505830437317235e-02 5.411328995852808355e+00 4.850957316061748625e-01
7.767901106308653603e+00 2.085512520497764810e-02 4.951264405872926488e+00 4.952153799611972995e-01
8.166169912569634093e+00 1.832044000607425255e-02 4.529795532929102642e+00 5.054304409283834065e-01
8.584858397179985445e+00 1.609012883986067968e-02 4.143728962806982885e+00 5.157380678554963627e-01
9.025013499436326470e+00 1.412814026464762930e-02 3.790137885577674393e+00 5.261369918909615251e-01
9.487735836360851494e+00 1.240276546666993496e-02 3.466352361804621918e+00 5.366319710445958124e-01
9.974182454817173138e+00 1.088584235880972473e-02 3.169898768923891552e+00 5.472228516841457502e-01
1.048556972473016025e+01 9.552255550151966465e-03 2.898466397929394311e+00 5.578947684613622116e-01
1.102317638064432792e+01 8.380332495462834708e-03 2.650006013826936346e+00 5.686588187388008642e-01
1.158834671922626214e+01 7.350769381163886965e-03 2.422610327581976808e+00 5.795187589608357115e-01
1.218249396070650370e+01 6.446394143828622879e-03 2.214504280644153056e+00 5.904671331642007415e-01
1.280710378266622662e+01 5.652138899002413439e-03 2.024069590995435153e+00 6.015003320537354314e-01
1.346373803500505772e+01 4.954829321824366639e-03 1.849840602654179378e+00 6.126266945568120681e-01
1.415403864537935341e+01 4.342679366910538741e-03 1.690440042996893988e+00 6.238341644880991410e-01
1.487973172487657614e+01 3.805460123328242242e-03 1.544633350921941872e+00 6.351301621925340424e-01
1.564263188419211659e+01 3.334028527463094634e-03 1.411261216387785566e+00 6.465007695615501149e-01
1.644464677110120832e+01 2.920529061690141544e-03 1.289301381013657988e+00 6.579690101109634259e-01
1.728778184057202338e+01 2.557839726820154529e-03 1.177772139608970647e+00 6.695166896003466039e-01
1.817414536944768244e+01 2.239775982668209663e-03 1.075790823020353448e+00 6.811407055389704368e-01
1.910595372823652127e+01 1.960942349490729132e-03 9.825595641448069406e-01 6.928532359312427058e-01
2.008553692319280515e+01 1.716521714526290498e-03 8.973297286773517234e-01 7.046442264082832807e-01
2.111534442254602695e+01 1.502296948665057721e-03 8.194193755454223238e-01 7.165071911518294812e-01
2.219795128144734164e+01 1.314601182527020719e-03 7.482147689686298175e-01 7.284553869241817692e-01
2.333606458094873304e+01 1.150160229958637967e-03 6.831394588112019717e-01 7.404768057577106877e-01
2.453253019711569394e+01 1.006124445662502295e-03 6.236730524160427613e-01 7.525736120875445856e-01
2.579033991719975205e+01 8.799829410869624462e-04 5.693367087885604638e-01 7.647433527337816894e-01
2.711263892066493852e+01 7.695340621754694120e-04 5.196930569444206949e-01 7.769865083099164460e-01
2.850273364377471097e+01 6.728416593950952524e-04 4.743406651776403415e-01 7.893010404726816809e-01
2.996410004740484823e+01 5.881982707960179422e-04 4.329091092073679703e-01 8.016738505786070723e-01
3.150039230875619012e+01 5.141290235422320710e-04 3.950679911690255230e-01 8.141234567569149982e-01
3.311545195870102276e+01 4.493147693339814776e-04 3.605056383907827566e-01 8.266335226941102787e-01
3.481331748761120082e+01 3.926109498389510869e-04 3.289416368326969486e-01 8.392066160306644873e-01
3.659823444368765877e+01 3.430090062192828150e-04 3.001175122265029582e-01 8.518363856620637664e-01
3.847466604904231957e+01 2.996283124218092602e-04 2.737984159279208685e-01 8.645252537582063246e-01
4.044730436007814234e+01 2.616912457127847937e-04 2.497669872048890460e-01 8.772597477577309677e-01
4.252108200007410943e+01 2.285265009178713373e-04 2.278293409442377071e-01 8.900609558749568162e-01
4.470118449331276622e+01 1.995292815393883942e-04 2.078000363238223236e-01 9.028882295469047303e-01
4.699306323159186860e+01 1.741873819630666083e-04 1.895184852332184866e-01 9.157738049559001059e-01
4.940244910554343960e+01 1.520395481583081316e-04 1.728313199226126917e-01 9.286932040155363444e-01
5.193536683484541783e+01 1.326857841376401356e-04 1.576003908223184702e-01 9.416386257784064018e-01
5.459815003315897997e+01 1.157782317747875966e-04 1.437008971807891000e-01 9.546209350246126490e-01
5.739745704546173499e+01 1.010082574054674845e-04 1.310163190528330079e-01 9.676205714074593844e-01
6.034028759737834946e+01 8.810826642320759633e-05 1.194417652658743279e-01 9.806387325875968175e-01
6.343400029814058882e+01 7.684277821238138411e-05 1.088805598139671316e-01 9.936641395827299217e-01
6.668633104094334385e+01 6.700603374084514847e-05 9.924455821094324559e-02 1.006687422564322310e+00
7.010541234670704114e+01 5.841840351117537578e-05 9.045352996451011540e-02 1.019705090556357163e+00
7.369979369961600923e+01 5.092209569191382280e-05 8.243369045270808326e-02 1.032702775366902914e+00
7.747846292528217305e+01 4.437961558908271612e-05 7.511805038344829266e-02 1.045675141723786172e+00
8.145086866499057976e+01 3.867023404068930880e-05 6.844502253556906946e-02 1.058605681724327674e+00
8.562694400222423496e+01 3.368880655525902969e-05 6.235872321858793033e-02 1.071487770327879563e+00
9.001713130054676526e+01 2.934288743157433294e-05 5.680764113518628478e-02 1.084297888821364797e+00
9.463240831495036787e+01 2.555214892974150327e-05 5.174518908828664582e-02 1.097027127430632243e+00
9.948431564196151555e+01 2.224628476049365136e-05 4.712875207263558103e-02 1.109664266978032998e+00
1.045849855771433994e+02 1.936316611548125486e-05 4.291867548168255830e-02 1.122159660937963821e+00
1.099471724521542768e+02 1.684996765411596496e-05 3.908036324151702157e-02 1.134544475199890323e+00
1.155842845272200918e+02 1.465880755699830206e-05 3.558027566620911714e-02 1.146740812881624549e+00
1.215104175187690743e+02 1.274935075743904709e-05 3.238955285423032043e-02 1.158774335399096245e+00
1.277403898460648861e+02 1.108540356154932913e-05 2.948068719562188522e-02 1.170594498663732885e+00
1.342897796849734675e+02 9.635626780332791480e-06 2.682889368861605603e-02 1.182167764881168814e+00
1.411749639215168770e+02 8.372607250461339815e-06 2.441147774538380069e-02 1.193449466411216520e+00
1.484131591026187778e+02 7.272645928236186028e-06 2.220807234309350037e-02 1.204425472242778961e+00
1.560224644864394463e+02 6.314828127813848892e-06 2.019976605364420807e-02 1.215047327503569585e+00
1.640219072999485945e+02 5.481061223281713387e-06 1.836956320683866967e-02 1.225294503193422369e+00
1.724314903169036768e+02 4.755337033211526998e-06 1.670160028011187861e-02 1.235097683635814514e+00
1.812722418752032070e+02 4.123858230677139222e-06 1.518169381601117314e-02 1.244422639134479480e+00
1.905662684586848457e+02 3.574553622706916068e-06 1.379685830455749593e-02 1.253228218936503380e+00
2.003368099748494728e+02 3.096778305493739435e-06 1.253502731578635086e-02 1.261428494500081543e+00
2.106082978667353416e+02 2.681420906845543535e-06 1.138554052056143205e-02 1.269000182976159685e+00
2.214064162042512862e+02 2.320434651787136565e-06 1.033848161331495617e-02 1.275881111551564251e+00
2.327581659077297047e+02 2.006803264717867178e-06 9.384808581354261298e-03 1.282005348173798298e+00
2.446919322642916654e+02 1.734401464015897627e-06 8.516257140441050449e-03 1.287297250925309999e+00
2.572375559058498879e+02 1.497948299762803422e-06 7.725441236909342396e-03 1.291725422429794490e+00
2.704264074262317763e+02 1.292769284096287633e-06 7.005454626844742280e-03 1.295205201133829309e+00
2.842914658240042627e+02 1.114831179972536998e-06 6.350110701416369387e-03 1.297689629302088754e+00
2.988674009671481713e+02 9.605985134267811154e-07 5.753718749003091867e-03 1.299115635359069598e+00
3.141906602857868620e+02 8.269997904379069940e-07 5.211122766164756094e-03 1.299437725969033508e+00
3.302995599097462787e+02 7.113489378229521537e-07 4.717597443678382685e-03 1.298604583565718951e+00
3.472343804788374655e+02 6.113091438830967522e-07 4.268850176149165815e-03 1.296579970348140431e+00
3.650374678654371792e+02 5.248480903088609272e-07 3.860985834254652711e-03 1.293350424532411447e+00
3.837533390612260860e+02 4.501824137814858751e-07 3.490411180972528751e-03 1.288888314824461645e+00
4.034287934928555046e+02 3.857666063771618704e-07 3.153882973912556283e-03 1.283203583426510530e+00
4.241130300448911044e+02 3.302515644021324302e-07 2.848437089146856234e-03 1.276321217648330730e+00
4.458577700826506316e+02 2.824574299997887157e-07 2.571352534178587054e-03 1.268271639442046350e+00
4.687173867825576963e+02 2.413599375956443898e-07 2.320163789313342637e-03 1.259124385311434668e+00
4.927490410934046849e+02 2.060630005068528792e-07 2.092603718099413004e-03 1.248957446532147575e+00
5.180128246684984106e+02 1.757854926820620511e-07 1.886598258121762210e-03 1.237869393757137670e+00
5.445719101260938260e+02 1.498480767593079061e-07 1.700256451485613902e-03 1.225990599709222195e+00
5.724927090138447738e+02 1.276555917992014339e-07 1.531826919486569804e-03 1.213444681499259215e+00
6.018450378722650385e+02 1.086917484033903923e-07 1.379713754910668558e-03 1.200385902351184919e+00
6.327022928124463306e+02 9.250667629889105867e-08 1.242447870701059902e-03 1.186974970334684576e+00
6.651416330445650829e+02 7.870732844815269486e-08 1.118665267078572390e-03 1.173350675004376287e+00
6.992441738160994191e+02 6.695376320649331072e-08 1.007119477593226798e-03 1.159663052060687649e+00
7.350951892421985576e+02 5.695071499458541802e-08 9.066590910771858127e-04 1.146041070047028709e+00
7.727843255353874383e+02 4.844200496899413682e-08 8.162184660726765030e-04 1.132575813243761331e+00
8.124058251677936369e+02 4.120731292214692891e-08 7.348241818414067567e-04 1.119344167999014594e+00
8.540587625264155349e+02 3.505689016223223911e-08 6.615823598002514103e-04 1.106386595532487860e+00
8.978472916506958654e+02 2.982840380873368441e-08 5.956801944813502024e-04 1.093723903003723574e+00
9.438809066718714575e+02 2.538267410537612148e-08 5.363740663160821267e-04 1.081332449504461390e+00
9.922747156053346771e+02 2.160210184459883553e-08 4.830009891835907549e-04 1.069207616034425046e+00
1.043149728180628472e+03 1.838647650887399165e-08 4.349608834251258277e-04 1.057325527850283109e+00
1.096633158428801380e+03 1.565081522285071186e-08 3.917151416374658069e-04 1.045662041485983629e+00
1.152858742783748994e+03 1.332386220262874837e-08 3.527913063554141584e-04 1.034257511445875188e+00
1.211967074492957408e+03 1.134403630389579787e-08 3.177514514283298988e-04 1.023081734708185087e+00
1.274105955173854682e+03 9.660491757593416014e-09 2.862228403854304463e-04 1.012246141692532131e+00
1.339430764394840480e+03 8.228673871330542713e-09 2.578520129059991696e-04 1.001753614792920466e+00
1.408104848205140797e+03 7.010847605595516297e-09 2.323227797215642000e-04 9.916211184625428610e-01
1.480299927585014302e+03 5.975092458486147903e-09 2.093532839646012765e-04 9.818927256445179053e-01
1.556196527837648091e+03 5.093610121784177574e-09 1.886779911127274480e-04 9.724992717546248056e-01
1.635984429996447261e+03 4.343324835639277418e-09 1.700671681616152038e-04 9.634519686978342268e-01
1.719863145376471039e+03 3.704403443697599669e-09 1.533096157301390948e-04 9.547072239663961790e-01
1.808042414456641382e+03 3.160404406507430418e-09 1.382237005133684846e-04 9.463216160261878063e-01
1.900742731340188357e+03 2.697020195499062050e-09 1.246390747846472897e-04 9.382627452998850703e-01
1.998195895104759757e+03 2.302291467153190146e-09 1.124069593399256627e-04 9.305607922298476664e-01
2.100645589420852957e+03 1.965450773921150834e-09 1.013783140714008757e-04 9.229768106310903830e-01
2.208347991887921125e+03 1.677892134779921961e-09 9.143172828721077034e-05 9.154546377581826988e-01
2.321572414611807289e+03 1.432405254464662435e-09 8.246103729539720751e-05 9.079937698758980824e-01
2.440601977625289692e+03 1.222834752298970120e-09 7.437049259829073831e-05 9.005937073544360016e-01
2.565734316835632853e+03 1.043925821110546349e-09 6.707373992275917122e-05 8.932539546359025140e-01
2.697282328269386653e+03 8.911924672834917626e-10 6.049289751953724993e-05 8.859740202011532340e-01
2.835574950475434889e+03 7.608050281752064503e-10 5.455772489387531268e-05 8.787534165368934280e-01
2.980957987042702825e+03 6.494941464900784568e-10 4.920487309496877833e-05 8.715916601030155864e-01
3.133794971289250043e+03 5.544687938467982028e-10 4.437720856215199712e-05 8.644882713002294272e-01
3.294468075284922634e+03 4.733462880479085968e-10 4.002320331093592342e-05 8.574427744378935179e-01
3.463379065480592999e+03 4.040925492925566076e-10 3.609638495005841683e-05 8.504546977021757437e-01
3.640950307333554974e+03 3.449710973063316627e-10 3.255484065931383566e-05 8.435235731246177870e-01
3.827625821441170956e+03 2.944995105330943357e-10 2.936076983386581369e-05 8.366489365504791165e-01
4.023872393823642142e+03 2.514122556395678590e-10 2.648008062022759644e-05 8.298303276080621904e-01
4.230180743132199495e+03 2.146289553125258288e-10 2.388202603750971955e-05 8.230672896773326697e-01
4.447066747701334862e+03 1.832272986906016174e-10 2.153887580012233107e-05 8.163593698599953541e-01
4.675072735513344924e+03 1.564199151813778806e-10 1.942562033909654584e-05 8.097061189485934563e-01
4.914768840300775992e+03 1.335346317944945652e-10 1.751970386293690482e-05 8.031070913968074709e-01
5.166754427177720572e+03 1.139976189593033562e-10 1.580078360881313662e-05 7.965618452895277812e-01
5.431659591364801599e+03 9.731900222249930507e-11 1.425051271446955138e-05 7.900699423129359245e-01
5.710146733755425885e+03 8.308057905107613173e-11 1.285234439334950968e-05 7.836309477257037415e-01
6.002912217263044113e+03 7.092533274932328531e-11 1.159135532278429917e-05 7.772444303295957813e-01
6.310688108091153481e+03 6.054848056016867710e-11 1.045408636019410360e-05 7.709099624403358275e-01
6.634244006280128815e+03 5.168983148944789698e-11 9.428398887193385351e-06 7.646271198595913088e-01
6.974388970108182548e+03 4.412726223166140099e-11 8.503345248276088900e-06 7.583954818458534808e-01
7.331973539158482708e+03 3.767114761167923541e-11 7.669051901229395038e-06 7.522146310868803587e-01
7.707891861111141225e+03 3.215960589013993983e-11 6.916614032068987506e-06 7.460841536714772904e-01
8.103083927578147268e+03 2.745443971259201549e-11 6.238000509677334423e-06 7.400036390615321036e-01
8.518537924572025076e+03 2.343767092504844253e-11 5.625968165682742899e-06 7.339726800650385741e-01
8.955292703485578386e+03 2.000858236924473631e-11 5.073984484639429490e-06 7.279908728084789615e-01
9.414440378761499232e+03 1.708119248312514803e-11 4.576157879350314727e-06 7.220578167099510614e-01
9.897129058747319505e+03 1.458209938421295417e-11 4.127174807123383734e-06 7.161731144520053771e-01
1.040456571656430970e+04 1.244864037807266979e-11 3.722243055777661930e-06 7.103363719555376710e-01
1.093801920816896018e+04 1.062732074301696634e-11 3.357040594057595574e-06 7.045471983530743332e-01
1.149882344515380282e+04 9.072472394166596088e-12 3.027669440516078896e-06 6.988052059627533064e-01
1.208838073022117533e+04 7.745108793954396626e-12 2.730614058483939696e-06 6.931100102621159387e-01
1.270816526367042752e+04 6.611947396913909523e-12 2.462703833057402130e-06 6.874612298625364382e-01
1.335972682966652428e+04 5.644575117353593894e-12 2.221079229601039481e-06 6.818584864837399229e-01
1.404469467150771925e+04 4.818735894712239634e-12 2.003161272560135537e-06 6.763014049287141560e-01
1.476478156558243427e+04 4.113722492875521852e-12 1.806624018813167595e-06 6.707896130575728977e-01
1.552178810420236550e+04 3.511857283350984016e-12 1.629369731764649055e-06 6.653227417638685193e-01
1.631760719802116000e+04 2.998048993335074167e-12 1.469506491192817320e-06 6.599004249491819962e-01
1.715422880929701932e+04 2.559414304519498737e-12 1.325327999875959616e-06 6.545222994989149390e-01
1.803374492783486858e+04 2.184954814527251505e-12 1.195295371461097479e-06 6.491880052572218673e-01
1.895835480205053682e+04 1.865281261067373087e-12 1.078020705191745526e-06 6.438971850045309697e-01
1.993037043823734348e+04 1.592378093933398661e-12 9.722522721737714267e-07 6.386494844313951313e-01
2.095222238178608313e+04 1.359402491712761052e-12 8.768611550732153434e-07 6.334445521171222504e-01
2.202646579481454319e+04 1.160512783688001825e-12 7.908291986370616825e-07 6.282820395040553674e-01
2.315578684540369068e+04 9.907219747748963797e-13 7.132381424340644520e-07 6.231616008759658376e-01
2.434300942441707230e+04 8.457727007385616026e-13 6.432598198187455237e-07 6.180828933334721054e-01
2.559110220669883711e+04 7.220304783059420002e-13 5.801473185116306399e-07 6.130455767727713834e-01
2.690318607430719567e+04 6.163925734979895847e-13 5.232270084443241092e-07 6.080493138608927817e-01
2.828254192034512744e+04 5.262102031411542079e-13 4.718913517827600371e-07 6.030937700146601355e-01
2.973261885290210193e+04 4.492221188170397369e-13 4.255924183834554394e-07 5.981786133775768288e-01
3.125704281962085952e+04 3.834979079269942727e-13 3.838360374717414461e-07 5.933035147977466783e-01
3.285962567445517197e+04 3.273895901913071928e-13 3.461765231195091825e-07 5.884681478058262361e-01
3.454437470929026313e+04 2.794902959055006743e-13 3.122119172250687046e-07 5.836721885932983911e-01
3.631550267425979837e+04 2.385989898447316314e-13 2.815796992209396810e-07 5.789153159902609147e-01
3.817743831181556016e+04 2.036903562983630220e-13 2.539529167177753595e-07 5.741972114447114750e-01
4.013483743089039490e+04 1.738890901254598870e-13 2.290366957841732229e-07 5.695175590006853472e-01
4.219259454884566367e+04 1.484479492017232930e-13 2.065650936154817643e-07 5.648760452772249030e-01
4.435585513031406299e+04 1.267290179406766187e-13 1.862982599983930017e-07 5.602723594473973945e-01
4.663002845354139572e+04 1.081877120874492950e-13 1.680198772743062951e-07 5.557061932174818253e-01
4.902080113639969204e+04 9.235912371857783878e-14 1.515348514769620842e-07 5.511772408063274620e-01
5.153415135589398415e+04 7.884636405998250742e-14 1.366672300007473239e-07 5.466851989248630028e-01
5.417636379671867326e+04 6.731061182892350569e-14 1.232583235739595419e-07 5.422297667559133894e-01
5.695404536624281900e+04 5.746261757025660950e-14 1.111650124918741041e-07 5.378106459336950973e-01
5.987414171521994285e+04 4.905545096539975273e-14 1.002582190313668448e-07 5.334275405240841428e-01
6.294395460553275188e+04 4.187830925865010638e-14 9.042152974233943613e-08 5.290801570050269742e-01
6.617116016840114025e+04 3.575123155223126453e-14 8.154995291096094271e-08 5.247682042465193764e-01
6.956382809870861820e+04 3.052058643550072301e-14 7.354879793264472171e-08 5.204913934912533957e-01
7.313044183344273188e+04 2.605521980427360408e-14 6.633266463370251263e-08 5.162494383352582705e-01
7.687991976470644295e+04 2.224316628003461164e-14 5.982453175423404322e-08 5.120420547087265462e-01
8.082163754034375597e+04 1.898884177058908189e-14 5.395493486319169010e-08 5.078689608569922909e-01
8.496545150794286747e+04 1.621064677793652430e-14 4.866122493111791459e-08 5.037298773217798731e-01
8.932172336083906703e+04 1.383892035826643358e-14 4.388689964690729059e-08 4.996245269219216079e-01
9.390134604774527543e+04 1.181419343139558937e-14 3.958100034154071982e-08 4.955526347361472461e-01
9.871577101079767453e+04 1.008569764265826661e-14 3.569756808161171814e-08 4.915139280824138424e-01
1.037770368201258680e+05 8.610092388435917411e-15 3.219515312765311004e-08 4.875081365024817037e-01
1.090977992765488161e+05 7.350378086279521825e-15 2.903637252105127082e-08 4.835349917416457144e-01
1.146913630576689611e+05 6.274968440965571040e-15 2.618751107777473291e-08 4.795942277309974133e-01
1.205717149864963576e+05 5.356898444260043954e-15 2.361816153003899147e-08 4.756855805707347340e-01
1.267535590057915979e+05 4.573148249602985327e-15 2.130089997489039435e-08 4.718087885115972990e-01
1.332523529455816897e+05 3.904065968481447775e-15 1.921099316571303299e-08 4.679635919375559339e-01
1.400843471757866791e+05 3.332874915563538528e-15 1.732613452239695795e-08 4.641497333484241872e-01
1.472666252406089625e+05 2.845252947176312718e-15 1.562620604248461160e-08 4.603669573426075190e-01
1.548171465762921434e+05 2.428973345387813383e-15 1.409306357205878152e-08 4.566150106000265718e-01
1.627547914190663723e+05 2.073598243157838535e-15 1.271034314446489647e-08 4.528936418651330342e-01
1.710994080155731353e+05 1.770216903447623861e-15 1.146328631983046578e-08 4.492026019302851059e-01
1.798718622538203781e+05 1.511222289848247136e-15 1.033858266113039933e-08 4.455416436182499385e-01
1.890940898387710622e+05 1.290120326433034750e-15 9.324227665507932745e-09 4.419105217666741692e-01
1.987891511430313694e+05 1.101367064168682131e-15 8.409394634441824851e-09 4.383089932116623899e-01
2.089812888697938761e+05 9.402296709717458383e-16 7.584319115179255016e-09 4.347368167706670006e-01
2.196959886722229712e+05 8.026677598558002635e-16 6.840194680039339774e-09 4.311937532263631079e-01
2.309600428808625729e+05 6.852320795684544445e-16 6.169078931185328674e-09 4.276795653116263751e-01
2.428016174984180834e+05 5.849780274641223614e-16 5.563808727585393586e-09 4.241940176926372041e-01
2.552503226294341730e+05 4.993918160276982906e-16 5.017923729372934072e-09 4.207368769542971787e-01
2.683372865209793090e+05 4.263274417270735273e-16 4.525597443520634063e-09 4.173079115826630603e-01
2.820952333994774381e+05 3.639528757505116674e-16 4.081575034891953867e-09 4.139068919513809730e-01
2.965585652983192704e+05 3.107041273966777067e-16 3.681117238853084624e-09 4.105335903053412561e-01
3.117634480808650260e+05 2.652460283005152861e-16 3.319949776825099397e-09 4.071877807457874310e-01
3.277479018739408348e+05 2.264387541892629611e-16 2.994217734850693039e-09 4.038692392144694887e-01
3.445518961379595567e+05 1.933092447314350830e-16 2.700444418249018781e-09 4.005777434797491154e-01
3.622174496113909991e+05 1.650268048524400177e-16 2.435494243178096673e-09 3.973130731207916155e-01
3.807887353794944938e+05 1.408822757425074563e-16 2.196539269044628521e-09 3.940750095138781384e-01
4.003121913300411543e+05 1.202702532847676379e-16 1.981029014528940896e-09 3.908633358159810944e-01
4.208366362722213962e+05 1.026739080480210658e-16 1.786663235077256134e-09 3.876778369520438861e-01
4.424133920090965694e+05 8.765202621539534377e-17 1.611367371282570484e-09 3.845182995994970709e-01
4.650964116688389913e+05 7.482794651274034279e-17 1.453270406117137126e-09 3.813845121750222278e-01
4.889424146156553179e+05 6.388011573801549796e-17 1.310684894664549782e-09 3.782762648186426824e-01
5.140110282777408138e+05 5.453402608084994052e-17 1.182088953212576224e-09 3.751933493814129661e-01
5.403649372469085502e+05 4.655533206582775899e-17 1.066110015454806149e-09 3.721355594106162679e-01
5.680700400227193022e+05 3.974397453337129523e-17 9.615101824309600506e-10 3.691026901361003643e-01
5.971956137930564582e+05 3.392916432163972269e-17 8.671730098363562567e-10 3.660945384567287353e-01
6.278144876631795196e+05 2.896509986934447505e-17 7.820915916741201765e-10 3.631109029259684262e-01
6.600032247664229944e+05 2.472731136223088705e-17 7.053578130653826614e-10 3.601515837400485198e-01
6.938423137119094608e+05 2.110953975518091514e-17 6.361526575006174073e-10 3.572163827229128397e-01
7.294163698479967425e+05 1.802107241454508235e-17 5.737374650838061184e-10 3.543051033139474337e-01
7.668143468447235646e+05 1.538446857376067098e-17 5.174460484595199238e-10 3.514175505540126365e-01
8.061297591243179049e+05 1.313361757017293145e-17 4.666775822758260098e-10 3.485535310733431369e-01
8.474609156959623797e+05 1.121208117476040913e-17 4.208901902858922829e-10 3.457128530779601250e-01
8.909111659795242595e+05 9.571678450186631050e-18 3.795951616424386161e-10 3.428953263369848292e-01
9.365891582329371013e+05 8.171277653608813549e-18 3.423517346519133370e-10 3.401007621699094763e-01
9.846091112294379855e+05 6.975764892213278035e-18 3.087623923130389158e-10 3.373289734339469104e-01
1.035091099863994634e+06 5.955163671368361877e-18 2.784686194267488692e-10 3.345797745115084432e-01
1.088161355403086869e+06 5.083883258791060203e-18 2.511470759911093581e-10 3.318529812977685234e-01
1.143952581128624268e+06 4.340077018080884716e-18 2.265061460380309597e-10 3.291484111883430930e-01
1.202604284165272489e+06 3.705094622364144695e-18 2.042828250758452892e-10 3.264658830670564282e-01
1.264263124320930336e+06 3.163014412758507288e-18 1.842399129159240668e-10 3.238052172938098439e-01
1.329083280812643003e+06 2.700244175933826935e-18 1.661634819210684144e-10 3.211662356926936468e-01
1.397226837794951163e+06 2.305180330589255355e-18 1.498605936528347336e-10 3.185487615394880234e-01
1.468864189654704416e+06 1.967916977248139388e-18 1.351572395470637991e-10 3.159526195506945356e-01
1.544174467085782439e+06 1.679997516008447549e-18 1.218964836366564181e-10 3.133776358712101473e-01
1.623345985009134281e+06 1.434202604289363577e-18 1.099367874985905172e-10 3.108236380628277007e-01
1.706576713458170416e+06 1.224369137781540640e-18 9.915049954628670927e-11 3.082904550927061393e-01
1.794074772606963990e+06 1.045235715699104980e-18 8.942249254285550457e-11 3.057779173219032920e-01
1.886058953179090517e+06 8.923107155029015439e-19 8.064893479276817285e-11 3.032858564941519064e-01
1.982759263538399944e+06 7.617596691747429713e-19 7.273618189616073999e-11 3.008141057239065441e-01
2.084417504829733167e+06 6.503091171046895711e-19 6.559977723733298648e-11 2.983624994866895253e-01
2.191287875607731752e+06 5.551645287906179596e-19 5.916355053842740899e-11 2.959308736059352296e-01
2.303637607465630397e+06 4.739402323002839892e-19 5.335880485768788483e-11 2.935190652441848069e-01
2.421747633253435604e+06 4.045995955144295041e-19 4.812358335374507953e-11 2.911269128900146330e-01
2.545913289556382690e+06 3.454039592630970233e-19 4.340200799066873951e-11 2.887542563493736281e-01
2.676445055190230254e+06 2.948690418803421851e-19 3.914368312464039541e-11 2.864009367327157718e-01
2.813669327560023405e+06 2.517277220707283488e-19 3.530315760718667827e-11 2.840667964464780870e-01
2.957929238823618274e+06 2.148982668875877078e-19 3.183943966307664111e-11 2.817516791805584342e-01
3.109585513900805730e+06 1.834572081747645025e-19 2.871555936549790016e-11 2.794554298992888985e-01
