# [1] k:    [h/Mpc] 
# [2] P:    [Mpc^3/h^3] 
# [3] T:    [Mpc^3/h^3] 
# [4] Delta_k 
3.059023205018257859e-07 1.527994758132517283e+00 3.700445245695901394e+04 2.215850407162019141e-21
3.215862678579245412e-07 1.602156758479443832e+00 3.698677660744016612e+04 2.699403158616096641e-21
3.380743483904743061e-07 1.679918249122730467e+00 3.696910920117946807e+04 3.288478946602539151e-21
3.554077908890640533e-07 1.761453933143202422e+00 3.695145023407656117e+04 4.006105478439244895e-21
3.736299379885273404e-07 1.846946992923399700e+00 3.693379970203314588e+04 4.880335670357083524e-21
3.927863545481053003e-07 1.936589501715845651e+00 3.691615760115442390e+04 5.945344271046402323e-21
4.129249415873286729e-07 2.030582855125593778e+00 3.689852392734591558e+04 7.242763795113708641e-21
4.340960560635169786e-07 2.129138223602225377e+00 3.688089867658228468e+04 8.823311990068631053e-21
4.563526367904018199e-07 2.232477026860179237e+00 3.686328184484010853e+04 1.074877445632163978e-20
4.797503368127355169e-07 2.340831431331998225e+00 3.684567342809787806e+04 1.309441992337096237e-20
5.043476625678916271e-07 2.454444871765756542e+00 3.682807342233602685e+04 1.595194259832391737e-20
5.302061201824328858e-07 2.573572598129080902e+00 3.681048182346993417e+04 1.943304660675561927e-20
5.573903692694645323e-07 2.698482249104285913e+00 3.679289862761781114e+04 2.367381264657943702e-20
5.859683846113473662e-07 2.829454453324769858e+00 3.677532383069884963e+04 2.884001755188052931e-20
6.160116261320592563e-07 2.966783459875504292e+00 3.675775742863427877e+04 3.513361471625577382e-20
6.475952175842278093e-07 3.110777799402390631e+00 3.674019941754786851e+04 4.280062870330350751e-20
6.807981343976415384e-07 3.261760977210265811e+00 3.672264979336466058e+04 5.214077265299108293e-20
7.157034011589609116e-07 3.420072200096321069e+00 3.670510855201172672e+04 6.351916444234747824e-20
7.523982992164306405e-07 3.586067138468992610e+00 3.668757568961838115e+04 7.738059959948019837e-20
7.909745849287134463e-07 3.760118725342993962e+00 3.667005120211550820e+04 9.426693891431462317e-20
8.315287191035797356e-07 3.942617994238460266e+00 3.665253508550268452e+04 1.148382904535529129e-19
8.741621082001717898e-07 4.133974957670630168e+00 3.663502733571475983e+04 1.398988140076764606e-19
9.189813578979717484e-07 4.334619528380953213e+00 3.661752794895505940e+04 1.704281567027720949e-19
9.660985396665287929e-07 4.545002485051374386e+00 3.660003692102897185e+04 2.076197486234957817e-19
1.015631471002508262e-06 4.765596485180727981e+00 3.658255424794381543e+04 2.529274554879107624e-19
1.067704010034801725e-06 4.996897126975476056e+00 3.656507992584182648e+04 3.081224120728090353e-19
1.122446365234364056e-06 5.239424062700276608e+00 3.654761395066748082e+04 3.753622580768175993e-19
1.179995421003214005e-06 5.493722166203289348e+00 3.653015631836724788e+04 4.572754829490301723e-19
1.240495079956737545e-06 5.760362757121168187e+00 3.651270702508891554e+04 5.570641768257867947e-19
1.304096622755184042e-06 6.039944884318864560e+00 3.649526606678274402e+04 6.786292042190705484e-19
1.370959086384113674e-06 6.333096671821656365e+00 3.647783343946737295e+04 8.267226936817222445e-19
1.441249661829700436e-06 6.640476729948809442e+00 3.646040913909704977e+04 1.007133804435047195e-18
1.515144112143284134e-06 6.962775635077761649e+00 3.644299316182688926e+04 1.226915031837751666e-18
1.592827211940548929e-06 7.300717480988184960e+00 3.642558550361488597e+04 1.494657898206328376e-18
1.674493209434307728e-06 7.655061505714807701e+00 3.640818616042107897e+04 1.820828806144941424e-18
1.760346312156213177e-06 8.026603797378811578e+00 3.639079512840608368e+04 2.218178183300644985e-18
1.850601197581954108e-06 8.416179082589176019e+00 3.637341240359986114e+04 2.702238912457788439e-18
1.945483549936765273e-06 8.824662601737870204e+00 3.635603798183587060e+04 3.291933531274013878e-18
2.045230624523543909e-06 9.252972075641327621e+00 3.633867185934642475e+04 4.010313937974139095e-18
2.150091840984688092e-06 9.702069767034215531e+00 3.632131403210110147e+04 4.885462518705685234e-18
2.260329406981118614e-06 1.017296464255596433e+01 3.630396449607148679e+04 5.951589923069388818e-18
2.376218973848010330e-06 1.066671463966447142e+01 3.628662324742920464e+04 7.250372401156805454e-18
2.498050325866710336e-06 1.118442904319693376e+01 3.626929028208362433e+04 8.832580980000390351e-18
2.626128104876382668e-06 1.172727097785161909e+01 3.625196559621002962e+04 1.076006616654631254e-17
2.760772572037287162e-06 1.229646002109650027e+01 3.623464918585350824e+04 1.310817576097349892e-17
2.902320408650496801e-06 1.289327494306983901e+01 3.621734104686341743e+04 1.596870029605729794e-17
3.051125558036519890e-06 1.351905657991727416e+01 3.620004117545353074e+04 1.945346124400934078e-17
3.207560110577962700e-06 1.417521084586084434e+01 3.618274956770756398e+04 2.369868225700166120e-17
3.372015234139298021e-06 1.486321189175091639e+01 3.616546621954659349e+04 2.887031431947558154e-17
3.544902152190277809e-06 1.558460541727995619e+01 3.614819112712397327e+04 3.517052297963025761e-17
3.726653172078803499e-06 1.634101214332201835e+01 3.613092428643043968e+04 4.284559125232687573e-17
3.917722766024474580e-06 1.713413145334559573e+01 3.611366569355729735e+04 5.219554712975595189e-17
4.118588707535861475e-06 1.796574521126195023e+01 3.609641534459764080e+04 6.358589204978221762e-17
4.329753266093139866e-06 1.883772176455265779e+01 3.607917323554796167e+04 7.746188880266092554e-17
4.551744463083409039e-06 1.975202014206162104e+01 3.606193936257073801e+04 9.436596740987520969e-17
4.785117392129195949e-06 2.071069445484260640e+01 3.604471372160067403e+04 1.149589293885563221e-16
5.030455607111644826e-06 2.171589851148647199e+01 3.602749630877119489e+04 1.400457793089937139e-16
5.288372581359179674e-06 2.276989065674582235e+01 3.601028712018473016e+04 1.706071934265196852e-16
5.559513241650373021e-06 2.387503884515658470e+01 3.599308615184731752e+04 2.078378555386532402e-16
5.844555580866815540e-06 2.503382596125309689e+01 3.597589339986515552e+04 2.531931586666116353e-16
6.144212353328471540e-06 2.624885539763566200e+01 3.595870886034626164e+04 3.084460981833554681e-16
6.459232857050738118e-06 2.752285690374122495e+01 3.594153252930239250e+04 3.757565804123297958e-16
6.790404807379771878e-06 2.885869271902817701e+01 3.592436440291067265e+04 4.577558560645118063e-16
7.138556306691162195e-06 3.025936400283551464e+01 3.590720447712131136e+04 5.576493791024397937e-16
7.504557915077204533e-06 3.172801757760755237e+01 3.589005274808247486e+04 6.793421119434362721e-16
7.889324827200587103e-06 3.326795299836682318e+01 3.587290921191147936e+04 8.275911753069954658e-16
8.293819160757753291e-06 3.488262996553034867e+01 3.585577386462958384e+04 1.008191809993063733e-15
8.719052362274285227e-06 3.657567609807744446e+01 3.583864670239045518e+04 1.228203920083953934e-15
9.166087736248057605e-06 3.835089508305386374e+01 3.582152772121915768e+04 1.496228053387229507e-15
9.636043103964330830e-06 4.021227522165708024e+01 3.580441691727301077e+04 1.822741607593931067e-15
1.013009359863121538e-05 4.216399838909676134e+01 3.578731428661344398e+04 2.220508404806816402e-15
1.064947460382478790e-05 4.421044943000502059e+01 3.577021982530380774e+04 2.705077645271589623e-15
1.119548484259151579e-05 4.635622600991321463e+01 3.575313352950691478e+04 3.295391745026097266e-15
1.176948962493235138e-05 4.860614894405088648e+01 3.573605539525733911e+04 4.014526818536539916e-15
1.237292426178888029e-05 5.096527302861153430e+01 3.571898541868908069e+04 4.890594752831504585e-15
1.300729765406831334e-05 5.343889839689853716e+01 3.570192359593794390e+04 5.957842136221077997e-15
1.367419606568169201e-05 5.603258242668211864e+01 3.568486992307662877e+04 7.257989000127350166e-15
1.437528709002991615e-05 5.875215222597371678e+01 3.566782439621218509e+04 8.841859707176179028e-15
1.511232381985586521e-05 6.160371772431471271e+01 3.565078701142111095e+04 1.077136973890036161e-14
1.588714923088939049e-05 6.459368539999302072e+01 3.563375776484663947e+04 1.312194604919286285e-14
1.670170079024660794e-05 6.772877267298497372e+01 3.561673665263378643e+04 1.598547559800135816e-14
1.755801530110687162e-05 7.101602299628235926e+01 3.559972367083224526e+04 1.947389732710798707e-14
1.845823399578163895e-05 7.446282168094408860e+01 3.558271881562313501e+04 2.372357799319062050e-14
1.940460788991057802e-05 7.807691248745874191e+01 3.556572208309225971e+04 2.890064291422354359e-14
2.039950341117315543e-05 8.186641502363644918e+01 3.554873346932734421e+04 3.520747001542884150e-14
2.144540831659045798e-05 8.583984298701609816e+01 3.553175297051497910e+04 4.289060103502108215e-14
2.254493791321357228e-05 9.000612329115362797e+01 3.551478058271427290e+04 5.225037914782941549e-14
2.370084159775344190e-05 9.437461612252056398e+01 3.549781630211545416e+04 6.365268975521505430e-14
2.491600973150475266e-05 9.895513596831409586e+01 3.548086012478140037e+04 7.754326340107751095e-14
2.619348086775470484e-05 1.037579736673582147e+02 3.546391204687373101e+04 9.446509993548615902e-14
2.753644934974891994e-05 1.087939195295833912e+02 3.544697206455584092e+04 1.150796950559291133e-13
2.894827329821342076e-05 1.140742875776982714e+02 3.543004017392846436e+04 1.401928989987838625e-13
3.043248300840562692e-05 1.196109409664288279e+02 3.541311637112647441e+04 1.707864182306990002e-13
3.199278977769132648e-05 1.254163186342749867e+02 3.539620065222217818e+04 2.080561915779931946e-13
3.363309518572123809e-05 1.315034632512918620e+02 3.537929301348292211e+04 2.534591409699998185e-13
3.535750085041236633e-05 1.378860505187701051e+02 3.536239345098469494e+04 3.087701243304169614e-13
3.717031868412924126e-05 1.445784198954224564e+02 3.534550196085364587e+04 3.761513169896644596e-13
3.907608167571078754e-05 1.515956068131171719e+02 3.532861853924995376e+04 4.582367338157684590e-13
4.107955522530357004e-05 1.589533764559071471e+02 3.531174318231953657e+04 5.582351961402647033e-13
4.318574906034433776e-05 1.666682591790458048e+02 3.529487588621016039e+04 6.800557685867398848e-13
4.539992976248807967e-05 1.747575876469604452e+02 3.527801664707141754e+04 8.284605692828729526e-13
4.772763393680535859e-05 1.832395357737359518e+02 3.526116546105475572e+04 1.009250926997995896e-12
5.017468205617894183e-05 1.921331595535918098e+02 3.524432232431345619e+04 1.229494162320866752e-12
5.274719301551768723e-05 2.014584398730899579e+02 3.522748723300264101e+04 1.497799858036787931e-12
5.545159943218107865e-05 2.112363274014435603e+02 3.521066018329525832e+04 1.824656418459342722e-12
5.829466373087315435e-05 2.214887896584411351e+02 3.519384117130208324e+04 2.222841074229181227e-12
6.128349505322671351e-05 2.322388603697649216e+02 3.517703019323175977e+04 2.707919360214022635e-12
6.442556703436033705e-05 2.435106912140774398e+02 3.516022724524672958e+04 3.298853591668237298e-12
6.772873649085907528e-05 2.553296060835456558e+02 3.514343232347929734e+04 4.018744124785307713e-12
7.120126306690828879e-05 2.677221579789510884e+02 3.512664542411158618e+04 4.895732378450066876e-12
7.485182988770643921e-05 2.807161886639514705e+02 3.510986654329558223e+04 5.964100917388691263e-12
7.868956527180084881e-05 2.943408912173570684e+02 3.509309567724896624e+04 7.265613600415500571e-12
8.272406555663884206e-05 3.086268756172916596e+02 3.507633282209546451e+04 8.851148181712515802e-12
8.696541909440986997e-05 3.236062375137431673e+02 3.505957797402447613e+04 1.078268518575668457e-11
9.142423147818073699e-05 3.393126303350823605e+02 3.504283112921128486e+04 1.313573080330488085e-11
9.611165206140254191e-05 3.557813408958851937e+02 3.502609228383297159e+04 1.600226852257704883e-11
1.010394018371016720e-04 3.730493686741687043e+02 3.500936143406847987e+04 1.949435487854499522e-11
1.062198027464676133e-04 3.911555089363762363e+02 3.499263857609854313e+04 2.374849988265609896e-11
1.116658084901241013e-04 4.101404398968762166e+02 3.497592370610574289e+04 2.893100336945397265e-11
1.173910369191279803e-04 4.300468141079926454e+02 3.495921682028242503e+04 3.524445586455804060e-11
1.234098040866900780e-04 4.509193542847195886e+02 3.494251791479891108e+04 4.293565810094677299e-11
1.297371600457651012e-04 4.728049537822851676e+02 3.492582698585119215e+04 5.230526876753961750e-11
1.363889264820232711e-04 4.957527819484969882e+02 3.490914402962913300e+04 6.371955763231301312e-11
1.433817362763056455e-04 5.198143945903859731e+02 3.489246904232441011e+04 7.762472348440331775e-11
1.507330750954898936e-04 5.450438498022183467e+02 3.487580202013053349e+04 9.456433660133252029e-11
1.584613251157653230e-04 5.714978294155393996e+02 3.485914295925074111e+04 1.152005875892225380e-10
1.665858109876483387e-04 5.992357663425469809e+02 3.484249185586631938e+04 1.403401732393593603e-10
1.751268481576742783e-04 6.283199781027500421e+02 3.482584870618415880e+04 1.709658313122705647e-10
1.841057936675958640e-04 6.588158068278003157e+02 3.480921350640501623e+04 2.082747569824018824e-10
1.935450995581117185e-04 6.907917660628403382e+02 3.479258625273147481e+04 2.537254026908303132e-10
2.034683690106629794e-04 7.243196946926709643e+02 3.477596694136795122e+04 3.090944908703625000e-10
2.139004153676812446e-04 7.594749183391351153e+02 3.475935556852853915e+04 3.765464682417661373e-10
2.248673241788693637e-04 7.963364185901115206e+02 3.474275213040150993e+04 4.587181167351127398e-10
2.363965184286629729e-04 8.349870104466573366e+02 3.472615662321646232e+04 5.588216285858245853e-10
2.485168271079757005e-04 8.755135283764387850e+02 3.470956904317317822e+04 6.807701749341818294e-10
2.612585573016925852e-04 9.180070214027962265e+02 3.469298938648907642e+04 8.293308765674225151e-10
2.746535699721688829e-04 9.625629576593942147e+02 3.467641764937940752e+04 1.010311156616972325e-09
2.887353596282311993e-04 1.009281438874161609e+03 3.465985382806124835e+04 1.230785759972531378e-09
3.035391380788964293e-04 1.058267425263403084e+03 3.464329791875741648e+04 1.499373313884737346e-09
3.191019224812350285e-04 1.109630971340005090e+03 3.462674991768071777e+04 1.826573240853349701e-09
3.354626279025451924e-04 1.163487473169172745e+03 3.461020982105758594e+04 2.225176194150931019e-09
3.526621646282911485e-04 1.219957927622476291e+03 3.459367762511328328e+04 2.710764060412431991e-09
3.707435404591257876e-04 1.279169204215887476e+03 3.457715332607342862e+04 3.302319075019483766e-09
3.897519682527942697e-04 1.341254330141657420e+03 3.456063692016518326e+04 4.022965861358742982e-09
4.097349789798286580e-04 1.406332155251657468e+03 3.454387498850384145e+04 4.900803495987661747e-09
4.307425405757319271e-04 1.474580181889672986e+03 3.452726890535917482e+04 5.970242166600867331e-09
4.528271828868440083e-04 1.546170855197966603e+03 3.451101266146571288e+04 7.273194634739102536e-09
4.760441290223192071e-04 1.621245680245105405e+03 3.449485379553480743e+04 8.860551031508816532e-09
5.004514334406633081e-04 1.699965098150775248e+03 3.447869550325188902e+04 1.079433958269846826e-08
5.261101271161193775e-04 1.782497759184941970e+03 3.446245806656236527e+04 1.315010547963204972e-08
5.530843701478924991e-04 1.869007593515799954e+03 3.444595407416619855e+04 1.601974069230817544e-08
5.814416121938181326e-04 1.959666431711914811e+03 3.442902253066197591e+04 1.951509823669421960e-08
6.112527611296385451e-04 2.054659621870180217e+03 3.441157022308908927e+04 2.377237907772034296e-08
6.425923603556274889e-04 2.154179701765697246e+03 3.439350548794515635e+04 2.895735313093526539e-08
6.755387751939181127e-04 2.258416920749663859e+03 3.437466452329790627e+04 3.527160516410062579e-08
7.101743888426273075e-04 2.367576965626155470e+03 3.435495569524962048e+04 4.296050556739863285e-08
7.465858083767621441e-04 2.481860948640524839e+03 3.433420481223432580e+04 5.232230829516763827e-08
7.848640813110194670e-04 2.601488981679971403e+03 3.431232896583789989e+04 6.371997737912560778e-08
8.251049232659968648e-04 2.726687634662514029e+03 3.428923743118590937e+04 7.759490094520052770e-08
8.674089573071004124e-04 2.857662270758030900e+03 3.426466687058560638e+04 9.448282447669040607e-08
9.118819655546198935e-04 2.994667461967456347e+03 3.423862348955479683e+04 1.150362571237974827e-07
9.586351536941296880e-04 3.137918924638962835e+03 3.421084366844484612e+04 1.400464258724081373e-07
1.007785429048626679e-03 3.287684590419476990e+03 3.418132779356582614e+04 1.704765428684726529e-07
1.059455692907732439e-03 3.444207778503069221e+03 3.414990175453279517e+04 2.074951734652149379e-07
1.113775147844932919e-03 3.607718258621787754e+03 3.411630788490641862e+04 2.525198033771321693e-07
1.170879620791311689e-03 3.778483297686871538e+03 3.408045640470170474e+04 3.072730754451458921e-07
1.230911902673626282e-03 3.956756843311814919e+03 3.404217192835747846e+04 3.738441033039017883e-07
1.294022105466001958e-03 4.142797436186091545e+03 3.400128730827801337e+04 4.547671058085204987e-07
1.360368037548055848e-03 4.336862157381288853e+03 3.395762053100610501e+04 5.531146175619036846e-07
1.430115598308045934e-03 4.539190124520067911e+03 3.391091897580435761e+04 6.726080536495483972e-07
1.503439192977754080e-03 4.750086022626551312e+03 3.386117627352715499e+04 8.177665392925636861e-07
1.580522168736409397e-03 4.969763988941404023e+03 3.380804958017855824e+04 9.940490142153020712e-07
1.661557273174137529e-03 5.198453053040030682e+03 3.375127847141942766e+04 1.208065084811607381e-06
1.746747136261333697e-03 5.436429171804374164e+03 3.369077203550692502e+04 1.467824434169374258e-06
1.836304777029133936e-03 5.683914293946680118e+03 3.362627708064932813e+04 1.783002990901130147e-06
1.930454136227949345e-03 5.941084424319701611e+03 3.355743979642886552e+04 2.165281907765647434e-06
2.029430636295988157e-03 6.208227674551216296e+03 3.348426007016294898e+04 2.628818067740430602e-06
2.133481770037976965e-03 6.485433311065120506e+03 3.340621858917688223e+04 3.190627218404811707e-06
2.242867719486086112e-03 6.772932965299997704e+03 3.332323371608289017e+04 3.871310605760958232e-06
2.357862006490532136e-03 7.070870349369782161e+03 3.323503331587851426e+04 4.695677767180340220e-06
2.478752176666675511e-03 7.379379259357603587e+03 3.314137538531369501e+04 5.693632291695862483e-06
2.605840518408833982e-03 7.698471508980289400e+03 3.304180749380068301e+04 6.901099098224073029e-06
2.739444818768723561e-03 8.028295299381302357e+03 3.293624945730476611e+04 8.361443658616683902e-06
2.879899158088616417e-03 8.368845003274300325e+03 3.282435245291371393e+04 1.012669257808276691e-05
3.027554745376210416e-03 8.720076841344745844e+03 3.270577855309133520e+04 1.225932576933175514e-05
3.182780796510085389e-03 9.081935635195834038e+03 3.258025481197834961e+04 1.483436176043554772e-05
3.345965457471714814e-03 9.454280118061635221e+03 3.244743944161281615e+04 1.794167907547112407e-05
3.517516774912597243e-03 9.837013486732652382e+03 3.230715847371601558e+04 2.168912628800095976e-05
3.697863716483424691e-03 1.022982961500446254e+04 3.215897955883078248e+04 2.620543439953506120e-05
3.887457243476651579e-03 1.063245306604253892e+04 3.200263420892337308e+04 3.164467280501693722e-05
4.086771438464619106e-03 1.104449987227028942e+04 3.183779254437598138e+04 3.819067743475514109e-05
4.296304690752923532e-03 1.146547901563771302e+04 3.166408583096029906e+04 4.606251892560835580e-05
4.516580942613284376e-03 1.189497149177512438e+04 3.148136001165948619e+04 5.552173866852650461e-05
4.748150999412126434e-03 1.233218926230073339e+04 3.128908078743772421e+04 6.687811220949014558e-05
4.991593906910903912e-03 1.277651619926164676e+04 3.108707563683603439e+04 8.050084639630565467e-05
5.247518399182111472e-03 1.322703644080309277e+04 3.087492069949181314e+04 9.682660821453985993e-05
5.516564420761540903e-03 1.368292032992269742e+04 3.065242975245373236e+04 1.163737795715789268e-04
5.799404726842954938e-03 1.414310098966667829e+04 3.041926798048102137e+04 1.397542925259003845e-04
6.096746565516493986e-03 1.460619191552974735e+04 3.017490210622531231e+04 1.676878855330120668e-04
6.409333446257287764e-03 1.507101238969945916e+04 2.991916802996198021e+04 2.010255620224244701e-04
6.737946999086424568e-03 1.553606589353337040e+04 2.965171092760148531e+04 2.407654053377558624e-04
7.083408929053131541e-03 1.599990552922082315e+04 2.937236188822150507e+04 2.880810034264835251e-04
7.446583070925409317e-03 1.646045919966250585e+04 2.908051312673897701e+04 3.443367067870489089e-04
7.828377549226901017e-03 1.691606002428098509e+04 2.877607997053491272e+04 4.111352980521169225e-04
8.229747049021221908e-03 1.736469111774307021e+04 2.845879354959059128e+04 4.903393895557161446e-04
8.651695203121895217e-03 1.780375723982022828e+04 2.812805591640685452e+04 5.840977801638376141e-04
9.095277101697147801e-03 1.823120801707792270e+04 2.778385724465563180e+04 6.949179190607786272e-04
9.561601930544914862e-03 1.864419061368591792e+04 2.742568690805192091e+04 8.256686038375353085e-04
1.005183574463506743e-02 1.903997080705888220e+04 2.705327309216395224e+04 9.796539340772305281e-04
1.056720438385422289e-02 1.941579379198596507e+04 2.666644878461548433e+04 1.160661908959952126e-03
1.110899653824396448e-02 1.976832473142711387e+04 2.626476216898666462e+04 1.372981292449878881e-03
1.167856697039719623e-02 2.009442865489951510e+04 2.584802121079256176e+04 1.621491169717134305e-03
1.227733990307029038e-02 2.039070942395408565e+04 2.541596296546977101e+04 1.911681043435041732e-03
1.290681258048182248e-02 2.065359528789687101e+04 2.496831089360609622e+04 2.249691320486176937e-03
1.356855901220299469e-02 2.087946098412149877e+04 2.450484186930925352e+04 2.642352327190099822e-03
1.426423390900143431e-02 2.106479135819730800e+04 2.402546349411621122e+04 3.097225145930812464e-03
1.499557682048000690e-02 2.120593021802703515e+04 2.353004667522955788e+04 3.622572741690639579e-03
1.576441648485692182e-02 2.129887560307975582e+04 2.301830785151801683e+04 4.227276314729209138e-03
1.657267540176381518e-02 2.134073688637403393e+04 2.249058190294581436e+04 4.921047339546495529e-03
1.742237463949622076e-02 2.132792119648471999e+04 2.194679874355860011e+04 5.714007830976385906e-03
1.831563888873704443e-02 2.125756963957814514e+04 2.138723559630363161e+04 6.616831671939953433e-03
1.925470177538994923e-02 2.112717732867896484e+04 2.081227318876301069e+04 7.640506084805264407e-03
2.024191144580758314e-02 2.093503961304673066e+04 2.022258192944714392e+04 8.796271138021453245e-03
2.127973643838054069e-02 2.067964000131158537e+04 1.961878591367524496e+04 1.009513118910794482e-02
2.237077185616915750e-02 2.036067823881194636e+04 1.900192905445657743e+04 1.154796359327429564e-02
2.351774585601286785e-02 1.997923264651685531e+04 1.837350046960948748e+04 1.316546314179273605e-02
2.472352647034336062e-02 1.953688112990863374e+04 1.773499419821995980e+04 1.495742190197353778e-02
2.599112877875953478e-02 1.903676342074960849e+04 1.708838109992757381e+04 1.693319052323531693e-02
2.732372244729698585e-02 1.848367092607354789e+04 1.643612401479662003e+04 1.910196664346457129e-02
2.872463965424410307e-02 1.788359661386329390e+04 1.578096872073491249e+04 2.147281052605772012e-02
3.019738342232343442e-02 1.724423509864383959e+04 1.512617514887220204e+04 2.405592904598891774e-02
3.174563637807315680e-02 1.657476079204329653e+04 1.447543831064917140e+04 2.686393578130947743e-02
3.337326996033158216e-02 1.588545985991957241e+04 1.383276232190187693e+04 2.991343834268738594e-02
3.508435410085083278e-02 1.518789213640689923e+04 1.320257678724105062e+04 3.322830743278474414e-02
3.688316740124613496e-02 1.449397907808308082e+04 1.258939024347453233e+04 3.684194231188080842e-02
3.877420783172848273e-02 1.380900899661693256e+04 1.199480157655158109e+04 4.078134762047191941e-02
4.076220397837305304e-02 1.314730704210300064e+04 1.142434067862763732e+04 4.511074902460659314e-02
4.285212686704739649e-02 1.252474712144024488e+04 1.088424118102706416e+04 4.992940274369103010e-02
4.504920239356542677e-02 1.195116593614012709e+04 1.037814520245593121e+04 5.535308795455320258e-02
4.735892439114896407e-02 1.143170311449836663e+04 9.907657933634372966e+03 6.151580147146971933e-02
4.978706836787243073e-02 1.096602422043737533e+04 9.471986418695298198e+03 6.855973378757103387e-02
5.233970594844135349e-02 1.054901655588597532e+04 9.068247903365239836e+03 7.662598460502244302e-02
5.502322005641668845e-02 1.017191659680248267e+04 8.692000114686021334e+03 8.584421962195128153e-02
5.784432087484844831e-02 9.826390146330628340e+03 8.339043909955416893e+03 9.634882928840102223e-02
6.081006262522850592e-02 9.518085712676598632e+03 8.011152436599233624e+03 1.084291922216958082e-01
6.392786120671870020e-02 9.197853980767567919e+03 7.687132663751365726e+03 1.217383171418074256e-01
6.720551273976151097e-02 8.856818923804496080e+03 7.363103997115440507e+03 1.361954883397803739e-01
7.065121306044198912e-02 8.475783330295160340e+03 7.030932129583769893e+03 1.514289719582697091e-01
7.427357821434696361e-02 8.040640226300181894e+03 6.684504633089458366e+03 1.669029183046708276e-01
7.808166600116696332e-02 7.547862403195725165e+03 6.321742930974420233e+03 1.820293619526715534e-01
8.208499862391337165e-02 7.007547087920830563e+03 5.945779340517353376e+03 1.963485368764251171e-01
8.629358649938589920e-02 6.441812936034844824e+03 5.564559118636301719e+03 2.097074822513107506e-01
9.071795328942874881e-02 5.880163540635124264e+03 5.189462040641820749e+03 2.224023614305127294e-01
9.536916221556676621e-02 5.354688263975307564e+03 4.833877765577988612e+03 2.353034820346349976e-01
1.002588437228218304e-01 4.895459208500370551e+03 4.511554592564463746e+03 2.499377005569826116e-01
1.053992245618834284e-01 4.523119857786429748e+03 4.233011788140555836e+03 2.682999565461982594e-01
1.108031583623540345e-01 4.239819227253162353e+03 4.000414849423568285e+03 2.921958331532895636e-01
1.164841577735182265e-01 4.027344348445283686e+03 3.805762424198198005e+03 3.224702209519766938e-01
1.224564282530043596e-01 3.852319558466744184e+03 3.633242412861045068e+03 3.583746886084646088e-01
1.287349035878279091e-01 3.672050068812608970e+03 3.462489383781475681e+03 3.968878367413101738e-01
1.353352832366376823e-01 3.445422294195538143e+03 3.273831432247019166e+03 4.326590846100214494e-01
1.422740715865399574e-01 3.159530665777128434e+03 3.060182326495726102e+03 4.609672958789654551e-01
1.495686192226629019e-01 2.842380180223503885e+03 2.833205193184785458e+03 4.818078574144472048e-01
1.572371663136570008e-01 2.538587903579876638e+03 2.613569059468348314e+03 4.999517474524486360e-01
1.652988882216175348e-01 2.287764407609676255e+03 2.421834476724382512e+03 5.234694677054505529e-01
1.737739434504778357e-01 2.111256443231142384e+03 2.270963911470714720e+03 5.612614539053406570e-01
1.826835240527691917e-01 1.989313835728424692e+03 2.151752525035412873e+03 6.144289985107315166e-01
1.920499086207905493e-01 1.876001108962533863e+03 2.039661723574728285e+03 6.732024134968234153e-01
2.018965179946938526e-01 1.734547345778142471e+03 1.914412894746246820e+03 7.231741678894320069e-01
2.122479738267836202e-01 1.560863432949507114e+03 1.772661920751376556e+03 7.560766474168941764e-01
2.231301601484726449e-01 1.389227427617269541e+03 1.632416845637606002e+03 7.818409967139605676e-01
2.345702880938428103e-01 1.255610762856869997e+03 1.514861189070464889e+03 8.210021461674595900e-01
2.465969639416541459e-01 1.163156777385305986e+03 1.423198190360896206e+03 8.836325196390631964e-01
2.592402606459418002e-01 1.080590235870678498e+03 1.338991146608966801e+03 9.537589935747882164e-01
2.725317930340656614e-01 9.826492095210385287e+02 1.246371103237619764e+03 1.007674546673356097e+00
2.865047968602461026e-01 8.779217993025404212e+02 1.149944721993111216e+03 1.045976156611738039e+00
3.011942119122611450e-01 7.918476652324670795e+02 1.066033368406058798e+03 1.096104005089261202e+00
3.166367693791155569e-01 7.264419992500144190e+02 9.966699907838933541e+02 1.168302326049455386e+00
3.328710836981453314e-01 6.631360077066997292e+02 9.295080293246269321e+02 1.239084941406114693e+00
3.499377491112247163e-01 5.955133587250245455e+02 8.598021474099335819e+02 1.292808351887968055e+00
3.678794411715154977e-01 5.362259135067879470e+02 7.963933063820643383e+02 1.352491707441282109e+00
3.867410234545784475e-01 4.877572482507523546e+02 7.414066876325434805e+02 1.429337267750444784e+00
4.065696597406806001e-01 4.407963771461084548e+02 6.879780342470697860e+02 1.500766663792339806e+00
4.274149319488126375e-01 3.959176500214044836e+02 6.364421387548817393e+02 1.566116961564298915e+00
4.493289641173122684e-01 3.576425074236716455e+02 5.904484561818969723e+02 1.643662449084968946e+00
4.723665527411103904e-01 3.225000061318237385e+02 5.472971925975069780e+02 1.722016870491768437e+00
4.965853037915104462e-01 2.897011160422824787e+02 5.063308298362501318e+02 1.797223196075950824e+00
5.220457767611225153e-01 2.608472273335831915e+02 4.689789294975307712e+02 1.880105604370944983e+00
5.488116360941387439e-01 2.343674893388069620e+02 4.339201653288685634e+02 1.962626051087574597e+00
5.769498103806052214e-01 2.104190255382449948e+02 4.013327333125766359e+02 2.047242877447681852e+00
6.065306597127584354e-01 1.888959297273614482e+02 3.711712344400935990e+02 2.135261827050870753e+00
6.376281516219051149e-01 1.693491166531067904e+02 3.430484094179320778e+02 2.224106831297332221e+00
6.703200460357783275e-01 1.517889824361065507e+02 3.170187855051632368e+02 2.316099059491205203e+00
7.046880897188601001e-01 1.359260409571982393e+02 2.928310588075624992e+02 2.409704122129368464e+00
7.408182206818726412e-01 1.216605218275233398e+02 2.704217209820866969e+02 2.505849016494083425e+00
7.788007830715680813e-01 1.088179675562108173e+02 2.496421825571947863e+02 2.604054130334226169e+00
8.187307530781540166e-01 9.727112674243511492e+01 2.303883794647206571e+02 2.704441031413918228e+00
8.607079764252394405e-01 8.689640498229553600e+01 2.125545628744029898e+02 2.806981508061134001e+00
9.048374180361511421e-01 7.758349666880620532e+01 1.960447123308777009e+02 2.911731089755920987e+00
9.512294245009160765e-01 6.922983483126819237e+01 1.807665365560364990e+02 3.018696019838592370e+00
1.000000000000213163e+00 6.174101423573276293e+01 1.666323042833416253e+02 3.127836320823434768e+00
1.051271096376248826e+00 5.503246439662461853e+01 1.535616365370392771e+02 3.239167397160688466e+00
1.105170918075884856e+00 4.902538386529909786e+01 1.414766225797402228e+02 3.352583523920509290e+00
1.161834242728533306e+00 4.365255964069896066e+01 1.303106677287439084e+02 3.468266732394682972e+00
1.221402758160433644e+00 3.884829365677050106e+01 1.199946871710929912e+02 3.586071100647444165e+00
1.284025416688019838e+00 3.455648236662978690e+01 1.104693347262122813e+02 3.706129991198218843e+00
1.349858807576296504e+00 3.072251520686106119e+01 1.016731525052523750e+02 3.828177448382375392e+00
1.419067548593566874e+00 2.730157038045112117e+01 9.355621660941308448e+01 3.952456448711159531e+00
1.491824697641596753e+00 2.425053414605512359e+01 8.606774449568449370e+01 4.078917732248931394e+00
1.568312185490513100e+00 2.153061221934636649e+01 7.916056548421263983e+01 4.207500619646450168e+00
1.648721270700491237e+00 1.910703769548128150e+01 7.279110454503755534e+01 4.338157768359025113e+00
1.733253017867778301e+00 1.694932523999706575e+01 6.692043678398522388e+01 4.471040125949341082e+00
1.822118800390913007e+00 1.502871129294810437e+01 6.150980665144345494e+01 4.605980213188840544e+00
1.915540829014322100e+00 1.332004041126017491e+01 5.652456036673551409e+01 4.742966324025143621e+00
2.013752707470925607e+00 1.180105717424172695e+01 5.193328687597347937e+01 4.882132764217535836e+00
2.117000016613148627e+00 1.045109693639445325e+01 4.770536485899398116e+01 5.023364812971051307e+00
2.225540928492967474e+00 9.252048478542869603e+00 4.381332010059739446e+01 5.166719866200346623e+00
2.339646851926517890e+00 8.187327825219366417e+00 4.023085251815552965e+01 5.312064845717960004e+00
2.459603111157505406e+00 7.242547648493122381e+00 3.693471540981393275e+01 5.459548409172533923e+00
2.585709659316432152e+00 6.404403064936832202e+00 3.390231351435457441e+01 5.609035504682713835e+00
2.718281828459663263e+00 5.661280457740596184e+00 3.111345738445933407e+01 5.760608685288152842e+00
2.857651118063815776e+00 5.002620503648754102e+00 2.854898343242415493e+01 5.914192221032183561e+00
3.004166023947120401e+00 4.419125721720165600e+00 2.619153662408958283e+01 6.069856256085009782e+00
3.158192909690492378e+00 3.902344778153870930e+00 2.402462124708379321e+01 6.227473079992829952e+00
3.320116922737311960e+00 3.444869332838488507e+00 2.203337563497592555e+01 6.387091637494152430e+00
3.490342957462647444e+00 3.040090272884213629e+00 2.020406851913660518e+01 6.548789724881195262e+00
3.669296667620093988e+00 2.681973906983824207e+00 1.852353190962533347e+01 6.712329798527491675e+00
3.857425530697870641e+00 2.365361030236671436e+00 1.698033184289869979e+01 6.877971122889747768e+00
4.055199966845619564e+00 2.085478181170345113e+00 1.556328285948677959e+01 7.045514831014865642e+00
4.263114515169814212e+00 1.838164764303671372e+00 1.426236461186391580e+01 7.214989312337753979e+00
4.481689070339116121e+00 1.619721440428270709e+00 1.306833963228227447e+01 7.386449934979742338e+00
4.711470182591849465e+00 1.426831073574066355e+00 1.197257200419859835e+01 7.559832247904315849e+00
4.953032424396282885e+00 1.256558943694415342e+00 1.096714390053193355e+01 7.735112557726443683e+00
5.206979827181080545e+00 1.106302546092032157e+00 1.004476997663067017e+01 7.912283800030164294e+00
5.473947391728498424e+00 9.737595888869373661e-01 9.198771787001398081e+00 8.091403592796917010e+00
5.754602676007100293e+00 8.568692296862545632e-01 8.422910297351956288e+00 8.272386866915541148e+00
6.049647464414390718e+00 7.538134179638316112e-01 7.711480496422677078e+00 8.455208566399022629e+00
6.359819522603354258e+00 6.629881964192415600e-01 7.059267868911630828e+00 8.639934100224015978e+00
6.685894442280875261e+00 5.829579808817370035e-01 6.461395436880436272e+00 8.826449852439127497e+00
7.028687580590986528e+00 5.124687633418052446e-01 5.913469004775124382e+00 9.014888860904227030e+00
7.389056098932435646e+00 4.503900266613900527e-01 5.411328995852808355e+00 9.205044988289596830e+00
7.767901106308653603e+00 3.957411975417758909e-01 4.951264405872926488e+00 9.397072689842900672e+00
8.166169912569634093e+00 3.476436989103108832e-01 4.529795532929102642e+00 9.590910915237568446e+00
8.584858397179985445e+00 3.053219193413493904e-01 4.143728962806982885e+00 9.786505647173095568e+00
9.025013499436326470e+00 2.680917564587608770e-01 3.790137885577674393e+00 9.983832808266271286e+00
9.487735836360851494e+00 2.353515124156743965e-01 3.466352361804621918e+00 1.018298268522044481e+01
9.974182454817173138e+00 2.065667910877913016e-01 3.169898768923891552e+00 1.038395236275166056e+01
1.048556972473016025e+01 1.812610096313379826e-01 2.898466397929394311e+00 1.058645976004476275e+01
1.102317638064432792e+01 1.590229157080850220e-01 2.650006013826936346e+00 1.079071545764070628e+01
1.158834671922626214e+01 1.394862053890187636e-01 2.422610327581976808e+00 1.099679073680874630e+01
1.218249396070650370e+01 1.223250262576289077e-01 2.214504280644153056e+00 1.120454411521287241e+01
1.280710378266622662e+01 1.072534542266760788e-01 2.024069590995435153e+00 1.141390710384738405e+01
1.346373803500505772e+01 9.402149688201696942e-02 1.849840602654179378e+00 1.162503793993560564e+01
1.415403864537935341e+01 8.240550542419911029e-02 1.690440042996893988e+00 1.183770784857573233e+01
1.487973172487657614e+01 7.221137881464022301e-02 1.544633350921941872e+00 1.205205763622002912e+01
1.564263188419211659e+01 6.326562075886144054e-02 1.411261216387785566e+00 1.226782319661655762e+01
1.644464677110120832e+01 5.541916708574629730e-02 1.289301381013657988e+00 1.248544141775477101e+01
1.728778184057202338e+01 4.853687267099873054e-02 1.177772139608970647e+00 1.270456705066472836e+01
1.817414536944768244e+01 4.250138135803988720e-02 1.075790823020353448e+00 1.292514122332410587e+01
1.910595372823652127e+01 3.721030998714045662e-02 9.825595641448069406e-01 1.314739502224045076e+01
2.008553692319280515e+01 3.257225033350377719e-02 8.973297286773517234e-01 1.337113765843781010e+01
2.111534442254602695e+01 2.850717929931999989e-02 8.194193755454223238e-01 1.359624605878854453e+01
2.219795128144734164e+01 2.494551536611766540e-02 7.482147689686298175e-01 1.382297178001728888e+01
2.333606458094873304e+01 2.182512846578920154e-02 6.831394588112019717e-01 1.405108696218826481e+01
2.453253019711569394e+01 1.909194450232794271e-02 6.236730524160427613e-01 1.428063267703522143e+01
2.579033991719975205e+01 1.669831753582424333e-02 5.693367087885604638e-01 1.451156237368193480e+01
2.711263892066493852e+01 1.460246957624697535e-02 5.196930569444206949e-01 1.474388517211967553e+01
2.850273364377471097e+01 1.276766077536938687e-02 4.743406651776403415e-01 1.497756239329963890e+01
2.996410004740484823e+01 1.116149079849493471e-02 4.329091092073679703e-01 1.521234548091722161e+01
3.150039230875619012e+01 9.755972858845505039e-03 3.950679911690255230e-01 1.544858582996826080e+01
3.311545195870102276e+01 8.526075156192145302e-03 3.605056383907827566e-01 1.568597344700019391e+01
3.481331748761120082e+01 7.450078862158864869e-03 3.289416368326969486e-01 1.592455705486196216e+01
3.659823444368765877e+01 6.508845837877522654e-03 3.001175122265029582e-01 1.616421613671747437e+01
3.847466604904231957e+01 5.685665562291942511e-03 2.737984159279208685e-01 1.640499665500554372e+01
4.044730436007814234e+01 4.965782077388757910e-03 2.497669872048890460e-01 1.664664295805711447e+01
4.252108200007410943e+01 4.336456878316163541e-03 2.278293409442377071e-01 1.688955521010551308e+01
4.470118449331276622e+01 3.786213510825686517e-03 2.078000363238223236e-01 1.713296207504829027e+01
4.699306323159186860e+01 3.305332500150989436e-03 1.895184852332184866e-01 1.737747525793503911e+01
4.940244910554343960e+01 2.885061214953460376e-03 1.728313199226126917e-01 1.762263026923941567e+01
5.193536683484541783e+01 2.517809439900484721e-03 1.576003908223184702e-01 1.786827908029996337e+01
5.459815003315897997e+01 2.196976313567656873e-03 1.437008971807891000e-01 1.811462785823609778e+01
5.739745704546173499e+01 1.916705287279069124e-03 1.310163190528330079e-01 1.836130543121597469e+01
6.034028759737834946e+01 1.671918558385244395e-03 1.194417652658743279e-01 1.860833452572315139e+01
6.343400029814058882e+01 1.458147710613923089e-03 1.088805598139671316e-01 1.885550111484977620e+01
6.668633104094334385e+01 1.271488316397048840e-03 9.924455821094324559e-02 1.910262739927173214e+01
7.010541234670704114e+01 1.108531775128031261e-03 9.045352996451011540e-02 1.934964713517528523e+01
7.369979369961600923e+01 9.662838718247087439e-04 8.243369045270808326e-02 1.959628767564867857e+01
7.747846292528217305e+01 8.421355444787930388e-04 7.511805038344829266e-02 1.984244778001469101e+01
8.145086866499057976e+01 7.337958692681715266e-04 6.844502253556906946e-02 2.008781419879096575e+01
8.562694400222423496e+01 6.392696528501000787e-04 6.235872321858793033e-02 2.033226121700364430e+01
9.001713130054676526e+01 5.568026706803552326e-04 5.680764113518628478e-02 2.057534254993440470e+01
9.463240831495036787e+01 4.848706453609872907e-04 5.174518908828664582e-02 2.081688912812633063e+01
9.948431564196151555e+01 4.221394638221520504e-04 4.712875207263558103e-02 2.105668805950830347e+01
1.045849855771433994e+02 3.674301866532044187e-04 4.291867548168255830e-02 2.129379726508042125e+01
1.099471724521542768e+02 3.197404145235472673e-04 3.908036324151702157e-02 2.152880814030532974e+01
1.155842845272200918e+02 2.781615550194032889e-04 3.558027566620911714e-02 2.176024253508141371e+01
1.215104175187690743e+02 2.419282208588628333e-04 3.238955285423032043e-02 2.198858739347495117e+01
1.277403898460648861e+02 2.103536103266513430e-04 2.948068719562188522e-02 2.221288360457466382e+01
1.342897796849734675e+02 1.828430394752255761e-04 2.682889368861605603e-02 2.243249476429403444e+01
1.411749639215168770e+02 1.588763235549260579e-04 2.441147774538380069e-02 2.264657327161195610e+01
1.484131591026187778e+02 1.380037559424755137e-04 2.220807234309350037e-02 2.285485098029582929e+01
1.560224644864394463e+02 1.198284652338158190e-04 2.019976605364420807e-02 2.305640842383577294e+01
1.640219072999485945e+02 1.040071306684642983e-04 1.836956320683866967e-02 2.325085604949449802e+01
1.724314903169036768e+02 9.023598533892857900e-05 1.670160028011187861e-02 2.343687854180081942e+01
1.812722418752032070e+02 7.825321491290597768e-05 1.518169381601117314e-02 2.361382636732548335e+01
1.905662684586848457e+02 6.782975970768536852e-05 1.379685830455749593e-02 2.378091866054609227e+01
2.003368099748494728e+02 5.876362491676519206e-05 1.253502731578635086e-02 2.393652486476722174e+01
2.106082978667353416e+02 5.088191561349804143e-05 1.138554052056143205e-02 2.408020317096224971e+01
2.214064162042512862e+02 4.403193837918070069e-05 1.033848161331495617e-02 2.421077380469693097e+01
2.327581659077297047e+02 3.808055427164933114e-05 9.384808581354261298e-03 2.432698565723155681e+01
2.446919322642916654e+02 3.291153160874036969e-05 8.516257140441050449e-03 2.442740336806160428e+01
2.572375559058498879e+02 2.842466051761272645e-05 7.725441236909342396e-03 2.451143114909294951e+01
2.704264074262317763e+02 2.453123918485901138e-05 7.005454626844742280e-03 2.457746248565794644e+01
2.842914658240042627e+02 2.115473399862118851e-05 6.350110701416369387e-03 2.462460632051149290e+01
2.988674009671481713e+02 1.822805676417759940e-05 5.753718749003091867e-03 2.465166582454922306e+01
3.141906602857868620e+02 1.569292364433183694e-05 5.211122766164756094e-03 2.465777772857527594e+01
3.302995599097462787e+02 1.349836444314105056e-05 4.717597443678382685e-03 2.464196824437559030e+01
3.472343804788374655e+02 1.160003645582493354e-05 4.268850176149165815e-03 2.460354973327059724e+01
3.650374678654371792e+02 9.959374961545100437e-06 3.860985834254652711e-03 2.454226674810167452e+01
3.837533390612260860e+02 8.542539341821382500e-06 3.490411180972528751e-03 2.445759496492938467e+01
4.034287934928555046e+02 7.320202457613983414e-06 3.153882973912556283e-03 2.434972304428555745e+01
4.241130300448911044e+02 6.266764083264812273e-06 2.848437089146856234e-03 2.421912513858094940e+01
4.458577700826506316e+02 5.359835556202232223e-06 2.571352534178587054e-03 2.406637852652508869e+01
4.687173867825576963e+02 4.579980690785349707e-06 2.320163789313342637e-03 2.389280271394721922e+01
4.927490410934046849e+02 3.910195589243925419e-06 2.092603718099413004e-03 2.369987764213376025e+01
5.180128246684984106e+02 3.335657815560200977e-06 1.886598258121762210e-03 2.348947376105125784e+01
5.445719101260938260e+02 2.843476448269251526e-06 1.700256451485613902e-03 2.326406498811556744e+01
5.724927090138447738e+02 2.422357874862452081e-06 1.531826919486569804e-03 2.302599704808291747e+01
6.018450378722650385e+02 2.062505127794708138e-06 1.379713754910668558e-03 2.277819719803651566e+01
6.327022928124463306e+02 1.755381590823291127e-06 1.242447870701059902e-03 2.252371499070391891e+01
6.651416330445650829e+02 1.493528910003934492e-06 1.118665267078572390e-03 2.226518405901753894e+01
6.992441738160994191e+02 1.270496444919068830e-06 1.007119477593226798e-03 2.200545143972150441e+01
7.350951892421985576e+02 1.080681316045916884e-06 9.066590910771858127e-04 2.174696440490421523e+01
7.727843255353874383e+02 9.192223431571075362e-07 8.162184660726765030e-04 2.149145134515712385e+01
8.124058251677936369e+02 7.819387897703396994e-07 7.348241818414067567e-04 2.124037123496174928e+01
8.540587625264155349e+02 6.652300361918237465e-07 6.615823598002514103e-04 2.099449185544530749e+01
8.978472916506958654e+02 5.660156977245342386e-07 5.956801944813502024e-04 2.075420803762193600e+01
9.438809066718714575e+02 4.816547370752130379e-07 5.363740663160821267e-04 2.051907117803062519e+01
9.922747156053346771e+02 4.099156235878429416e-07 4.830009891835907549e-04 2.028899362777545790e+01
1.043149728180628472e+03 3.488967896706198134e-07 4.349608834251258277e-04 2.006352234620448982e+01
1.096633158428801380e+03 2.969856233381758583e-07 3.917151416374658069e-04 1.984219919345645167e+01
1.152858742783748994e+03 2.528299941681193636e-07 3.527913063554141584e-04 1.962578992565706670e+01
1.211967074492957408e+03 2.152613550739849415e-07 3.177514514283298988e-04 1.941372141845977239e+01
1.274105955173854682e+03 1.833148705374350222e-07 2.862228403854304463e-04 1.920810814527422750e+01
1.339430764394840480e+03 1.561450828040982559e-07 2.578520129059991696e-04 1.900900480162705009e+01
1.408104848205140797e+03 1.330359420023552303e-07 2.323227797215642000e-04 1.881673330037927983e+01
1.480299927585014302e+03 1.133817333486815363e-07 2.093532839646012765e-04 1.863212995774179959e+01
1.556196527837648091e+03 9.665496368847842387e-08 1.886779911127274480e-04 1.845388232532999240e+01
1.635984429996447261e+03 8.241775366366930086e-08 1.700671681616152038e-04 1.828220315721053524e+01
1.719863145376471039e+03 7.029375468035417612e-08 1.533096157301390948e-04 1.811626525378378005e+01
1.808042414456641382e+03 5.997097654676484346e-08 1.382237005133684846e-04 1.795714223266752185e+01
1.900742731340188357e+03 5.117792348263678131e-08 1.246390747846472897e-04 1.780421928827300704e+01
1.998195895104759757e+03 4.368765823011966516e-08 1.124069593399256627e-04 1.765806911648599353e+01
2.100645589420852957e+03 3.729586062592050899e-08 1.013783140714008757e-04 1.751415753933033770e+01
2.208347991887921125e+03 3.183922590909452886e-08 9.143172828721077034e-05 1.737141882778665192e+01
2.321572414611807289e+03 2.718093347297104364e-08 8.246103729539720751e-05 1.722984342311194794e+01
2.440601977625289692e+03 2.320418048389343705e-08 7.437049259829073831e-05 1.708942184446669543e+01
2.565734316835632853e+03 1.980925314667814791e-08 6.707373992275917122e-05 1.695014468827874410e+01
2.697282328269386653e+03 1.691102646359575001e-08 6.049289751953724993e-05 1.681200262761417008e+01
2.835574950475434889e+03 1.443682979539245097e-08 5.455772489387531268e-05 1.667498641155296468e+01
2.980957987042702825e+03 1.232462470505860218e-08 4.920487309496877833e-05 1.653908686456923860e+01
3.133794971289250043e+03 1.052144939528363092e-08 4.437720856215199712e-05 1.640429488591698259e+01
3.294468075284922634e+03 8.982090735150536961e-09 4.002320331093592342e-05 1.627060144901965089e+01
3.463379065480592999e+03 7.667950578238554325e-09 3.609638495005841683e-05 1.613799760086597246e+01
3.640950307333554974e+03 6.546077945996911920e-09 3.255484065931383566e-05 1.600647446141345398e+01
3.827625821441170956e+03 5.588342809182322932e-09 2.936076983386581369e-05 1.587602322298767099e+01
4.023872393823642142e+03 4.770730750623108080e-09 2.648008062022759644e-05 1.574663514970019307e+01
4.230180743132199495e+03 4.072740823548102805e-09 2.388202603750971955e-05 1.561830157685314191e+01
4.447066747701334862e+03 3.476871507290537762e-09 2.153887580012233107e-05 1.549101391037134690e+01
4.675072735513344924e+03 2.968181871115646448e-09 1.942562033909654584e-05 1.536476362621598390e+01
4.914768840300775992e+03 2.533916942730248051e-09 1.751970386293690482e-05 1.523954226982097993e+01
5.166754427177720572e+03 2.163187887891379474e-09 1.580078360881313662e-05 1.511534145552510999e+01
5.431659591364801599e+03 1.846698981884342507e-09 1.425051271446955138e-05 1.499215286600428065e+01
5.710146733755425885e+03 1.576514526908224364e-09 1.285234439334950968e-05 1.486996825172500181e+01
6.002912217263044113e+03 1.345859871009883906e-09 1.159135532278429917e-05 1.474877943038654671e+01
6.310688108091153481e+03 1.148951539283833522e-09 1.045408636019410360e-05 1.462857828636812663e+01
6.634244006280128815e+03 9.808522180190229362e-10 9.428398887193385351e-06 1.450935677019727876e+01
6.974388970108182548e+03 8.373469556360985717e-10 8.503345248276088900e-06 1.439110689799728604e+01
7.331973539158482708e+03 7.148374762603092415e-10 7.669051901229395038e-06 1.427382075096426739e+01
7.707891861111141225e+03 6.102519559267829393e-10 6.916614032068987506e-06 1.415749047483169498e+01
8.103083927578147268e+03 5.209679991327255239e-10 6.238000509677334423e-06 1.404210827933973604e+01
8.518537924572025076e+03 4.447468844375463615e-10 5.625968165682742899e-06 1.392766643772336188e+01
8.955292703485578386e+03 3.796774303722853563e-10 5.073984484639429490e-06 1.381415728618827821e+01
9.414440378761499232e+03 3.241280741436232754e-10 4.576157879350314727e-06 1.370157322340098993e+01
9.897129058747319505e+03 2.767059615448530206e-10 4.127174807123383734e-06 1.358990670997337347e+01
1.040456571656430970e+04 2.362220222878146801e-10 3.722243055777661930e-06 1.347915026796727211e+01
1.093801920816896018e+04 2.016611550477913738e-10 3.357040594057595574e-06 1.336929648038755225e+01
1.149882344515380282e+04 1.721567746366376864e-10 3.027669440516078896e-06 1.326033799068838448e+01
1.208838073022117533e+04 1.469690830951855905e-10 2.730614058483939696e-06 1.315226750227591879e+01
1.270816526367042752e+04 1.254665198707805476e-10 2.462703833057402130e-06 1.304507777802307622e+01
1.335972682966652428e+04 1.071099259582901558e-10 2.221079229601039481e-06 1.293876163978598548e+01
1.404469467150771925e+04 9.143902493358398430e-11 2.003161272560135537e-06 1.283331196792794593e+01
1.476478156558243427e+04 7.806088190237969035e-11 1.806624018813167595e-06 1.272872170082344390e+01
1.552178810420236550e+04 6.664005098264375948e-11 1.629369731764649055e-06 1.262498383440867045e+01
1.631760719802116000e+04 5.689016427617328668e-11 1.469506491192817320e-06 1.252209142169935774e+01
1.715422880929701932e+04 4.856675143021207922e-11 1.325327999875959616e-06 1.242003757233140426e+01
1.803374492783486858e+04 4.146110974530646803e-11 1.195295371461097479e-06 1.231881545208520379e+01
1.895835480205053682e+04 3.539507112768873038e-11 1.078020705191745526e-06 1.221841828245907990e+01
1.993037043823734348e+04 3.021653467139520239e-11 9.722522721737714267e-07 1.211883934017309805e+01
2.095222238178608313e+04 2.579565285387410068e-11 8.768611550732153434e-07 1.202007195676354456e+01
2.202646579481454319e+04 2.202157571653490454e-11 7.908291986370616825e-07 1.192210951809489572e+01
2.315578684540369068e+04 1.879967139371540806e-11 7.132381424340644520e-07 1.182494546394979373e+01
2.434300942441707230e+04 1.604915329678932553e-11 6.432598198187455237e-07 1.172857328756261097e+01
2.559110220669883711e+04 1.370105445726388313e-11 5.801473185116306399e-07 1.163298653521585635e+01
2.690318607430719567e+04 1.169649823697682834e-11 5.232270084443241092e-07 1.153817880577060251e+01
2.828254192034512744e+04 9.985222045086504055e-12 4.718913517827600371e-07 1.144414375026727804e+01
2.973261885290210193e+04 8.524317045120333214e-12 4.255924183834554394e-07 1.135087507148703523e+01
3.125704281962085952e+04 7.277152251359856283e-12 3.838360374717414461e-07 1.125836652353280343e+01
3.285962567445517197e+04 6.212456037142181479e-12 3.461765231195091825e-07 1.116661191141089482e+01
3.454437470929026313e+04 5.303532024662660235e-12 3.122119172250687046e-07 1.107560509061874399e+01
3.631550267425979837e+04 4.527589695355825072e-12 2.815796992209396810e-07 1.098533996672342283e+01
3.817743831181556016e+04 3.865172936482103625e-12 2.539529167177753595e-07 1.089581049496856657e+01
4.013483743089039490e+04 3.299672195172189307e-12 2.290366957841732229e-07 1.080701067985951269e+01
4.219259454884566367e+04 2.816908007614801785e-12 2.065650936154817643e-07 1.071893457476423350e+01
4.435585513031406299e+04 2.404775460718239212e-12 1.862982599983930017e-07 1.063157628151518530e+01
4.663002845354139572e+04 2.052940671416987125e-12 1.680198772743062951e-07 1.054492995001436384e+01
4.902080113639969204e+04 1.752581673092778939e-12 1.515348514769620842e-07 1.045898977784161943e+01
5.153415135589398415e+04 1.496167212051308722e-12 1.366672300007473239e-07 1.037375000986581774e+01
5.417636379671867326e+04 1.277267907559245027e-12 1.232583235739595419e-07 1.028920493786186441e+01
5.695404536624281900e+04 1.090395040434036534e-12 1.111650124918741041e-07 1.020534890012160467e+01
5.987414171521994285e+04 9.308629279466372698e-13 1.002582190313668448e-07 1.012217628107939049e+01
6.294395460553275188e+04 7.946714341991808075e-13 9.042152974233943613e-08 1.003968151094037431e+01
6.617116016840114025e+04 6.784056700218942538e-13 8.154995291096094271e-08 9.957859065300580070e+00
6.956382809870861820e+04 5.791503674492233698e-13 7.354879793264472171e-08 9.876703464779680530e+00
7.313044183344273188e+04 4.944167817844805389e-13 6.633266463370251263e-08 9.796209274653632448e+00
7.687991976470644295e+04 4.220802883830588432e-13 5.982453175423404322e-08 9.716371104490839627e+00
8.082163754034375597e+04 3.603271094450516439e-13 5.395493486319169010e-08 9.637183607791209639e+00
8.496545150794286747e+04 3.076088350357243200e-13 4.866122493111791459e-08 9.558641481630324677e+00
8.932172336083906703e+04 2.626035979855198791e-13 4.388689964690729059e-08 9.480739466293549356e+00
9.390134604774527543e+04 2.241829291638471486e-13 3.958100034154071982e-08 9.403472344949419082e+00
9.871577101079767453e+04 1.913834620468835143e-13 3.569756808161171814e-08 9.326834943257535926e+00
1.037770368201258680e+05 1.633827770994012250e-13 3.219515312765311004e-08 9.250822129075723765e+00
1.090977992765488161e+05 1.394787802834578625e-13 2.903637252105127082e-08 9.175428812075377749e+00
1.146913630576689611e+05 1.190720986307894921e-13 2.618751107777473291e-08 9.100649943405183961e+00
1.205717149864963576e+05 1.016510514612091639e-13 2.361816153003899147e-08 9.026480515374062819e+00
1.267535590057915979e+05 8.677882041206853194e-14 2.130089997489039435e-08 8.952915561099066721e+00
1.332523529455816897e+05 7.408249657883560355e-14 1.921099316571303299e-08 8.879950154176896149e+00
1.400843471757866791e+05 6.324373013244979754e-14 1.732613452239695795e-08 8.807579408353783279e+00
1.472666252406089625e+05 5.399074796041372592e-14 1.562620604248461160e-08 8.735798477198459366e+00
1.548171465762921434e+05 4.609153918056546149e-14 1.409306357205878152e-08 8.664602553777793759e+00
1.627547914190663723e+05 3.934803765991987139e-14 1.271034314446489647e-08 8.593986870334676453e+00
1.710994080155731353e+05 3.359115567006298948e-14 1.146328631983046578e-08 8.523946697972538900e+00
1.798718622538203781e+05 2.867654415201628705e-14 1.033858266113039933e-08 8.454477346323182374e+00
1.890940898387710622e+05 2.448097328294810109e-14 9.324227665507932745e-09 8.385574163252398350e+00
1.987891511430313694e+05 2.089924259016937504e-14 8.409394634441824851e-09 8.317232534548050893e+00
2.089812888697938761e+05 1.784154313616200181e-14 7.584319115179255016e-09 8.249447883595554032e+00
2.196959886722229712e+05 1.523120563369689649e-14 6.840194680039339774e-09 8.182215671071881857e+00
2.309600428808625729e+05 1.300277802684867246e-14 6.169078931185328674e-09 8.115531394660372655e+00
2.428016174984180834e+05 1.110038433473530792e-14 5.563808727585393586e-09 8.049390588730402030e+00
2.552503226294341730e+05 9.476323607503132436e-15 5.017923729372934072e-09 7.983788824060364497e+00
2.683372865209793090e+05 8.089873864373874733e-15 4.525597443520634063e-09 7.918721707504484009e+00
2.820952333994774381e+05 6.906271023676400183e-15 4.081575034891953867e-09 7.854184881735370993e+00
2.965585652983192704e+05 5.895837222199278413e-15 3.681117238853084624e-09 7.790174024933860686e+00
3.117634480808650260e+05 5.033236667300941133e-15 3.319949776825099397e-09 7.726684850506438273e+00
3.277479018739408348e+05 4.296840362835053836e-15 2.994217734850693039e-09 7.663713106784543427e+00
3.445518961379595567e+05 3.668183779959054657e-15 2.700444418249018781e-09 7.601254576760902992e+00
3.622174496113909991e+05 3.131503874319103186e-15 2.435494243178096673e-09 7.539305077789561160e+00
3.807887353794944938e+05 2.673343840747767433e-15 2.196539269044628521e-09 7.477860461326145014e+00
4.003121913300411543e+05 2.282215694979693756e-15 1.981029014528940896e-09 7.416916612616195614e+00
4.208366362722213962e+05 1.948312221952998616e-15 1.786663235077256134e-09 7.356469450453793968e+00
4.424133920090965694e+05 1.663261067987475549e-15 1.611367371282570484e-09 7.296514926887740060e+00
4.650964116688389913e+05 1.419914810939420289e-15 1.453270406117137126e-09 7.237049026970388432e+00
4.889424146156553179e+05 1.212171744489728690e-15 1.310684894664549782e-09 7.178067768455761666e+00
5.140110282777408138e+05 1.034822882907410364e-15 1.182088953212576224e-09 7.119567201565944359e+00
5.403649372469085502e+05 8.834213500328606116e-16 1.066110015454806149e-09 7.061543408710195813e+00
5.680700400227193022e+05 7.541708775333644042e-16 9.615101824309600506e-10 7.003992504225665883e+00
5.971956137930564582e+05 6.438306166118159244e-16 8.671730098363562567e-10 6.946910634120292194e+00
6.278144876631795196e+05 5.496338763996304576e-16 7.820915916741201765e-10 6.890293975799322013e+00
6.600032247664229944e+05 4.692187514722757479e-16 7.053578130653826614e-10 6.834138737840608435e+00
6.938423137119094608e+05 4.005688990194659809e-16 6.361526575006174073e-10 6.778441159709077013e+00
7.294163698479967425e+05 3.419629807169392190e-16 5.737374650838061184e-10 6.723197511523848036e+00
7.668143468447235646e+05 2.919315015893898706e-16 5.174460484595199238e-10 6.668404093793183662e+00
8.061297591243179049e+05 2.492199636392213393e-16 4.666775822758260098e-10 6.614057237184880478e+00
8.474609156959623797e+05 2.127574103451677436e-16 4.208901902858922829e-10 6.560153302268434850e+00
8.909111659795242595e+05 1.816295733126346171e-16 3.795951616424386161e-10 6.506688679274303944e+00
9.365891582329371013e+05 1.550559477491742294e-16 3.423517346519133370e-10 6.453659787852362939e+00
9.846091112294379855e+05 1.323702219517466049e-16 3.087623923130389158e-10 6.401063076831859711e+00
1.035091099863994634e+06 1.130035700913509411e-16 2.784686194267488692e-10 6.348895023983790686e+00
1.088161355403086869e+06 9.647038937538300096e-17 2.511470759911093581e-10 6.297152135784938487e+00
1.143952581128624268e+06 8.235612395886872721e-17 2.265061460380309597e-10 6.245830947184054516e+00
1.202604284165272489e+06 7.030687029920183799e-17 2.042828250758452892e-10 6.194928021369727311e+00
1.264263124320930336e+06 6.002050331724626068e-17 1.842399129159240668e-10 6.144439949540185353e+00
1.329083280812643003e+06 5.123910086064632039e-17 1.661634819210684144e-10 6.094363350677705959e+00
1.397226837794951163e+06 4.374247651888481200e-17 1.498605936528347336e-10 6.044694871311444118e+00
1.468864189654704416e+06 3.734265863113066916e-17 1.351572395470637991e-10 5.995431185309290534e+00
1.544174467085782439e+06 3.187917705206140803e-17 1.218964836366564181e-10 5.946568993643979617e+00
1.623345985009134281e+06 2.721503949559309672e-17 1.099367874985905172e-10 5.898105024174878253e+00
1.706576713458170416e+06 2.323329656650590202e-17 9.915049954628670927e-11 5.850036031429196370e+00
1.794074772606963990e+06 1.983410935099403177e-17 8.942249254285550457e-11 5.802358796384396555e+00
1.886058953179090517e+06 1.693224603840757192e-17 8.064893479276817285e-11 5.755070126255199092e+00
1.982759263538399944e+06 1.445494480398937008e-17 7.273618189616073999e-11 5.708166854266775836e+00
2.084417504829733167e+06 1.234008936632611834e-17 6.559977723733298648e-11 5.661645839471544761e+00
2.191287875607731752e+06 1.053465147281287000e-17 5.916355053842740899e-11 5.615503966499542976e+00
2.303637607465630397e+06 8.993361260136467707e-18 5.335880485768788483e-11 5.569738145391330164e+00
2.421747633253435604e+06 7.677572149774579451e-18 4.812358335374507953e-11 5.524345311349953214e+00
2.545913289556382690e+06 6.554291817045703986e-18 4.340200799066873951e-11 5.479322424576562156e+00
2.676445055190230254e+06 5.595354935767579256e-18 3.914368312464039541e-11 5.434666470026241925e+00
2.813669327560023405e+06 4.776716956029418878e-18 3.530315760718667827e-11 5.390374457246298157e+00
2.957929238823618274e+06 4.077851206927681505e-18 3.183943966307664111e-11 5.346443420138641933e+00
3.109585513900805730e+06 3.481234207283671408e-18 2.871555936549790016e-11 5.302870416788503682e+00
