# [1] k:    [h/Mpc] 
# [2] P:    [Mpc^3/h^3] 
# [3] T:    [Mpc^3/h^3] 
# [4] Delta_k 
3.059023205018257859e-07 4.391517662022476065e-01 3.700445245695901394e+04 6.368442134804609786e-22
3.215862678579245412e-07 4.604662198442541765e-01 3.698677660744016612e+04 7.758191960337701122e-22
3.380743483904743061e-07 4.828151813029015194e-01 3.696910920117946807e+04 9.451219186670577941e-22
3.554077908890640533e-07 5.062488609379420801e-01 3.695145023407656117e+04 1.151370635982586202e-21
3.736299379885273404e-07 5.308199060941400926e-01 3.693379970203314588e+04 1.402627867595911282e-21
3.927863545481053003e-07 5.565835193876282894e-01 3.691615760115442390e+04 1.708715572101463696e-21
4.129249415873286729e-07 5.835975827157062756e-01 3.689852392734591558e+04 2.081599099657402886e-21
4.340960560635169786e-07 6.119227873048389554e-01 3.688089867658228468e+04 2.535854932465719105e-21
4.563526367904018199e-07 6.416227700609455908e-01 3.686328184484010853e+04 3.089240497639111640e-21
4.797503368127355169e-07 6.727642565394386098e-01 3.684567342809787806e+04 3.763388327176148412e-21
5.043476625678916271e-07 7.054172108543982356e-01 3.682807342233602685e+04 4.584651700620082944e-21
5.302061201824328858e-07 7.396549928609611468e-01 3.681048182346993417e+04 5.585134827607306015e-21
5.573903692694645323e-07 7.755545229801019680e-01 3.679289862761781114e+04 6.803947841544116245e-21
5.859683846113473662e-07 8.131964549963626165e-01 3.677532383069884963e+04 8.288735663394045362e-21
6.160116261320592563e-07 8.526653572661992975e-01 3.675775742863427877e+04 1.009754050110092075e-20
6.475952175842278093e-07 8.940499027234383167e-01 3.674019941754786851e+04 1.230107079201919930e-20
6.807981343976415384e-07 9.374430680783982783e-01 3.672264979336466058e+04 1.498546528372648549e-20
7.157034011589609116e-07 9.829423427127026436e-01 3.670510855201172672e+04 1.825566030517017696e-20
7.523982992164306405e-07 1.030649947715278181e+00 3.668757568961838115e+04 2.223949185888080384e-20
7.909745849287134463e-07 1.080673065516702502e+00 3.667005120211550820e+04 2.709269288940217612e-20
8.315287191035797356e-07 1.133124080704748016e+00 3.665253508550268452e+04 3.300498107857431521e-20
8.741621082001717898e-07 1.188120832505809243e+00 3.663502733571475983e+04 4.020747514615666408e-20
9.189813578979717484e-07 1.245786879550381698e+00 3.661752794895505940e+04 4.898172956960161449e-20
9.660985396665287929e-07 1.306251777423188098e+00 3.660003692102897185e+04 5.967074089829268178e-20
1.015631471002508262e-06 1.369651369767878046e+00 3.658255424794381543e+04 7.269235591770490209e-20
1.067704010034801725e-06 1.436128093478646006e+00 3.656507992584182648e+04 8.855560580171551034e-20
1.122446365234364056e-06 1.505831298681610475e+00 3.654761395066748082e+04 1.078806047748249426e-19
1.179995421003214005e-06 1.578917584286227083e+00 3.653015631836724788e+04 1.314227911511176419e-19
1.240495079956737545e-06 1.655551149826667512e+00 3.651270702508891554e+04 1.601024583618559126e-19
1.304096622755184042e-06 1.735904164327520594e+00 3.649526606678274402e+04 1.950407303710032460e-19
1.370959086384113674e-06 1.820157153130007144e+00 3.647783343946737295e+04 2.376033878110473482e-19
1.441249661829700436e-06 1.908499403457400989e+00 3.646040913909704977e+04 2.894542580500673900e-19
1.515144112143284134e-06 2.001129389705138539e+00 3.644299316182688926e+04 3.526202562829126660e-19
1.592827211940548929e-06 2.098255219303265307e+00 3.642558550361488597e+04 4.295706201686607734e-19
1.674493209434307728e-06 2.200095100280405447e+00 3.640818616042107897e+04 5.233134354124091601e-19
1.760346312156213177e-06 2.306877831526481959e+00 3.639079512840608368e+04 6.375132255939909346e-19
1.850601197581954108e-06 2.418843316786372100e+00 3.637341240359986114e+04 7.766342029580189444e-19
1.945483549936765273e-06 2.536243103627199069e+00 3.635603798183587060e+04 9.461147800312076602e-19
2.045230624523543909e-06 2.659340948658907244e+00 3.633867185934642475e+04 1.152580163978610347e-18
2.150091840984688092e-06 2.788413410015763372e+00 3.632131403210110147e+04 1.404101344186950916e-18
2.260329406981118614e-06 2.923750468719880757e+00 3.630396449607148679e+04 1.710510597314986892e-18
2.376218973848010330e-06 3.065656180201222547e+00 3.628662324742920464e+04 2.083785843273098496e-18
2.498050325866710336e-06 3.214449357330633639e+00 3.626929028208362433e+04 2.538518877009886088e-18
2.626128104876382668e-06 3.370464286769007778e+00 3.625196559621002962e+04 3.092485780034366279e-18
2.760772572037287162e-06 3.534051479927610817e+00 3.623464918585350824e+04 3.767341809572991390e-18
2.902320408650496801e-06 3.705578460426399712e+00 3.621734104686341743e+04 4.589467929548834311e-18
3.051125558036519890e-06 3.885430589902521437e+00 3.620004117545353074e+04 5.591002075487990833e-18
3.207560110577962700e-06 4.074011933690919740e+00 3.618274956770756398e+04 6.811095466418843567e-18
3.372015234139298021e-06 4.271746168604711791e+00 3.616546621954659349e+04 8.297443074809413795e-18
3.544902152190277809e-06 4.479077534878593170e+00 3.614819112712397327e+04 1.010814808267939043e-17
3.726653172078803499e-06 4.696471834133003398e+00 3.613092428643043968e+04 1.231399320730333177e-17
3.917722766024474580e-06 4.924417475930654930e+00 3.611366569355729735e+04 1.500120768603910583e-17
4.118588707535861475e-06 5.163426575041309086e+00 3.609641534459764080e+04 1.827483808474268396e-17
4.329753266093139866e-06 5.414036101956552827e+00 3.607917323554796167e+04 2.226285469894291206e-17
4.551744463083409039e-06 5.676809089351897875e+00 3.606193936257073801e+04 2.712115407259558839e-17
4.785117392129195949e-06 5.952335896907859691e+00 3.604471372160067403e+04 3.303965318795003778e-17
5.030455607111644826e-06 6.241235537773337505e+00 3.602749630877119489e+04 4.024971355783995761e-17
5.288372581359179674e-06 6.544157069205579269e+00 3.601028712018473016e+04 4.903318543555295037e-17
5.559513241650373021e-06 6.861781050749179656e+00 3.599308615184731752e+04 5.973342569253202618e-17
5.844555580866815540e-06 7.194821073287044122e+00 3.597589339986515552e+04 7.276872006724861069e-17
6.144212353328471540e-06 7.544025362199172413e+00 3.595870886034626164e+04 8.864863447631340131e-17
6.459232857050738118e-06 7.910178458322595141e+00 3.594153252930239250e+04 1.079939345812077966e-16
6.790404807379771878e-06 8.294102980653063284e+00 3.592436440291067265e+04 1.315608522936556378e-16
7.138556306691162195e-06 8.696661474312119111e+00 3.590720447712131136e+04 1.602706478219374347e-16
7.504557915077204533e-06 9.118758348576690764e+00 3.589005274808247486e+04 1.952456228842962196e-16
7.889324827200587103e-06 9.561341908673684387e+00 3.587290921191147936e+04 2.378529928817604719e-16
8.293819160757753291e-06 1.002540648625285336e+01 3.585577386462958384e+04 2.897583330522765434e-16
8.719052362274285227e-06 1.051199467342611094e+01 3.583864670239045518e+04 3.529906878873043933e-16
9.166087736248057605e-06 1.102219966496741321e+01 3.582152772121915768e+04 4.300218890079220068e-16
9.636043103964330830e-06 1.155716771449163538e+01 3.580441691727301077e+04 5.238631821508986936e-16
1.013009359863121538e-05 1.211810070955407426e+01 3.578731428661344398e+04 6.381829405158721492e-16
1.064947460382478790e-05 1.270625887192870529e+01 3.577021982530380774e+04 7.774500660506911658e-16
1.119548484259151579e-05 1.332296358896175903e+01 3.575313352950691478e+04 9.471086844075474755e-16
1.176948962493235138e-05 1.396960038210958466e+01 3.573605539525733911e+04 1.153790962595510529e-15
1.237292426178888029e-05 1.464762201988749446e+01 3.571898541868908069e+04 1.405576368671767596e-15
1.300729765406831334e-05 1.535855178167121338e+01 3.570192359593794390e+04 1.712307508222975110e-15
1.367419606568169201e-05 1.610398687991861166e+01 3.568486992307662877e+04 2.085974884087909319e-15
1.437528709002991615e-05 1.688560204863087222e+01 3.566782439621218509e+04 2.541185620076686136e-15
1.511232381985586521e-05 1.770515330584090208e+01 3.565078701142111095e+04 3.095734471652747511e-15
1.588714923088939049e-05 1.856448189886993916e+01 3.563375776484663947e+04 3.771299445134528067e-15
1.670170079024660794e-05 1.946551844091624517e+01 3.561673665263378643e+04 4.594289217997683369e-15
1.755801530110687162e-05 2.041028724836247932e+01 3.559972367083224526e+04 5.596875486989718190e-15
1.845823399578163895e-05 2.140091088895843896e+01 3.558271881562313501e+04 6.818250599942738753e-15
1.940460788991057802e-05 2.243961495024460717e+01 3.556572208309225971e+04 8.306159633475019188e-15
2.039950341117315543e-05 2.352873303977538910e+01 3.554873346932734421e+04 1.011876680760660067e-14
2.144540831659045798e-05 2.467071202805948360e+01 3.553175297051497910e+04 1.232692919773214191e-14
2.254493791321357228e-05 2.586811754553113119e+01 3.551478058271427290e+04 1.501696662595250039e-14
2.370084159775344190e-05 2.712363974698247304e+01 3.549781630211545416e+04 1.829403601075843699e-14
2.491600973150475266e-05 2.844009935503972741e+01 3.548086012478140037e+04 2.228624208193518964e-14
2.619348086775470484e-05 2.982045399767983440e+01 3.546391204687373101e+04 2.714964515443892247e-14
2.753644934974891994e-05 3.126780485286077038e+01 3.544697206455584092e+04 3.307436172071239364e-14
2.894827329821342076e-05 3.278540361567436179e+01 3.543004017392846436e+04 4.029199634138394743e-14
3.043248300840562692e-05 3.437665980393663290e+01 3.541311637112647441e+04 4.908469535656785344e-14
3.199278977769132648e-05 3.604514841800858704e+01 3.539620065222217818e+04 5.979617633797200779e-14
3.363309518572123809e-05 3.779461797309957660e+01 3.537929301348292211e+04 7.284516443833678438e-14
3.535750085041236633e-05 3.962899892011193970e+01 3.536239345098469494e+04 8.874176087875712837e-14
3.717031868412924126e-05 4.155241247646905833e+01 3.534550196085364587e+04 1.081073834423367421e-13
3.907608167571078754e-05 4.356917988504526562e+01 3.532861853924995376e+04 1.316990584705209611e-13
4.107955522530357004e-05 4.568383212239297819e+01 3.531174318231953657e+04 1.604390139668230440e-13
4.318574906034433776e-05 4.790112007830867213e+01 3.529487588621016039e+04 1.954507306398712048e-13
4.539992976248807967e-05 5.022602522943402903e+01 3.527801664707141754e+04 2.381028601656631936e-13
4.772763393680535859e-05 5.266377083090569755e+01 3.526116546105475572e+04 2.900627274887465342e-13
5.017468205617894183e-05 5.521983365119665876e+01 3.524432232431345619e+04 3.533615086340073601e-13
5.274719301551768723e-05 5.789995627651492072e+01 3.522748723300264101e+04 4.304736319110369219e-13
5.545159943218107865e-05 6.071016001245667582e+01 3.521066018329525832e+04 5.244135064036613080e-13
5.829466373087315435e-05 6.365675841151472270e+01 3.519384117130208324e+04 6.388533589785960771e-13
6.128349505322671351e-05 6.674637145799316329e+01 3.517703019323175977e+04 7.782667862189842384e-13
6.442556703436033705e-05 6.998594044032570594e+01 3.516022724524672958e+04 9.481036328909278655e-13
6.772873649085907528e-05 7.338274354576596181e+01 3.514343232347929734e+04 1.155003033172261477e-12
7.120126306690828879e-05 7.694441221226824723e+01 3.512664542411158618e+04 1.407052942693026180e-12
7.485182988770643921e-05 8.067894827335936725e+01 3.510986654329558223e+04 1.714106306804843252e-12
7.868956527180084881e-05 8.459474193591159974e+01 3.509309567724896624e+04 2.088166224513199584e-12
8.272406555663884206e-05 8.870059062929105664e+01 3.507633282209546451e+04 2.543855164573646134e-12
8.696541909440986997e-05 9.300571877086208872e+01 3.505957797402447613e+04 3.098986576050274967e-12
9.142423147818073699e-05 9.751979848968741749e+01 3.504283112921128486e+04 3.775261238251132218e-12
9.611165206140254191e-05 1.022529713565166816e+02 3.502609228383297159e+04 4.599115571260932561e-12
1.010394018371016720e-04 1.072158711683791239e+02 3.500936143406847987e+04 5.602755068577254587e-12
1.062198027464676133e-04 1.124196478390347380e+02 3.499263857609854313e+04 6.825413250022295054e-12
1.116658084901241013e-04 1.178759924489605879e+02 3.497592370610574289e+04 8.314885348969908981e-12
1.173910369191279803e-04 1.235971635112087483e+02 3.495921682028242503e+04 1.012939668763935988e-11
1.234098040866900780e-04 1.295960145118101821e+02 3.494251791479891108e+04 1.233987877754968551e-11
1.297371600457651012e-04 1.358860227874259010e+02 3.492582698585119215e+04 1.503274212080522255e-11
1.363889264820232711e-04 1.424813198040296811e+02 3.490914402962913300e+04 1.831325410438963152e-11
1.433817362763056455e-04 1.493967229054606207e+02 3.489246904232441011e+04 2.230965403363012544e-11
1.507330750954898936e-04 1.566477686028541996e+02 3.487580202013053349e+04 2.717816616659979884e-11
1.584613251157653230e-04 1.642507474798672433e+02 3.485914295925074111e+04 3.310910671524455154e-11
1.665858109876483387e-04 1.722227407916699065e+02 3.484249185586631938e+04 4.033432354343788670e-11
1.751268481576742783e-04 1.805816588410377221e+02 3.482584870618415880e+04 4.913625938925357013e-11
1.841057936675958640e-04 1.893462812162969442e+02 3.480921350640501623e+04 5.985899290384433244e-11
1.935450995581117185e-04 1.985362989826151363e+02 3.479258625273147481e+04 7.292168911510836456e-11
2.034683690106629794e-04 2.081723589209935881e+02 3.477596694136795122e+04 8.883498511146856567e-11
2.139004153676812446e-04 2.182761099145168373e+02 3.475935556852853915e+04 1.082209514826417947e-10
2.248673241788693637e-04 2.288702515854380408e+02 3.474275213040150993e+04 1.318374098347023250e-10
2.363965184286629729e-04 2.399785852941930102e+02 3.472615662321646232e+04 1.606075569823374775e-10
2.485168271079757005e-04 2.516260676118955075e+02 3.470956904317317822e+04 1.956560538633936644e-10
2.612585573016925852e-04 2.638388663897099491e+02 3.469298938648907642e+04 2.383529899381080623e-10
2.746535699721688829e-04 2.766444195486710100e+02 3.467641764937940752e+04 2.903674416949146563e-10
2.887353596282311993e-04 2.900714967232199797e+02 3.465985382806124835e+04 3.537327189322969232e-10
3.035391380788964293e-04 3.041502638966666723e+02 3.464329791875741648e+04 4.309258493751286888e-10
3.191019224812350285e-04 3.189123511734046019e+02 3.462674991768071777e+04 5.249644087777329195e-10
3.354626279025451924e-04 3.343909238411927163e+02 3.461020982105758594e+04 6.395244817245824292e-10
3.526621646282911485e-04 3.506207568817987408e+02 3.459367762511328328e+04 7.790843643617090455e-10
3.707435404591257876e-04 3.676383130983306842e+02 3.457715332607342862e+04 9.490996265789587953e-10
3.897519682527942697e-04 3.854818250345321644e+02 3.456063692016518326e+04 1.156216377041929305e-09
4.097349789798286580e-04 4.041854506101762468e+02 3.454387498850384145e+04 1.408510402027491080e-09
4.307425405757319271e-04 4.238002047043151492e+02 3.452726890535917482e+04 1.715871326235610965e-09
4.528271828868440083e-04 4.443756487361844734e+02 3.451101266146571288e+04 2.090345043907134016e-09
4.760441290223192071e-04 4.659524518248744016e+02 3.449485379553480743e+04 2.546557580974882311e-09
5.004514334406633081e-04 4.885767253858244317e+02 3.447869550325188902e+04 3.102336096049454731e-09
5.261101271161193775e-04 5.122969401768900752e+02 3.446245806656236527e+04 3.779392577356887486e-09
5.530843701478924991e-04 5.371602103799186807e+02 3.444595407416619855e+04 4.604137142281363575e-09
5.814416121938181326e-04 5.632159207832228276e+02 3.442902253066197591e+04 5.608716792149743165e-09
6.112527611296385451e-04 5.905173411664792411e+02 3.441157022308908927e+04 6.832276225586927184e-09
6.425923603556274889e-04 6.191198076514557442e+02 3.439350548794515635e+04 8.322458375141582014e-09
6.755387751939181127e-04 6.490779986577952059e+02 3.437466452329790627e+04 1.013719950422745619e-08
7.101743888426273075e-04 6.804510293904507989e+02 3.435495569524962048e+04 1.234702003815932338e-08
7.465858083767621441e-04 7.132967003080176482e+02 3.433420481223432580e+04 1.503763934876576917e-08
7.848640813110194670e-04 7.476782724416686960e+02 3.431232896583789989e+04 1.831337474129177284e-08
8.251049232659968648e-04 7.836608628863000376e+02 3.428923743118590937e+04 2.230108291733942015e-08
8.674089573071004124e-04 8.213034938331102239e+02 3.426466687058560638e+04 2.715473925802372910e-08
9.118819655546198935e-04 8.606793302869150466e+02 3.423862348955479683e+04 3.306187748638229847e-08
9.586351536941296880e-04 9.018503699834998315e+02 3.421084366844484612e+04 4.024989938273497124e-08
1.007785429048626679e-03 9.448936175430339972e+02 3.418132779356582614e+04 4.899563594592534442e-08
1.059455692907732439e-03 9.898790038689174935e+02 3.414990175453279517e+04 5.963493750270338761e-08
1.113775147844932919e-03 1.036872565695315643e+03 3.411630788490641862e+04 7.257519508093404343e-08
1.170879620791311689e-03 1.085951116594718542e+03 3.408045640470170474e+04 8.831150307940371463e-08
1.230911902673626282e-03 1.137187642120509054e+03 3.404217192835747846e+04 1.074442810594812536e-07
1.294022105466001958e-03 1.190656447894361236e+03 3.400128730827801337e+04 1.307018735918832678e-07
1.360368037548055848e-03 1.246431420037967655e+03 3.395762053100610501e+04 1.589673393326688372e-07
1.430115598308045934e-03 1.304581281906407185e+03 3.391091897580435761e+04 1.933102277674429569e-07
1.503439192977754080e-03 1.365193601186522756e+03 3.386117627352715499e+04 2.350293534451276092e-07
1.580522168736409397e-03 1.428329921772328589e+03 3.380804958017855824e+04 2.856936373379851750e-07
1.661557273174137529e-03 1.494056067674029009e+03 3.375127847141942766e+04 3.472027065921884286e-07
1.746747136261333697e-03 1.562451349996230192e+03 3.369077203550692502e+04 4.218585759601100583e-07
1.836304777029133936e-03 1.633579557680923926e+03 3.362627708064932813e+04 5.124421457800676345e-07
1.930454136227949345e-03 1.707491275222287413e+03 3.355743979642886552e+04 6.223106257793791115e-07
2.029430636295988157e-03 1.784269307047187340e+03 3.348426007016294898e+04 7.555327603895292198e-07
2.133481770037976965e-03 1.863939308680623299e+03 3.340621858917688223e+04 9.169989430905636472e-07
2.242867719486086112e-03 1.946567851918618089e+03 3.332323371608289017e+04 1.112630053859110166e-06
2.357862006490532136e-03 2.032196240193871745e+03 3.323503331587851426e+04 1.349556452336361194e-06
2.478752176666675511e-03 2.120862927032421794e+03 3.314137538531369501e+04 1.636372548856313106e-06
2.605840518408833982e-03 2.212571307743436137e+03 3.304180749380068301e+04 1.983403307892113911e-06
2.739444818768723561e-03 2.307363975924542046e+03 3.293624945730476611e+04 2.403112138401493303e-06
2.879899158088616417e-03 2.405239314271280364e+03 3.282435245291371393e+04 2.910451693491059641e-06
3.027554745376210416e-03 2.506184740434660398e+03 3.270577855309133520e+04 3.523378948387641542e-06
3.182780796510085389e-03 2.610184395924145520e+03 3.258025481197834961e+04 4.263454526205504094e-06
3.345965457471714814e-03 2.717197680109769863e+03 3.244743944161281615e+04 5.156509871968906176e-06
3.517516774912597243e-03 2.827196771364398046e+03 3.230715847371601558e+04 6.233541094342670464e-06
3.697863716483424691e-03 2.940093687800242151e+03 3.215897955883078248e+04 7.531545994776846520e-06
3.887457243476651579e-03 3.055809267776391152e+03 3.200263420892337308e+04 9.094804729696739915e-06
4.086771438464619106e-03 3.174233157485323773e+03 3.183779254437598138e+04 1.097615247609281535e-05
4.296304690752923532e-03 3.295224236388017289e+03 3.166408583096029906e+04 1.323855100565146301e-05
4.516580942613284376e-03 3.418662080963373683e+03 3.148136001165948619e+04 1.595716835357656617e-05
4.748150999412126434e-03 3.544320205848563091e+03 3.128908078743772421e+04 1.922103524292498032e-05
4.991593906910903912e-03 3.672021533421243930e+03 3.108707563683603439e+04 2.313626318909634076e-05
5.247518399182111472e-03 3.801502841344442913e+03 3.087492069949181314e+04 2.782835201918969890e-05
5.516564420761540903e-03 3.932525682898367450e+03 3.065242975245373236e+04 3.344628675359487290e-05
5.799404726842954938e-03 4.064783433406408676e+03 3.041926798048102137e+04 4.016593909792205816e-05
6.096746565516493986e-03 4.197877605963356473e+03 3.017490210622531231e+04 4.819416474474327833e-05
6.409333446257287764e-03 4.331468857577383460e+03 2.991916802996198021e+04 5.777554546184579781e-05
6.737946999086424568e-03 4.465127082843032440e+03 2.965171092760148531e+04 6.919693436887165532e-05
7.083408929053131541e-03 4.598436437579108315e+03 2.937236188822150507e+04 8.279562530612055889e-05
7.446583070925409317e-03 4.730801392844126894e+03 2.908051312673897701e+04 9.896373802918754896e-05
7.828377549226901017e-03 4.861742880535442964e+03 2.877607997053491272e+04 1.181619186366452507e-04
8.229747049021221908e-03 4.990681239792585984e+03 2.845879354959059128e+04 1.409254893158802101e-04
8.651695203121895217e-03 5.116870588259600481e+03 2.812805591640685452e+04 1.678720234009572056e-04
9.095277101697147801e-03 5.239721640462595133e+03 2.778385724465563180e+04 1.997221717528073937e-04
9.561601930544914862e-03 5.358414480045924392e+03 2.742568690805192091e+04 2.373004382005554802e-04
1.005183574463506743e-02 5.472163280571934592e+03 2.705327309216395224e+04 2.815564340958855659e-04
1.056720438385422289e-02 5.580176300074594110e+03 2.666644878461548433e+04 3.335788454578135238e-04
1.110899653824396448e-02 5.681495093134938543e+03 2.626476216898666462e+04 3.946002800944940357e-04
1.167856697039719623e-02 5.775218656776880380e+03 2.584802121079256176e+04 4.660230064747860191e-04
1.227733990307029038e-02 5.860370927312871572e+03 2.541596296546977101e+04 5.494247294839524820e-04
1.290681258048182248e-02 5.935925369398244584e+03 2.496831089360609622e+04 6.465702264638864463e-04
1.356855901220299469e-02 6.000840068152037929e+03 2.450484186930925352e+04 7.594225603446192775e-04
1.426423390900143431e-02 6.054104754220585164e+03 2.402546349411621122e+04 8.901548162533498391e-04
1.499557682048000690e-02 6.094668623464317534e+03 2.353004667522955788e+04 1.041141803165529078e-03
1.576441648485692182e-02 6.121381496521641566e+03 2.301830785151801683e+04 1.214936013332359750e-03
1.657267540176381518e-02 6.133412595709863126e+03 2.249058190294581436e+04 1.414328563121481372e-03
1.742237463949622076e-02 6.129729315502232566e+03 2.194679874355860011e+04 1.642228559824113199e-03
1.831563888873704443e-02 6.109509998448842452e+03 2.138723559630363161e+04 1.901703719813021718e-03
1.925470177538994923e-02 6.072034730077795757e+03 2.081227318876301069e+04 2.195911814463345768e-03
2.024191144580758314e-02 6.016813586991490411e+03 2.022258192944714392e+04 2.528083284118810923e-03
2.127973643838054069e-02 5.943410723543230233e+03 1.961878591367524496e+04 2.901380824865156059e-03
2.237077185616915750e-02 5.851739845349975440e+03 1.900192905445657743e+04 3.318930631819519330e-03
2.351774585601286785e-02 5.742110866143802014e+03 1.837350046960948748e+04 3.783806430497886706e-03
2.472352647034336062e-02 5.614977282231404388e+03 1.773499419821995980e+04 4.298822499961877340e-03
2.599112877875953478e-02 5.471241464999522577e+03 1.708838109992757381e+04 4.866666254016721246e-03
2.732372244729698585e-02 5.312280483872168588e+03 1.643612401479662003e+04 5.489981130345204796e-03
2.872463965424410307e-02 5.139816741665483278e+03 1.578096872073491249e+04 6.171371084655689725e-03
3.019738342232343442e-02 4.956061701174685368e+03 1.512617514887220204e+04 6.913769613380971180e-03
3.174563637807315680e-02 4.763652124763587381e+03 1.447543831064917140e+04 7.720801908983184088e-03
3.337326996033158216e-02 4.565544297380100943e+03 1.383276232190187693e+04 8.597241064771993582e-03
3.508435410085083278e-02 4.365060561296691958e+03 1.320257678724105062e+04 9.549947615561904871e-03
3.688316740124613496e-02 4.165627190513308960e+03 1.258939024347453233e+04 1.058852064149597497e-02
3.877420783172848273e-02 3.968764066820923745e+03 1.199480157655158109e+04 1.172072138357748913e-02
4.076220397837305304e-02 3.778588295289205234e+03 1.142434067862763732e+04 1.296500855348108397e-02
4.285212686704739649e-02 3.599662099848638718e+03 1.088424118102706416e+04 1.434990878313844274e-02
4.504920239356542677e-02 3.434812587607654223e+03 1.037814520245593121e+04 1.590869746811151772e-02
4.735892439114896407e-02 3.285516908164885990e+03 9.907657933634372966e+03 1.767988582536741612e-02
4.978706836787243073e-02 3.151678943262484154e+03 9.471986418695298198e+03 1.970433996774000399e-02
5.233970594844135349e-02 3.031829283155378107e+03 9.068247903365239836e+03 2.202261251040464607e-02
5.502322005641668845e-02 2.923449256205080474e+03 8.692000114686021334e+03 2.467196989033395085e-02
5.784432087484844831e-02 2.824143581112477477e+03 8.339043909955416893e+03 2.769103645697889790e-02
6.081006262522850592e-02 2.735535661584910486e+03 8.011152436599233624e+03 3.116298077503687827e-02
6.392786120671870020e-02 2.643499789136152231e+03 7.687132663751365726e+03 3.498807617157912581e-02
6.720551273976151097e-02 2.545484958388134146e+03 7.363103997115440507e+03 3.914312463106308509e-02
7.065121306044198912e-02 2.435973814462446171e+03 7.030932129583769893e+03 4.352128836550465951e-02
7.427357821434696361e-02 2.310911956983514301e+03 6.684504633089458366e+03 4.796856204361994030e-02
7.808166600116696332e-02 2.169285652174651659e+03 6.321742930974420233e+03 5.231596206513374619e-02
8.208499862391337165e-02 2.013996883187581489e+03 5.945779340517353376e+03 5.643134984696798057e-02
8.629358649938589920e-02 1.851402639536311654e+03 5.564559118636301719e+03 6.027076384021388955e-02
9.071795328942874881e-02 1.689982371133256720e+03 5.189462040641820749e+03 6.391932256961968539e-02
9.536916221556676621e-02 1.538958688222978026e+03 4.833877765577988612e+03 6.762715590421358725e-02
1.002588437228218304e-01 1.406974432563824394e+03 4.511554592564463746e+03 7.183308846836264361e-02
1.053992245618834284e-01 1.299962623379041361e+03 4.233011788140555836e+03 7.711047381684202340e-02
1.108031583623540345e-01 1.218540896241084283e+03 4.000414849423568285e+03 8.397824372318685171e-02
1.164841577735182265e-01 1.157474771632038937e+03 3.805762424198198005e+03 9.267922309613585430e-02
1.224564282530043596e-01 1.107171951390565710e+03 3.633242412861045068e+03 1.029983097958630661e-01
1.287349035878279091e-01 1.055361783618297977e+03 3.462489383781475681e+03 1.140671416321834969e-01
1.353352832366376823e-01 9.902280605057870844e+02 3.273831432247019166e+03 1.243479404354478207e-01
1.422740715865399574e-01 9.080616702782277798e+02 3.060182326495726102e+03 1.324838328595663306e-01
1.495686192226629019e-01 8.169113602778207905e+02 2.833205193184785458e+03 1.384734930715809664e-01
1.572371663136570008e-01 7.296002526077246557e+02 2.613569059468348314e+03 1.436881191778288103e-01
1.652988882216175348e-01 6.575125830171834878e+02 2.421834476724382512e+03 1.504472054451002072e-01
1.737739434504778357e-01 6.067834925585668771e+02 2.270963911470714720e+03 1.613087724757727992e-01
1.826835240527691917e-01 5.717367025253502106e+02 2.151752525035412873e+03 1.765893360993223693e-01
1.920499086207905493e-01 5.391701745136631416e+02 2.039661723574728285e+03 1.934810491497158946e-01
2.018965179946938526e-01 4.985158007942786185e+02 1.914412894746246820e+03 2.078431299650715103e-01
2.122479738267836202e-01 4.485983539747408031e+02 1.772661920751376556e+03 2.172994333457046734e-01
2.231301601484726449e-01 3.992694839086737488e+02 1.632416845637606002e+03 2.247042097290259388e-01
2.345702880938428103e-01 3.608675234233523952e+02 1.514861189070464889e+03 2.359592797202560988e-01
2.465969639416541459e-01 3.342958805586240487e+02 1.423198190360896206e+03 2.539594979681094045e-01
2.592402606459418002e-01 3.105659283828226194e+02 1.338991146608966801e+03 2.741141252811297169e-01
2.725317930340656614e-01 2.824172881625693208e+02 1.246371103237619764e+03 2.896096695184312009e-01
2.865047968602461026e-01 2.523182142472567477e+02 1.149944721993111216e+03 3.006177044369457430e-01
3.011942119122611450e-01 2.275801660307827206e+02 1.066033368406058798e+03 3.150246473126711022e-01
3.166367693791155569e-01 2.087823176854566043e+02 9.966699907838933541e+02 3.357747316946728122e-01
3.328710836981453314e-01 1.905879241186822526e+02 9.295080293246269321e+02 3.561179366597748142e-01
3.499377491112247163e-01 1.711529060484162130e+02 8.598021474099335819e+02 3.715582583453994059e-01
3.678794411715154977e-01 1.541134586663921482e+02 7.963933063820643383e+02 3.887114919311925876e-01
3.867410234545784475e-01 1.401833716426200738e+02 7.414066876325434805e+02 4.107972113716276130e-01
4.065696597406806001e-01 1.266866306503895743e+02 6.879780342470697860e+02 4.313263036761690872e-01
4.274149319488126375e-01 1.137883061130659854e+02 6.364421387548817393e+02 4.501082389777493198e-01
4.493289641173122684e-01 1.027878780134432048e+02 5.904484561818969723e+02 4.723951202804947402e-01
4.723665527411103904e-01 9.268778347519915428e+01 5.472971925975069780e+02 4.949144923970625332e-01
4.965853037915104462e-01 8.326125211072030652e+01 5.063308298362501318e+02 5.165290892627218966e-01
5.220457767611225153e-01 7.496852982172836732e+01 4.689789294975307712e+02 5.403498228065510833e-01
5.488116360941387439e-01 6.735814788351348170e+01 4.339201653288685634e+02 5.640665271542132375e-01
5.769498103806052214e-01 6.047526420876772590e+01 4.013327333125766359e+02 5.883857393430598215e-01
6.065306597127584354e-01 5.428944093340412991e+01 3.711712344400935990e+02 6.136827352730384044e-01
6.376281516219051149e-01 4.867160917089511685e+01 3.430484094179320778e+02 6.392171425904855653e-01
6.703200460357783275e-01 4.362475680762583607e+01 3.170187855051632368e+02 6.656560745784420030e-01
7.046880897188601001e-01 3.906568438244325847e+01 2.928310588075624992e+02 6.925585415955809454e-01
7.408182206818726412e-01 3.496571748907165045e+01 2.704217209820866969e+02 7.201909663449931331e-01
7.788007830715680813e-01 3.127471635128764760e+01 2.496421825571947863e+02 7.484155063595808732e-01
8.187307530781540166e-01 2.795610841075829711e+01 2.303883794647206571e+02 7.772671006978997266e-01
8.607079764252394405e-01 2.497437214460085997e+01 2.125545628744029898e+02 8.067376412132879482e-01
9.048374180361511421e-01 2.229780528297963826e+01 1.960447123308777009e+02 8.368430872990021419e-01
9.512294245009160765e-01 1.989692967088347331e+01 1.807665365560364990e+02 8.675852333158611263e-01
1.000000000000213163e+00 1.774461286888045919e+01 1.666323042833416253e+02 8.989525895755884344e-01
1.051271096376248826e+00 1.581654898330746839e+01 1.535616365370392771e+02 9.309495833784048324e-01
1.105170918075884856e+00 1.409009016464314890e+01 1.414766225797402228e+02 9.635458289592903069e-01
1.161834242728533306e+00 1.254591912925878461e+01 1.303106677287439084e+02 9.967936428349517541e-01
1.221402758160433644e+00 1.116515399186648239e+01 1.199946871710929912e+02 1.030651086461112032e+00
1.284025416688019838e+00 9.931670370119277891e+00 1.104693347262122813e+02 1.065156488755877318e+00
1.349858807576296504e+00 8.829772971052527453e+00 1.016731525052523750e+02 1.100233413004243932e+00
1.419067548593566874e+00 7.846579832069208393e+00 9.355621660941308448e+01 1.135951691621206239e+00
1.491824697641596753e+00 6.969699892559720666e+00 8.606774449568449370e+01 1.172297167105487592e+00
1.568312185490513100e+00 6.187983521028306733e+00 7.916056548421263983e+01 1.209252399970957681e+00
1.648721270700491237e+00 5.491438570848694134e+00 7.279110454503755534e+01 1.246803783782119091e+00
1.733253017867778301e+00 4.871303435738300713e+00 6.692043678398522388e+01 1.284994701468399114e+00
1.822118800390913007e+00 4.319311354253638768e+00 6.150980665144345494e+01 1.323777018833896424e+00
1.915540829014322100e+00 3.828232552079809725e+00 5.652456036673551409e+01 1.363147371512633876e+00
2.013752707470925607e+00 3.391670732860265769e+00 5.193328687597347937e+01 1.403144359513601946e+00
2.117000016613148627e+00 3.003686795351219629e+00 4.770536485899398116e+01 1.443735011624392328e+00
2.225540928492967474e+00 2.659075503182155131e+00 4.381332010059739446e+01 1.484935823658985798e+00
2.339646851926517890e+00 2.353070555893928439e+00 4.023085251815552965e+01 1.526708548417413214e+00
2.459603111157505406e+00 2.081536978259613591e+00 3.693471540981393275e+01 1.569095910698704799e+00
2.585709659316432152e+00 1.840650893904558272e+00 3.390231351435457441e+01 1.612059096055421969e+00
2.718281828459663263e+00 1.627074503201558775e+00 3.111345738445933407e+01 1.655621830559252050e+00
2.857651118063815776e+00 1.437773014680982397e+00 2.854898343242415493e+01 1.699762349119674720e+00
3.004166023947120401e+00 1.270074295369334028e+00 2.619153662408958283e+01 1.744500811449980926e+00
3.158192909690492378e+00 1.121549398344052317e+00 2.402462124708379321e+01 1.789800513058188436e+00
3.320116922737311960e+00 9.900691372141338098e-01 2.203337563497592555e+01 1.835675520856665077e+00
3.490342957462647444e+00 8.737340266684280321e-01 2.020406851913660518e+01 1.882148193808980796e+00
3.669296667620093988e+00 7.708099598455188106e-01 1.852353190962533347e+01 1.929150260932818606e+00
3.857425530697870641e+00 6.798141607527132813e-01 1.698033184289869979e+01 1.976756235863431188e+00
4.055199966845619564e+00 5.993747175916558367e-01 1.556328285948677959e+01 2.024908963448140753e+00
4.263114515169814212e+00 5.282958586855879268e-01 1.426236461186391580e+01 2.073616602923368024e+00
4.481689070339116121e+00 4.655143792437244632e-01 1.306833963228227447e+01 2.122895067307233763e+00
4.711470182591849465e+00 4.100769212049600876e-01 1.197257200419859835e+01 2.172725833115694449e+00
4.953032424396282885e+00 3.611400343644214361e-01 1.096714390053193355e+01 2.223102090775728179e+00
5.206979827181080545e+00 3.179557485289650209e-01 1.004476997663067017e+01 2.274021809946111361e+00
5.473947391728498424e+00 2.798623758622779678e-01 9.198771787001398081e+00 2.325501550263700867e+00
5.754602676007100293e+00 2.462676220702344487e-01 8.422910297351956288e+00 2.377516862527858876e+00
6.049647464414390718e+00 2.166489722061337164e-01 7.711480496422677078e+00 2.430060545548337281e+00
6.359819522603354258e+00 1.905454425672198637e-01 7.059267868911630828e+00 2.483151398124981757e+00
6.685894442280875261e+00 1.675444405573728868e-01 6.461395436880436272e+00 2.536756766581817146e+00
7.028687580590986528e+00 1.472855592908503541e-01 5.913469004775124382e+00 2.590914886528503658e+00
7.389056098932435646e+00 1.294438836491566547e-01 5.411328995852808355e+00 2.645566513277227028e+00
7.767901106308653603e+00 1.137375929691450266e-01 4.951264405872926488e+00 2.700756037880018834e+00
8.166169912569634093e+00 9.991418070840334120e-02 4.529795532929102642e+00 2.756465914230390002e+00
8.584858397179985445e+00 8.775073306068584267e-02 4.143728962806982885e+00 2.812680617541494232e+00
9.025013499436326470e+00 7.705063628426211952e-02 3.790137885577674393e+00 2.869393227877705677e+00
9.487735836360851494e+00 6.764096002661156015e-02 3.466352361804621918e+00 2.926629693996394721e+00
9.974182454817173138e+00 5.936811671775836519e-02 3.169898768923891552e+00 2.984389178033365120e+00
1.048556972473016025e+01 5.209513455431708656e-02 2.898466397929394311e+00 3.042590608841266864e+00
1.102317638064432792e+01 4.570381797983898847e-02 2.650006013826936346e+00 3.101294508104480929e+00
1.158834671922626214e+01 4.008888978932255431e-02 2.422610327581976808e+00 3.160521362343085006e+00
1.218249396070650370e+01 3.515669870322629675e-02 2.214504280644153056e+00 3.220230508971416494e+00
1.280710378266622662e+01 3.082506900252851567e-02 2.024069590995435153e+00 3.280402263977040267e+00
1.346373803500505772e+01 2.702215187385869494e-02 1.849840602654179378e+00 3.341082105366822042e+00
1.415403864537935341e+01 2.368366976340597826e-02 1.690440042996893988e+00 3.402204282324763351e+00
1.487973172487657614e+01 2.075383726126537806e-02 1.544633350921941872e+00 3.463809263184852050e+00
1.564263188419211659e+01 1.818279084287672751e-02 1.411261216387785566e+00 3.525821142760642957e+00
1.644464677110120832e+01 1.592768887303490366e-02 1.289301381013657988e+00 3.588365484396629945e+00
1.728778184057202338e+01 1.394969010590946072e-02 1.177772139608970647e+00 3.651343062166727993e+00
1.817414536944768244e+01 1.221506591569065416e-02 1.075790823020353448e+00 3.714736956017746117e+00
1.910595372823652127e+01 1.069439097537052720e-02 9.825595641448069406e-01 3.778613581130361609e+00
2.008553692319280515e+01 9.361394197858488586e-03 8.973297286773517234e-01 3.842918103994631629e+00
2.111534442254602695e+01 8.193076626807906451e-03 8.194193755454223238e-01 3.907615152904543532e+00
2.219795128144734164e+01 7.169440257272011001e-03 7.482147689686298175e-01 3.972777026262518607e+00
2.333606458094873304e+01 6.272628660752935584e-03 6.831394588112019717e-01 4.038338236217430932e+00
2.453253019711569394e+01 5.487100727151493496e-03 6.236730524160427613e-01 4.104310586948791695e+00
2.579033991719975205e+01 4.799162823978226841e-03 5.693367087885604638e-01 4.170680699549765613e+00
2.711263892066493852e+01 4.196807790859774685e-03 5.196930569444206949e-01 4.237451195142090121e+00
2.850273364377471097e+01 3.669476449400460062e-03 4.743406651776403415e-01 4.304610957213417244e+00
2.996410004740484823e+01 3.207856814639732657e-03 4.329091092073679703e-01 4.372088549693963877e+00
3.150039230875619012e+01 2.803905372829576439e-03 3.950679911690255230e-01 4.439984964902086162e+00
3.311545195870102276e+01 2.450427885100218625e-03 3.605056383907827566e-01 4.508211109487508139e+00
3.481331748761120082e+01 2.141182273859183749e-03 3.289416368326969486e-01 4.576780986590655687e+00
3.659823444368765877e+01 1.870668161934994087e-03 3.001175122265029582e-01 4.645659959193864985e+00
3.847466604904231957e+01 1.634082879163422861e-03 2.737984159279208685e-01 4.714861237084719825e+00
4.044730436007814234e+01 1.427185504566771696e-03 2.497669872048890460e-01 4.784311344957496104e+00
4.252108200007410943e+01 1.246314941223947625e-03 2.278293409442377071e-01 4.854125291603227588e+00
4.470118449331276622e+01 1.088172810573026332e-03 2.078000363238223236e-01 4.924081391960545062e+00
4.699306323159186860e+01 9.499656969380198710e-04 1.895184852332184866e-01 4.994355452491801906e+00
4.940244910554343960e+01 8.291780592865973009e-04 1.728313199226126917e-01 5.064813977061106698e+00
5.193536683484541783e+01 7.236284395663459190e-04 1.576003908223184702e-01 5.135414421642845006e+00
5.459815003315897997e+01 6.314197239700643791e-04 1.437008971807891000e-01 5.206216039486507796e+00
5.739745704546173499e+01 5.508687171325949913e-04 1.310163190528330079e-01 5.277112154332474603e+00
6.034028759737834946e+01 4.805160383917488781e-04 1.194417652658743279e-01 5.348109297862439604e+00
6.343400029814058882e+01 4.190774471520360058e-04 1.088805598139671316e-01 5.419145957892479437e+00
6.668633104094334385e+01 3.654307954130168947e-04 9.924455821094324559e-02 5.490171034190214350e+00
7.010541234670704114e+01 3.185964378135442451e-04 9.045352996451011540e-02 5.561165488020308523e+00
7.369979369961600923e+01 2.777138250678249493e-04 8.243369045270808326e-02 5.632050959576732296e+00
7.747846292528217305e+01 2.420331023854730703e-04 7.511805038344829266e-02 5.702798351886496420e+00
8.145086866499057976e+01 2.108958491551867376e-04 6.844502253556906946e-02 5.773317635803421943e+00
8.562694400222423496e+01 1.837286388807573255e-04 6.235872321858793033e-02 5.843572680344394144e+00
9.001713130054676526e+01 1.600273004563539472e-04 5.680764113518628478e-02 5.913435221507683970e+00
9.463240831495036787e+01 1.393537504998656692e-04 5.174518908828664582e-02 5.982856668059472582e+00
9.948431564196151555e+01 1.213245596128481189e-04 4.712875207263558103e-02 6.051775833972390828e+00
1.045849855771433994e+02 1.056008959232191362e-04 4.291867548168255830e-02 6.119921961997770943e+00
1.099471724521542768e+02 9.189466587952583297e-05 3.908036324151702157e-02 6.187465021541955323e+00
1.155842845272200918e+02 7.994473641102686334e-05 3.558027566620911714e-02 6.253980186391144613e+00
1.215104175187690743e+02 6.953113217101949939e-05 3.238955285423032043e-02 6.319607406205212996e+00
1.277403898460648861e+02 6.045646361697580882e-05 2.948068719562188522e-02 6.384071028696494565e+00
1.342897796849734675e+02 5.254981621891727120e-05 2.682889368861605603e-02 6.447188148801260787e+00
1.411749639215168770e+02 4.566168681241939168e-05 2.441147774538380069e-02 6.508715162617387584e+00
1.484131591026187778e+02 3.966282792668195199e-05 2.220807234309350037e-02 6.568575003851965910e+00
1.560224644864394463e+02 3.443917714289112186e-05 2.019976605364420807e-02 6.626503414175804352e+00
1.640219072999485945e+02 2.989206271002327149e-05 1.836956320683866967e-02 6.682388434584007442e+00
1.724314903169036768e+02 2.593418081160324477e-05 1.670160028011187861e-02 6.735852038182704504e+00
1.812722418752032070e+02 2.249028496799749209e-05 1.518169381601117314e-02 6.786707546482849018e+00
1.905662684586848457e+02 1.949454251604226603e-05 1.379685830455749593e-02 6.834730535629942594e+00
2.003368099748494728e+02 1.688889934556029858e-05 1.253502731578635086e-02 6.879452377149382514e+00
2.106082978667353416e+02 1.462366476749620635e-05 1.138554052056143205e-02 6.920746093371032082e+00
2.214064162042512862e+02 1.265495408646471749e-05 1.033848161331495617e-02 6.958272612433722415e+00
2.327581659077297047e+02 1.094450264135332935e-05 9.384808581354261298e-03 6.991672360713351075e+00
2.446919322642916654e+02 9.458904984768271221e-06 8.516257140441050449e-03 7.020532809896368853e+00
2.572375559058498879e+02 8.169360400990566498e-06 7.725441236909342396e-03 7.044682728116683279e+00
2.704264074262317763e+02 7.050375636318996424e-06 7.005454626844742280e-03 7.063660396674038111e+00
2.842914658240042627e+02 6.079954626537761488e-06 6.350110701416369387e-03 7.077209722174857554e+00
2.988674009671481713e+02 5.238815957854996646e-06 5.753718749003091867e-03 7.084986731177969510e+00
3.141906602857868620e+02 4.510208623822816354e-06 5.211122766164756094e-03 7.086743316685619298e+00
3.302995599097462787e+02 3.879483587556203069e-06 4.717597443678382685e-03 7.082199608094940757e+00
3.472343804788374655e+02 3.333896579469934243e-06 4.268850176149165815e-03 7.071157975316554101e+00
3.650374678654371792e+02 2.862363945527139817e-06 3.860985834254652711e-03 7.053545001821822424e+00
3.837533390612260860e+02 2.455159757483732299e-06 3.490411180972528751e-03 7.029209994826725705e+00
4.034287934928555046e+02 2.103855279024735448e-06 3.153882973912556283e-03 6.998207176117947625e+00
4.241130300448911044e+02 1.801092903552932294e-06 2.848437089146856234e-03 6.960672818982725829e+00
4.458577700826506316e+02 1.540438040465896529e-06 2.571352534178587054e-03 6.916772835616459503e+00
4.687173867825576963e+02 1.316304652765141737e-06 2.320163789313342637e-03 6.866886457238626562e+00
4.927490410934046849e+02 1.123805752652840319e-06 2.092603718099413004e-03 6.811439024856632329e+00
5.180128246684984106e+02 9.586813131086352617e-07 1.886598258121762210e-03 6.750968113224633527e+00
5.445719101260938260e+02 8.172264320710720403e-07 1.700256451485613902e-03 6.686184736040045706e+00
5.724927090138447738e+02 6.961952804209245839e-07 1.531826919486569804e-03 6.617763063920408584e+00
6.018450378722650385e+02 5.927721707496106226e-07 1.379713754910668558e-03 6.546544402185240585e+00
6.327022928124463306e+02 5.045036456218689169e-07 1.242447870701059902e-03 6.473405204408329006e+00
6.651416330445650829e+02 4.292461444723517320e-07 1.118665267078572390e-03 6.399102387161269334e+00
6.992441738160994191e+02 3.651457276082478166e-07 1.007119477593226798e-03 6.324454200119322245e+00
7.350951892421985576e+02 3.105921051871669545e-07 9.066590910771858127e-04 6.250163999006899118e+00
7.727843255353874383e+02 2.641881546919570559e-07 8.162184660726765030e-04 6.176728530149128815e+00
8.124058251677936369e+02 2.247323158420889828e-07 7.348241818414067567e-04 6.104567108610409853e+00
8.540587625264155349e+02 1.911897562276120417e-07 6.615823598002514103e-04 6.033900397738098498e+00
8.978472916506958654e+02 1.626751610442173111e-07 5.956801944813502024e-04 5.964841873534835415e+00
9.438809066718714575e+02 1.384294856775383597e-07 5.363740663160821267e-04 5.897262605583030393e+00
9.922747156053346771e+02 1.178113793482563856e-07 4.830009891835907549e-04 5.831137403241686279e+00
1.043149728180628472e+03 1.002743239730793466e-07 4.349608834251258277e-04 5.766336060826878551e+00
1.096633158428801380e+03 8.535484845840313047e-08 3.917151416374658069e-04 5.702726907121695277e+00
1.152858742783748994e+03 7.266434514705598616e-08 3.527913063554141584e-04 5.640530023480034849e+00
1.211967074492957408e+03 6.186696896222687087e-08 3.177514514283298988e-04 5.579580691686926386e+00
1.274105955173854682e+03 5.268542234139612693e-08 2.862228403854304463e-04 5.520486619803842032e+00
1.339430764394840480e+03 4.487671736585180521e-08 2.578520129059991696e-04 5.463263527542521203e+00
1.408104848205140797e+03 3.823505845669097218e-08 2.323227797215642000e-04 5.408003933938605456e+00
1.480299927585014302e+03 3.258636077783429321e-08 2.093532839646012765e-04 5.354948199594877778e+00
1.556196527837648091e+03 2.777902070023214504e-08 1.886779911127274480e-04 5.303719121629519861e+00
1.635984429996447261e+03 2.368718995610793385e-08 1.700671681616152038e-04 5.254377846406864450e+00
1.719863145376471039e+03 2.020270446385120048e-08 1.533096157301390948e-04 5.206686633474419956e+00
1.808042414456641382e+03 1.723589700240404482e-08 1.382237005133684846e-04 5.160954044802421592e+00
1.900742731340188357e+03 1.470873860551180116e-08 1.246390747846472897e-04 5.117003382821240898e+00
1.998195895104759757e+03 1.255600660335074209e-08 1.124069593399256627e-04 5.074999242604509853e+00
2.100645589420852957e+03 1.071897856896012000e-08 1.013783140714008757e-04 5.033638483381684736e+00
2.208347991887921125e+03 9.150720065021712038e-09 9.143172828721077034e-05 4.992614810397064673e+00
2.321572414611807289e+03 7.811908305411746066e-09 8.246103729539720751e-05 4.951925476429924089e+00
2.440601977625289692e+03 6.668973691527397351e-09 7.437049259829073831e-05 4.911567756649302119e+00
2.565734316835632853e+03 5.693258082340021132e-09 6.707373992275917122e-05 4.871538948431191507e+00
2.697282328269386653e+03 4.860296215189600602e-09 6.049289751953724993e-05 4.831836371177712586e+00
2.835574950475434889e+03 4.149202259539417811e-09 5.455772489387531268e-05 4.792457366137691466e+00
2.980957987042702825e+03 3.542146122033321924e-09 4.920487309496877833e-05 4.753399296228518978e+00
3.133794971289250043e+03 3.023906371637994955e-09 4.437720856215199712e-05 4.714659545859624323e+00
3.294468075284922634e+03 2.581488574837185943e-09 4.002320331093592342e-05 4.676235520757032305e+00
3.463379065480592999e+03 2.203799470948816794e-09 3.609638495005841683e-05 4.638124647789723554e+00
3.640950307333554974e+03 1.881368817780205202e-09 3.255484065931383566e-05 4.600324374798193006e+00
3.827625821441170956e+03 1.606111933129556850e-09 2.936076983386581369e-05 4.562832170421804889e+00
4.023872393823642142e+03 1.371126978061147362e-09 2.648008062022759644e-05 4.525645523931506986e+00
4.230180743132199495e+03 1.170521898995959479e-09 2.388202603750971955e-05 4.488761945058692859e+00
4.447066747701334862e+03 9.992666893380077106e-10 2.153887580012233107e-05 4.452178963832002623e+00
4.675072735513344924e+03 8.530672662143268322e-10 1.942562033909654584e-05 4.415894130408801743e+00
4.914768840300775992e+03 7.282577998957252475e-10 1.751970386293690482e-05 4.379905014913198613e+00
5.166754427177720572e+03 6.217087961452428544e-10 1.580078360881313662e-05 4.344209207272831108e+00
5.431659591364801599e+03 5.307486267358438182e-10 1.425051271446955138e-05 4.308804317055698441e+00
5.710146733755425885e+03 4.530965405806741830e-10 1.285234439334950968e-05 4.273687973313089472e+00
6.002912217263044113e+03 3.868054757838777965e-10 1.159135532278429917e-05 4.238857824419256737e+00
6.310688108091153481e+03 3.302132386723329297e-10 1.045408636019410360e-05 4.204311537912531982e+00
6.634244006280128815e+03 2.819008256631003247e-10 9.428398887193385351e-06 4.170046800342537274e+00
6.974388970108182548e+03 2.406568429207769246e-10 8.503345248276088900e-06 4.136061317111375146e+00
7.331973539158482708e+03 2.054471316583186216e-10 7.669051901229395038e-06 4.102352812323337261e+00
7.707891861111141225e+03 1.753888374598604588e-10 6.916614032068987506e-06 4.068919028631008850e+00
8.103083927578147268e+03 1.497282734357036498e-10 6.238000509677334423e-06 4.035757727082753377e+00
8.518537924572025076e+03 1.278220221464639033e-10 5.625968165682742899e-06 4.002866686975592003e+00
8.955292703485578386e+03 1.091208024423468570e-10 5.073984484639429490e-06 3.970243705704587178e+00
9.414440378761499232e+03 9.315569669222679506e-11 4.576157879350314727e-06 3.937886598616282097e+00
9.897129058747319505e+03 7.952639306147068734e-11 4.127174807123383734e-06 3.905793198860566307e+00
1.040456571656430970e+04 6.789114802353513789e-11 3.722243055777661930e-06 3.873961357248294490e+00
1.093801920816896018e+04 5.795821742337574718e-11 3.357040594057595574e-06 3.842388942105587013e+00
1.149882344515380282e+04 4.947854123384694265e-11 3.027669440516078896e-06 3.811073839131935870e+00
1.208838073022117533e+04 4.223949858130218558e-11 2.730614058483939696e-06 3.780013951257270133e+00
1.270816526367042752e+04 3.605957645289523119e-11 2.462703833057402130e-06 3.749207198502503058e+00
1.335972682966652428e+04 3.078381840776949734e-11 2.221079229601039481e-06 3.718651517840560139e+00
1.404469467150771925e+04 2.627993917235167134e-11 2.003161272560135537e-06 3.688344863059556111e+00
1.476478156558243427e+04 2.243500769638247668e-11 1.806624018813167595e-06 3.658285204620254305e+00
1.552178810420236550e+04 1.915261550020171964e-11 1.629369731764649055e-06 3.628470529526879762e+00
1.631760719802116000e+04 1.635045931175294786e-11 1.469506491192817320e-06 3.598898841188544306e+00
1.715422880929701932e+04 1.395827738005463362e-11 1.325327999875959616e-06 3.569568159287220599e+00
1.803374492783486858e+04 1.191608771983592463e-11 1.195295371461097479e-06 3.540476519641032382e+00
1.895835480205053682e+04 1.017268411285389131e-11 1.078020705191745526e-06 3.511621974081658770e+00
1.993037043823734348e+04 8.684352154239411587e-12 9.722522721737714267e-07 3.483002590311725655e+00
2.095222238178608313e+04 7.413773149957630040e-12 8.768611550732153434e-07 3.454616451788259823e+00
2.202646579481454319e+04 6.329088381358253344e-12 7.908291986370616825e-07 3.426461657582423825e+00
2.315578684540369068e+04 5.403100274154203812e-12 7.132381424340644520e-07 3.398536322261678233e+00
2.434300942441707230e+04 4.612590441703864036e-12 6.432598198187455237e-07 3.370838575755720878e+00
2.559110220669883711e+04 3.937737503166743756e-12 5.801473185116306399e-07 3.343366563240496081e+00
2.690318607430719567e+04 3.361620078741379927e-12 5.232270084443241092e-07 3.316118445003236381e+00
2.828254192034512744e+04 2.869792500061089653e-12 4.718913517827600371e-07 3.289092396327727652e+00
2.973261885290210193e+04 2.449922596990912834e-12 4.255924183834554394e-07 3.262286607368246827e+00
3.125704281962085952e+04 2.091482478652708522e-12 3.838360374717414461e-07 3.235699283029151996e+00
3.285962567445517197e+04 1.785484555260625532e-12 3.461765231195091825e-07 3.209328642844636370e+00
3.454437470929026313e+04 1.524256181734099200e-12 3.122119172250687046e-07 3.183172920860243060e+00
3.631550267425979837e+04 1.301247272460975750e-12 2.815796992209396810e-07 3.157230365511727310e+00
3.817743831181556016e+04 1.110866063315404638e-12 2.539529167177753595e-07 3.131499239512085975e+00
4.013483743089039490e+04 9.483389027913425322e-13 2.290366957841732229e-07 3.105977819732324896e+00
4.219259454884566367e+04 8.095905566359343874e-13 2.065650936154817643e-07 3.080664397086766204e+00
4.435585513031406299e+04 6.911420247180259019e-13 1.862982599983930017e-07 3.055557276418616297e+00
4.663002845354139572e+04 5.900233079746008289e-13 1.680198772743062951e-07 3.030654776386459304e+00
4.902080113639969204e+04 5.036989381383958804e-13 1.515348514769620842e-07 3.005955229351682689e+00
5.153415135589398415e+04 4.300044029661794571e-13 1.366672300007473239e-07 2.981456981266726647e+00
5.417636379671867326e+04 3.670918728828816849e-13 1.232583235739595419e-07 2.957158391565012590e+00
5.695404536624281900e+04 3.133838681816010905e-13 1.111650124918741041e-07 2.933057833049114826e+00
5.987414171521994285e+04 2.675337050236846893e-13 1.002582190313668448e-07 2.909153691783148865e+00
6.294395460553275188e+04 2.283917284543312144e-13 9.042152974233943613e-08 2.885444366985939535e+00
6.617116016840114025e+04 1.949764857543420067e-13 8.154995291096094271e-08 2.861928270921827888e+00
6.956382809870861820e+04 1.664501173242569312e-13 7.354879793264472171e-08 2.838603828795131623e+00
7.313044183344273188e+04 1.420973480472211817e-13 6.633266463370251263e-08 2.815469478644561541e+00
7.687991976470644295e+04 1.213075523564714772e-13 5.982453175423404322e-08 2.792523671238653193e+00
8.082163754034375597e+04 1.035594433038111182e-13 5.395493486319169010e-08 2.769764869972032084e+00
8.496545150794286747e+04 8.840800172014632319e-14 4.866122493111791459e-08 2.747191550763143919e+00
8.932172336083906703e+04 7.547331772744504982e-14 4.388689964690729059e-08 2.724802201949100500e+00
9.390134604774527543e+04 6.443106481269656532e-14 3.958100034154071982e-08 2.702595324191804149e+00
9.871577101079767453e+04 5.500436760824325102e-14 3.569756808161171814e-08 2.680569430365260963e+00
1.037770368201258680e+05 4.695685947111578543e-14 3.219515312765311004e-08 2.658723045471412139e+00
1.090977992765488161e+05 4.008675578447472491e-14 2.903637252105127082e-08 2.637054706529586845e+00
1.146913630576689611e+05 3.422179437515089122e-14 2.618751107777473291e-08 2.615562962479851539e+00
1.205717149864963576e+05 2.921491618208423138e-14 2.361816153003899147e-08 2.594246374091887297e+00
1.267535590057915979e+05 2.494057787180085020e-14 2.130089997489039435e-08 2.573103513863796099e+00
1.332523529455816897e+05 2.129160394308506617e-14 1.921099316571303299e-08 2.552132965927690122e+00
1.400843471757866791e+05 1.817649938984603204e-14 1.732613452239695795e-08 2.531333325954816527e+00
1.472666252406089625e+05 1.551715553944314694e-14 1.562620604248461160e-08 2.510703201061568191e+00
1.548171465762921434e+05 1.324689154226141326e-14 1.409306357205878152e-08 2.490241209716259618e+00
1.627547914190663723e+05 1.130878240450596825e-14 1.271034314446489647e-08 2.469945981646547217e+00
1.710994080155731353e+05 9.654231641024648662e-15 1.146328631983046578e-08 2.449816157748755607e+00
1.798718622538203781e+05 8.241752758580152686e-15 1.033858266113039933e-08 2.429850389992449955e+00
1.890940898387710622e+05 7.035929016337837202e-15 9.324227665507932745e-09 2.410047341335742832e+00
1.987891511430313694e+05 6.006525380348292587e-15 8.409394634441824851e-09 2.390405685635737409e+00
2.089812888697938761e+05 5.127730405040838665e-15 7.584319115179255016e-09 2.370924107555211879e+00
2.196959886722229712e+05 4.377509032558798721e-15 6.840194680039339774e-09 2.351601302474680910e+00
2.309600428808625729e+05 3.737050081902929164e-15 6.169078931185328674e-09 2.332435976410466516e+00
2.428016174984180834e+05 3.190294574099580735e-15 5.563808727585393586e-09 2.313426845922554431e+00
2.552503226294341730e+05 2.723533066582771450e-15 5.017923729372934072e-09 2.294572638035060397e+00
2.683372865209793090e+05 2.325061900235313669e-15 4.525597443520634063e-09 2.275872090140429460e+00
2.820952333994774381e+05 1.984889739821910551e-15 4.081575034891953867e-09 2.257323949925451601e+00
2.965585652983192704e+05 1.694487049506761157e-15 3.681117238853084624e-09 2.238926975282123699e+00
3.117634480808650260e+05 1.446572221792548110e-15 3.319949776825099397e-09 2.220679934226432284e+00
3.277479018739408348e+05 1.234928997226619381e-15 2.994217734850693039e-09 2.202581604811936433e+00
3.445518961379595567e+05 1.054250596835980094e-15 2.700444418249018781e-09 2.184630775053985730e+00
3.622174496113909991e+05 9.000066590262143361e-16 2.435494243178096673e-09 2.166826242843509664e+00
3.807887353794944938e+05 7.683296445107733827e-16 2.196539269044628521e-09 2.149166815872367575e+00
4.003121913300411543e+05 6.559178609550582267e-16 1.981029014528940896e-09 2.131651311543774963e+00
4.208366362722213962e+05 5.599526757734343051e-16 1.786663235077256134e-09 2.114278556902930539e+00
4.424133920090965694e+05 4.780278412439354282e-16 1.611367371282570484e-09 2.097047388552572222e+00
4.650964116688389913e+05 4.080891598364357993e-16 1.453270406117137126e-09 2.079956652580789545e+00
4.889424146156553179e+05 3.483829769047919330e-16 1.310684894664549782e-09 2.063005204474261500e+00
5.140110282777408138e+05 2.974122092478268771e-16 1.182088953212576224e-09 2.046191909051118252e+00
5.403649372469085502e+05 2.538988069840346403e-16 1.066110015454806149e-09 2.029515640380211483e+00
5.680700400227193022e+05 2.167517075070702497e-16 9.615101824309600506e-10 2.012975281706594455e+00
5.971956137930564582e+05 1.850394779925286496e-16 8.671730098363562567e-10 1.996569725377632443e+00
6.278144876631795196e+05 1.579669604891093523e-16 7.820915916741201765e-10 1.980297872764400724e+00
6.600032247664229944e+05 1.348553339908726755e-16 7.053578130653826614e-10 1.964158634197105791e+00
6.938423137119094608e+05 1.151250935605841724e-16 6.361526575006174073e-10 1.948150928883022326e+00
7.294163698479967425e+05 9.828151972272995025e-17 5.737374650838061184e-10 1.932273684839561412e+00
7.668143468447235646e+05 8.390227378118813597e-17 5.174460484595199238e-10 1.916525838818094796e+00
8.061297591243179049e+05 7.162680802569361648e-17 4.666775822758260098e-10 1.900906336237964567e+00
8.474609156959623797e+05 6.114732529572831774e-17 4.208901902858922829e-10 1.885414131112379099e+00
8.909111659795242595e+05 5.220106122110567936e-17 3.795951616424386161e-10 1.870048185979225952e+00
9.365891582329371013e+05 4.456369562251326123e-17 3.423517346519133370e-10 1.854807471831649623e+00
9.846091112294379855e+05 3.804372786837243412e-17 3.087623923130389158e-10 1.839690968049062736e+00
1.035091099863994634e+06 3.247767515474185124e-17 2.784686194267488692e-10 1.824697662328851111e+00
1.088161355403086869e+06 2.772597330909417418e-17 2.511470759911093581e-10 1.809826550618557794e+00
1.143952581128624268e+06 2.366947733401309575e-17 2.265061460380309597e-10 1.795076637048682811e+00
1.202604284165272489e+06 2.020647394483346997e-17 2.042828250758452892e-10 1.780446933865967196e+00
1.264263124320930336e+06 1.725013119307482424e-17 1.842399129159240668e-10 1.765936461367234811e+00
1.329083280812643003e+06 1.472632122708921211e-17 1.661634819210684144e-10 1.751544247834554646e+00
1.397226837794951163e+06 1.257176159740636512e-17 1.498605936528347336e-10 1.737269329467078016e+00
1.468864189654704416e+06 1.073242850164699746e-17 1.351572395470637991e-10 1.723110750321217965e+00
1.544174467085782439e+06 9.162202182288362746e-18 1.218964836366564181e-10 1.709067562243426597e+00
1.623345985009134281e+06 7.821710511861011379e-18 1.099367874985905172e-10 1.695138824807481903e+00
1.706576713458170416e+06 6.677341769386369922e-18 9.915049954628670927e-11 1.681323605251605402e+00
1.794074772606963990e+06 5.700401854246506873e-18 8.942249254285550457e-11 1.667620978415926158e+00
1.886058953179090517e+06 4.866394805323549089e-18 8.064893479276817285e-11 1.654030026681266419e+00
1.982759263538399944e+06 4.154408585004715751e-18 7.273618189616073999e-11 1.640549839903953977e+00
2.084417504829733167e+06 3.546590727142863466e-18 6.559977723733298648e-11 1.627179515363171181e+00
2.191287875607731752e+06 3.027700701188961568e-18 5.916355053842740899e-11 1.613918157689209210e+00
2.303637607465630397e+06 2.584727768510629747e-18 5.335880485768788483e-11 1.600764878815444492e+00
2.421747633253435604e+06 2.206564748847316042e-18 4.812358335374507953e-11 1.587718797907052171e+00
2.545913289556382690e+06 1.883729516964044780e-18 4.340200799066873951e-11 1.574779041313761896e+00
2.676445055190230254e+06 1.608127246178478827e-18 3.914368312464039541e-11 1.561944742499681960e+00
2.813669327560023405e+06 1.372847437285918420e-18 3.530315760718667827e-11 1.549215041996823139e+00
2.957929238823618274e+06 1.171990643489464951e-18 3.183943966307664111e-11 1.536589087336806880e+00
3.109585513900805730e+06 1.000520546654728455e-18 2.871555936549790016e-11 1.524066033001636011e+00
