# [1] k:    [h/Mpc] 
# [2] P:    [Mpc^3/h^3] 
# [3] T:    [Mpc^3/h^3] 
# [4] Delta_k 
3.059023205018257859e-07 1.253179489454409712e+00 3.700445245695901394e+04 1.817321863949626432e-21
3.215862678579245412e-07 1.314003191392541181e+00 3.698677660744016612e+04 2.213905940541688325e-21
3.380743483904743061e-07 1.377779002549555765e+00 3.696910920117946807e+04 2.697034361833550925e-21
3.554077908890640533e-07 1.444650205038477742e+00 3.695145023407656117e+04 3.285593220428841276e-21
3.736299379885273404e-07 1.514767035241602944e+00 3.693379970203314588e+04 4.002590016224271265e-21
3.927863545481053003e-07 1.588287021356756368e+00 3.691615760115442390e+04 4.876053048327583234e-21
4.129249415873286729e-07 1.665375337276175705e+00 3.689852392734591558e+04 5.940127076150814120e-21
4.340960560635169786e-07 1.746205173696219859e+00 3.688089867658228468e+04 7.236408080695933909e-21
4.563526367904018199e-07 1.830958127211522957e+00 3.686328184484010853e+04 8.815569303324492293e-21
4.797503368127355169e-07 1.919824608299512514e+00 3.684567342809787806e+04 1.073934212596855207e-20
5.043476625678916271e-07 2.013004269106692501e+00 3.682807342233602685e+04 1.308292922785007337e-20
5.302061201824328858e-07 2.110706451990036925e+00 3.681048182346993417e+04 1.593794435195680219e-20
5.573903692694645323e-07 2.213150659866998993e+00 3.679289862761781114e+04 1.941599360074951960e-20
5.859683846113473662e-07 2.320567049317407093e+00 3.677532383069884963e+04 2.365303825760076234e-20
6.160116261320592563e-07 2.433196947686210976e+00 3.675775742863427877e+04 2.881470968304649722e-20
6.475952175842278093e-07 2.551293395289978339e+00 3.674019941754786851e+04 3.510278405162035999e-20
6.807981343976415384e-07 2.675121713858770178e+00 3.672264979336466058e+04 4.276307003362570885e-20
7.157034011589609116e-07 2.804960102645994269e+00 3.670510855201172672e+04 5.209501776283463971e-20
7.523982992164306405e-07 2.941100263477514520e+00 3.668757568961838115e+04 6.346342471637111028e-20
7.909745849287134463e-07 3.083848056044597552e+00 3.667005120211550820e+04 7.731269610208018351e-20
8.315287191035797356e-07 3.233524185103928250e+00 3.665253508550268452e+04 9.418421721308000057e-20
8.741621082001717898e-07 3.390464920967811047e+00 3.663502733571475983e+04 1.147375168535837750e-19
9.189813578979717484e-07 3.555022855048600050e+00 3.661752794895505940e+04 1.397760491446092424e-19
9.660985396665287929e-07 3.727567691885849133e+00 3.660003692102897185e+04 1.702786015435273095e-19
1.015631471002508262e-06 3.908487079853300905e+00 3.658255424794381543e+04 2.074375568701092434e-19
1.067704010034801725e-06 4.098187482064812315e+00 3.656507992584182648e+04 2.527055050390272512e-19
1.122446365234364056e-06 4.297095089484882280e+00 3.654761395066748082e+04 3.078520266077803348e-19
1.179995421003214005e-06 4.505656778470396695e+00 3.653015631836724788e+04 3.750328678891880224e-19
1.240495079956737545e-06 4.724341114798015440e+00 3.651270702508891554e+04 4.568742117682950571e-19
1.304096622755184042e-06 4.953639406272783319e+00 3.649526606678274402e+04 5.565753384596043317e-19
1.370959086384113674e-06 5.194066806589516361e+00 3.647783343946737295e+04 6.780336893659577331e-19
1.441249661829700436e-06 5.446163472669076633e+00 3.646040913909704977e+04 8.259972229202704542e-19
1.515144112143284134e-06 5.710495778281728718e+00 3.644299316182688926e+04 1.006250018214413828e-18
1.592827211940548929e-06 5.987657586376476715e+00 3.642558550361488597e+04 1.225838381849188709e-18
1.674493209434307728e-06 6.278271583338643325e+00 3.640818616042107897e+04 1.493346296853399044e-18
1.760346312156213177e-06 6.582990678021451991e+00 3.639079512840608368e+04 1.819230981305848328e-18
1.850601197581954108e-06 6.902499468497054202e+00 3.637341240359986114e+04 2.216231674012065523e-18
1.945483549936765273e-06 7.237515780073239036e+00 3.635603798183587060e+04 2.699867627217371284e-18
2.045230624523543909e-06 7.588792278227476373e+00 3.633867185934642475e+04 3.289044773612030251e-18
2.150091840984688092e-06 7.957118159333727903e+00 3.632131403210110147e+04 4.006794782740527092e-18
2.260329406981118614e-06 8.343320923808045464e+00 3.630396449607148679e+04 4.881175397715118186e-18
2.376218973848010330e-06 8.748268235309812013e+00 3.628662324742920464e+04 5.946367247451008223e-18
2.498050325866710336e-06 9.172869869869696657e+00 3.626929028208362433e+04 7.244010009962129038e-18
2.626128104876382668e-06 9.618079760089756292e+00 3.625196559621002962e+04 8.824830159475410528e-18
2.760772572037287162e-06 1.008489813811118196e+01 3.623464918585350824e+04 1.075062392746166311e-17
2.902320408650496801e-06 1.057437378273407980e+01 3.621734104686341743e+04 1.309667299429833976e-17
3.051125558036519890e-06 1.108760637597469234e+01 3.620004117545353074e+04 1.595468734440154315e-17
3.207560110577962700e-06 1.162574897340314628e+01 3.618274956770756398e+04 1.943639032366101774e-17
3.372015234139298021e-06 1.219001059461863434e+01 3.616546621954659349e+04 2.367788604424715278e-17
3.544902152190277809e-06 1.278165893974979817e+01 3.614819112712397327e+04 2.884497986454163785e-17
3.726653172078803499e-06 1.340202323728167677e+01 3.613092428643043968e+04 3.513965992696598994e-17
3.917722766024474580e-06 1.405249723054755329e+01 3.611366569355729735e+04 4.280799312675936653e-17
4.118588707535861475e-06 1.473454230892372863e+01 3.609641534459764080e+04 5.214974417375490591e-17
4.329753266093139866e-06 1.544969079098042997e+01 3.607917323554796167e+04 6.353009376847222756e-17
4.551744463083409039e-06 1.619954936728603201e+01 3.606193936257073801e+04 7.739391397200253925e-17
4.785117392129195949e-06 1.698580270974661133e+01 3.604471372160067403e+04 9.428315880837751780e-17
5.030455607111644826e-06 1.781021725685018708e+01 3.602749630877119489e+04 1.148580499249781819e-16
5.288372581359179674e-06 1.867464518204763735e+01 3.601028712018473016e+04 1.399228854795282183e-16
5.559513241650373021e-06 1.958102855486543703e+01 3.599308615184731752e+04 1.704574811575631506e-16
5.844555580866815540e-06 2.053140370426122630e+01 3.597589339986515552e+04 2.076554723911269721e-16
6.144212353328471540e-06 2.152790579345617417e+01 3.595870886034626164e+04 2.529709750562502382e-16
6.459232857050738118e-06 2.257277361678351824e+01 3.594153252930239250e+04 3.081754286747492222e-16
6.790404807379771878e-06 2.366835462979837956e+01 3.592436440291067265e+04 3.754268441985980254e-16
7.138556306691162195e-06 2.481711022270395617e+01 3.590720447712131136e+04 4.573541633429849148e-16
7.504557915077204533e-06 2.602162125078340793e+01 3.589005274808247486e+04 5.571600272049600659e-16
7.889324827200587103e-06 2.728459383240302216e+01 3.587290921191147936e+04 6.787459714951782361e-16
8.293819160757753291e-06 2.860886542860721349e+01 3.585577386462958384e+04 8.268649424317270343e-16
8.719052362274285227e-06 2.999741121825456602e+01 3.583864670239045518e+04 1.007307095344909831e-15
9.166087736248057605e-06 3.145335078180480792e+01 3.582152772121915768e+04 1.227126139060064726e-15
9.636043103964330830e-06 3.297995511036040739e+01 3.580441691727301077e+04 1.494915074187558407e-15
1.013009359863121538e-05 3.458065395406434561e+01 3.578731428661344398e+04 1.821142104221602804e-15
1.064947460382478790e-05 3.625904352771263461e+01 3.577021982530380774e+04 2.218559850675868345e-15
1.119548484259151579e-05 3.801889459040808106e+01 3.575313352950691478e+04 2.702703868978799847e-15
1.176948962493235138e-05 3.986416091668816364e+01 3.573605539525733911e+04 3.292499952685271641e-15
1.237292426178888029e-05 4.179898817974930836e+01 3.571898541868908069e+04 4.011003966382894439e-15
1.300729765406831334e-05 4.382772326514973571e+01 3.570192359593794390e+04 4.886303128189121641e-15
1.367419606568169201e-05 4.595492403658612091e+01 3.568486992307662877e+04 5.952613974122343708e-15
1.437528709002991615e-05 4.818536957605721227e+01 3.566782439621218509e+04 7.251619925194530042e-15
1.511232381985586521e-05 5.052407092063791083e+01 3.565078701142111095e+04 8.834100744309727360e-15
1.588714923088939049e-05 5.297628232080737121e+01 3.563375776484663947e+04 1.076191758057694919e-14
1.670170079024660794e-05 5.554751304476928198e+01 3.561673665263378643e+04 1.311043119877765067e-14
1.755801530110687162e-05 5.824353975555030161e+01 3.559972367083224526e+04 1.597144792558004706e-14
1.845823399578163895e-05 6.107041948986016422e+01 3.558271881562313501e+04 1.945680847352757948e-14
1.940460788991057802e-05 6.403450326543887172e+01 3.556572208309225971e+04 2.370275993382029503e-14
2.039950341117315543e-05 6.714245034987614247e+01 3.554873346932734421e+04 2.887528184510308101e-14
2.144540831659045798e-05 7.040124322205700480e+01 3.553175297051497910e+04 3.517657454083948325e-14
2.254493791321357228e-05 7.381820325851953157e+01 3.551478058271427290e+04 4.285296341219348439e-14
2.370084159775344190e-05 7.740100718304901761e+01 3.549781630211545416e+04 5.220452807530006754e-14
2.491600973150475266e-05 8.115770431256200368e+01 3.548086012478140037e+04 6.359683285717361306e-14
2.619348086775470484e-05 8.509673464207477878e+01 3.546391204687373101e+04 7.747521716180227387e-14
2.753644934974891994e-05 8.922694780606263976e+01 3.544697206455584092e+04 9.438220434277897552e-14
2.894827329821342076e-05 9.355762296018126278e+01 3.543004017392846436e+04 1.149787096175318829e-13
3.043248300840562692e-05 9.809848962876550615e+01 3.541311637112647441e+04 1.400698760679471773e-13
3.199278977769132648e-05 1.028597495631732954e+02 3.539620065222217818e+04 1.706365486869857756e-13
3.363309518572123809e-05 1.078520996630594340e+02 3.537929301348292211e+04 2.078736168352684508e-13
3.535750085041236633e-05 1.130867560064046415e+02 3.536239345098469494e+04 2.532367239532167855e-13
3.717031868412924126e-05 1.185754790494886350e+02 3.534550196085364587e+04 3.084991704806817359e-13
3.907608167571078754e-05 1.243306000485098792e+02 3.532861853924995376e+04 3.758212343832518271e-13
4.107955522530357004e-05 1.303650487633365742e+02 3.531174318231953657e+04 4.578346191118726555e-13
4.318574906034433776e-05 1.366923825062872027e+02 3.529487588621016039e+04 5.577453301735383844e-13
4.539992976248807967e-05 1.433268166007077582e+02 3.527801664707141754e+04 6.794590018855157396e-13
4.772763393680535859e-05 1.502832563178716612e+02 3.526116546105475572e+04 8.277335734924354565e-13
5.017468205617894183e-05 1.575773303639508072e+02 3.524432232431345619e+04 1.008365282946091615e-12
5.274719301551768723e-05 1.652254259922961808e+02 3.522748723300264101e+04 1.228415249076818387e-12
5.545159943218107865e-05 1.732447258200656961e+02 3.521066018329525832e+04 1.496485499537479866e-12
5.829466373087315435e-05 1.816532464308154147e+02 3.519384117130208324e+04 1.823055234787153933e-12
6.128349505322671351e-05 1.904698788530891989e+02 3.517703019323175977e+04 2.220890473121907132e-12
6.442556703436033705e-05 1.997144310006084140e+02 3.516022724524672958e+04 2.705543090242142874e-12
6.772873649085907528e-05 2.094076721738485958e+02 3.514343232347929734e+04 3.295958761469513212e-12
7.120126306690828879e-05 2.195713797223627068e+02 3.512664542411158618e+04 4.015217571838941955e-12
7.485182988770643921e-05 2.302283879700123634e+02 3.510986654329558223e+04 4.891436245398125118e-12
7.868956527180084881e-05 2.414026395169958903e+02 3.509309567724896624e+04 5.958867263045976028e-12
8.272406555663884206e-05 2.531192390284656142e+02 3.507633282209546451e+04 7.259237834690164433e-12
8.696541909440986997e-05 2.654045096380915538e+02 3.505957797402447613e+04 8.843381067975029346e-12
9.142423147818073699e-05 2.782860520859676967e+02 3.504283112921128486e+04 1.077322309784294054e-11
9.611165206140254191e-05 2.917928067280994355e+02 3.502609228383297159e+04 1.312420385639588243e-11
1.010394018371016720e-04 3.059551185553479513e+02 3.500936143406847987e+04 1.598822611394023070e-11
1.062198027464676133e-04 3.208048053680924454e+02 3.499263857609854313e+04 1.947724807291125802e-11
1.116658084901241013e-04 3.363752292597844189e+02 3.497592370610574289e+04 2.372765995365528837e-11
1.173910369191279803e-04 3.527013715701572778e+02 3.495921682028242503e+04 2.890561565828017253e-11
1.234098040866900780e-04 3.698199114755270784e+02 3.494251791479891108e+04 3.521352793388781710e-11
1.297371600457651012e-04 3.877693083951101585e+02 3.492582698585119215e+04 4.289798093940597587e-11
1.363889264820232711e-04 4.065898883953765903e+02 3.490914402962913300e+04 5.225936952788786142e-11
1.433817362763056455e-04 4.263239347888767838e+02 3.489246904232441011e+04 6.366364205602054715e-11
1.507330750954898936e-04 4.470157831301752367e+02 3.487580202013053349e+04 7.755660576184727678e-11
1.584613251157653230e-04 4.687119208226736760e+02 3.485914295925074111e+04 9.448135392581593465e-11
1.665858109876483387e-04 4.914610915588284001e+02 3.484249185586631938e+04 1.150994960643648381e-10
1.751268481576742783e-04 5.153144048315655255e+02 3.482584870618415880e+04 1.402170210714026320e-10
1.841057936675958640e-04 5.403254507587487296e+02 3.480921350640501623e+04 1.708158043293572564e-10
1.935450995581117185e-04 5.665504204817844993e+02 3.479258625273147481e+04 2.080919904426356684e-10
2.034683690106629794e-04 5.940482324076228906e+02 3.477596694136795122e+04 2.535027520222016722e-10
2.139004153676812446e-04 6.228806645782512987e+02 3.475935556852853915e+04 3.088232523806558157e-10
2.248673241788693637e-04 6.531124934632532586e+02 3.474275213040150993e+04 3.762160388797235077e-10
2.363965184286629729e-04 6.848116394924545602e+02 3.472615662321646232e+04 4.583155796052348590e-10
2.485168271079757005e-04 7.180493196469856230e+02 3.470956904317317822e+04 5.583312480093066825e-10
2.612585573016925852e-04 7.529002074608864632e+02 3.469298938648907642e+04 6.801727813227261298e-10
2.746535699721688829e-04 7.894426007858800176e+02 3.467641764937940752e+04 8.286031170596118272e-10
2.887353596282311993e-04 8.277585976996142563e+02 3.465985382806124835e+04 1.009424582185882203e-09
3.035391380788964293e-04 8.679342809517726209e+02 3.464329791875741648e+04 1.229705713318084691e-09
3.191019224812350285e-04 9.100599113613382087e+02 3.462674991768071777e+04 1.498057574635454832e-09
3.354626279025451924e-04 9.542301306025113945e+02 3.461020982105758594e+04 1.824970375121097041e-09
3.526621646282911485e-04 1.000544173830997579e+03 3.459367762511328328e+04 2.223223543915062540e-09
3.707435404591257876e-04 1.049106092631009233e+03 3.457715332607342862e+04 2.708385294139580190e-09
3.897519682527942697e-04 1.100024988783152594e+03 3.456063692016518326e+04 3.299421203768840153e-09
4.097349789798286580e-04 1.153398336572530525e+03 3.454387498850384145e+04 4.019376630927922848e-09
4.307425405757319271e-04 1.209371713917769966e+03 3.452726890535917482e+04 4.896472969190117744e-09
4.528271828868440083e-04 1.268086551091579395e+03 3.451101266146571288e+04 5.965084821498073935e-09
4.760441290223192071e-04 1.329658902974800185e+03 3.449485379553480743e+04 7.266949548650196209e-09
5.004514334406633081e-04 1.394220354783537459e+03 3.447869550325188902e+04 8.852939380352523660e-09
5.261101271161193775e-04 1.461909224439424634e+03 3.446245806656236527e+04 1.078501243772442642e-08
5.530843701478924991e-04 1.532859958689344239e+03 3.444595407416619855e+04 1.313853359452278018e-08
5.814416121938181326e-04 1.607213483765563069e+03 3.442902253066197591e+04 1.600523870566324413e-08
6.112527611296385451e-04 1.685121812253334156e+03 3.441157022308908927e+04 1.949683251017448733e-08
6.425923603556274889e-04 1.766742853327029934e+03 3.439350548794515635e+04 2.374927061721589834e-08
6.755387751939181127e-04 1.852232639318262954e+03 3.437466452329790627e+04 2.892788206015016685e-08
7.101743888426273075e-04 1.941759863530951407e+03 3.435495569524962048e+04 3.523390649550044983e-08
7.465858083767621441e-04 2.035489467460877222e+03 3.433420481223432580e+04 4.291195584764422340e-08
7.848640813110194670e-04 2.133601975092796238e+03 3.431232896583789989e+04 5.225971378174966685e-08
8.251049232659968648e-04 2.236283206942568995e+03 3.428923743118590937e+04 6.363918320611057224e-08
8.674089573071004124e-04 2.343701590886672875e+03 3.426466687058560638e+04 7.748975388149908024e-08
9.118819655546198935e-04 2.456065913250104131e+03 3.423862348955479683e+04 9.434657887657780935e-08
9.586351536941296880e-04 2.573553093031846856e+03 3.421084366844484612e+04 1.148585802016729148e-07
1.007785429048626679e-03 2.696382873423245201e+03 3.418132779356582614e+04 1.398157328870481006e-07
1.059455692907732439e-03 2.824754811799594791e+03 3.414990175453279517e+04 1.701764316686493204e-07
1.113775147844932919e-03 2.958857352992900360e+03 3.411630788490641862e+04 2.071032224351637421e-07
1.170879620791311689e-03 3.098909695013885994e+03 3.408045640470170474e+04 2.520089246117945924e-07
1.230911902673626282e-03 3.245120112098392383e+03 3.404217192835747846e+04 3.066069173473534454e-07
1.294022105466001958e-03 3.397700645477265880e+03 3.400128730827801337e+04 3.729756312608740533e-07
1.360368037548055848e-03 3.556862139280910014e+03 3.395762053100610501e+04 4.536349947254754905e-07
1.430115598308045934e-03 3.722800704980711544e+03 3.391091897580435761e+04 5.516371131440526612e-07
1.503439192977754080e-03 3.895766228920153480e+03 3.386117627352715499e+04 6.706883310621136801e-07
1.580522168736409397e-03 4.075934334998797112e+03 3.380804958017855824e+04 8.152657785616281650e-07
1.661557273174137529e-03 4.263492861011796776e+03 3.375127847141942766e+04 9.907903009184368417e-07
1.746747136261333697e-03 4.458668132018568940e+03 3.369077203550692502e+04 1.203831011350602357e-06
1.836304777029133936e-03 4.661642178469427563e+03 3.362627708064932813e+04 1.462323588442169383e-06
1.930454136227949345e-03 4.872559350121031457e+03 3.355743979642886552e+04 1.775848288259178788e-06
2.029430636295988157e-03 5.091655940704549721e+03 3.348426007016294898e+04 2.156015828238709567e-06
2.133481770037976965e-03 5.319005161761400814e+03 3.340621858917688223e+04 2.616781613496296282e-06
2.242867719486086112e-03 5.554796984995611638e+03 3.332323371608289017e+04 3.175041682980838631e-06
2.357862006490532136e-03 5.799149275388465867e+03 3.323503331587851426e+04 3.851143490904009744e-06
2.478752176666675511e-03 6.052171765323700129e+03 3.314137538531369501e+04 4.669612359906911173e-06
2.605840518408833982e-03 6.313874143779331462e+03 3.304180749380068301e+04 5.659911985010036041e-06
2.739444818768723561e-03 6.584377957398313811e+03 3.293624945730476611e+04 6.857608404372767965e-06
2.879899158088616417e-03 6.863678590981682646e+03 3.282435245291371393e+04 8.305371054003928070e-06
3.027554745376210416e-03 7.151740139079664914e+03 3.270577855309133520e+04 1.005444261303813695e-05
3.182780796510085389e-03 7.448517347325538140e+03 3.258025481197834961e+04 1.216634926159374867e-05
3.345965457471714814e-03 7.753894356281523869e+03 3.244743944161281615e+04 1.471480455288567175e-05
3.517516774912597243e-03 8.067791773138181270e+03 3.230715847371601558e+04 1.778826011257301414e-05
3.697863716483424691e-03 8.389958529573110354e+03 3.215897955883078248e+04 2.149229421564044745e-05
3.887457243476651579e-03 8.720168727041937018e+03 3.200263420892337308e+04 2.595326633071065960e-05
4.086771438464619106e-03 9.058107455896548345e+03 3.183779254437598138e+04 3.132194884496709527e-05
4.296304690752923532e-03 9.403372009422188057e+03 3.166408583096029906e+04 3.777801176538579474e-05
4.516580942613284376e-03 9.755618742668975756e+03 3.148136001165948619e+04 4.553595733749959490e-05
4.748150999412126434e-03 1.011420134874893665e+04 3.128908078743772421e+04 5.484984687826734520e-05
4.991593906910903912e-03 1.047861451250354003e+04 3.108707563683603439e+04 6.602248407636305909e-05
5.247518399182111472e-03 1.084810709307613979e+04 3.087492069949181314e+04 7.941199981353337211e-05
5.516564420761540903e-03 1.122199865021448568e+04 3.065242975245373236e+04 9.544354317525977635e-05
5.799404726842954938e-03 1.159941418856330347e+04 3.041926798048102137e+04 1.146189880721314576e-04
6.096746565516493986e-03 1.197921657136291833e+04 3.017490210622531231e+04 1.375286254494630968e-04
6.409333446257287764e-03 1.236043743708099282e+04 2.991916802996198021e+04 1.648704027561198897e-04
6.737946999086424568e-03 1.274184942125288035e+04 2.965171092760148531e+04 1.974628945116356081e-04
7.083408929053131541e-03 1.312226585576339130e+04 2.937236188822150507e+04 2.362686147148455222e-04
7.446583070925409317e-03 1.349998731751490413e+04 2.908051312673897701e+04 2.824065305951682452e-04
7.828377549226901017e-03 1.387364672030513066e+04 2.877607997053491272e+04 3.371911586524930300e-04
8.229747049021221908e-03 1.424158992277090329e+04 2.845879354959059128e+04 4.021501137960896747e-04
8.651695203121895217e-03 1.460168844782988890e+04 2.812805591640685452e+04 4.790457258058809916e-04
9.095277101697147801e-03 1.495226068897119876e+04 2.778385724465563180e+04 5.699344702501803975e-04
9.561601930544914862e-03 1.529096690299204238e+04 2.742568690805192091e+04 6.771691813133320047e-04
1.005183574463506743e-02 1.561556462692237983e+04 2.705327309216395224e+04 8.034597045668904732e-04
1.056720438385422289e-02 1.592379451702473125e+04 2.666644878461548433e+04 9.519127541231204659e-04
1.110899653824396448e-02 1.621292151851110066e+04 2.626476216898666462e+04 1.126045744558488212e-03
1.167856697039719623e-02 1.648037449644257140e+04 2.584802121079256176e+04 1.329860240295880616e-03
1.227733990307029038e-02 1.672336811989764101e+04 2.541596296546977101e+04 1.567858437511625768e-03
1.290681258048182248e-02 1.693897303019408719e+04 2.496831089360609622e+04 1.845076369164078177e-03
1.356855901220299469e-02 1.712421598104424629e+04 2.450484186930925352e+04 2.167115903194470443e-03
1.426423390900143431e-02 1.727621403099081363e+04 2.402546349411621122e+04 2.540178234542296749e-03
1.499557682048000690e-02 1.739196856703370213e+04 2.353004667522955788e+04 2.971040204674334651e-03
1.576441648485692182e-02 1.746819739541650779e+04 2.301830785151801683e+04 3.466985698530546025e-03
1.657267540176381518e-02 1.750252977865763023e+04 2.249058190294581436e+04 4.035979547528678081e-03
1.742237463949622076e-02 1.749201903598196441e+04 2.194679874355860011e+04 4.686323286287399220e-03
1.831563888873704443e-02 1.743432045573666619e+04 2.138723559630363161e+04 5.426771062082630208e-03
1.925470177538994923e-02 1.732737966374001917e+04 2.081227318876301069e+04 6.266334006428044869e-03
2.024191144580758314e-02 1.716979859672430393e+04 2.022258192944714392e+04 7.214230621655243203e-03
2.127973643838054069e-02 1.696033350966322178e+04 1.961878591367524496e+04 8.279486092611599776e-03
2.237077185616915750e-02 1.669873814975943606e+04 1.900192905445657743e+04 9.471021443649836960e-03
2.351774585601286785e-02 1.638589689813680161e+04 1.837350046960948748e+04 1.079760796995602595e-02
2.472352647034336062e-02 1.602310386838846352e+04 1.773499419821995980e+04 1.226727660085585869e-02
2.599112877875953478e-02 1.561293410039985974e+04 1.708838109992757381e+04 1.388769623835447650e-02
2.732372244729698585e-02 1.515931724968086201e+04 1.643612401479662003e+04 1.566641029259085993e-02
2.872463965424410307e-02 1.466716842769835966e+04 1.578096872073491249e+04 1.761084950650243161e-02
3.019738342232343442e-02 1.414279834530438347e+04 1.512617514887220204e+04 1.972938501245137186e-02
3.174563637807315680e-02 1.359373136370433531e+04 1.447543831064917140e+04 2.203236179180520851e-02
3.337326996033158216e-02 1.302840364539789334e+04 1.383276232190187693e+04 2.453340051763705509e-02
3.508435410085083278e-02 1.245629594741083565e+04 1.320257678724105062e+04 2.725207866219659519e-02
3.688316740124613496e-02 1.188718561013533508e+04 1.258939024347453233e+04 3.021578851051762854e-02
3.877420783172848273e-02 1.132540982365789932e+04 1.199480157655158109e+04 3.344667782286569330e-02
4.076220397837305304e-02 1.078271730909572580e+04 1.142434067862763732e+04 3.699742105179381485e-02
4.285212686704739649e-02 1.027212699497419817e+04 1.088424118102706416e+04 4.094942283412985468e-02
4.504920239356542677e-02 9.801706417201037766e+03 1.037814520245593121e+04 4.539763905171471242e-02
4.735892439114896407e-02 9.375670823720871340e+03 9.907657933634372966e+03 5.045196671722457227e-02
4.978706836787243073e-02 8.993745927969079275e+03 9.471986418695298198e+03 5.622902286002955802e-02
5.233970594844135349e-02 8.651738568729317194e+03 9.068247903365239836e+03 6.284452990115274584e-02
5.502322005641668845e-02 8.342461372795018178e+03 8.692000114686021334e+03 7.040483270369926605e-02
5.784432087484844831e-02 8.059079078130262133e+03 8.339043909955416893e+03 7.902015111932546299e-02
6.081006262522850592e-02 7.806224288736029848e+03 8.011152436599233624e+03 8.892781799618880434e-02
6.392786120671870020e-02 7.543587367918755263e+03 7.687132663751365726e+03 9.984324966485162711e-02
6.720551273976151097e-02 7.263888673733853466e+03 7.363103997115440507e+03 1.117002474224705888e-01
7.065121306044198912e-02 6.951383681163338224e+03 7.030932129583769893e+03 1.241939350624480659e-01
7.427357821434696361e-02 6.594502605490994938e+03 6.684504633089458366e+03 1.368848373571182053e-01
7.808166600116696332e-02 6.190352619055674040e+03 6.321742930974420233e+03 1.492907365443839063e-01
8.208499862391337165e-02 5.747214926771870523e+03 5.945779340517353376e+03 1.610345571464187608e-01
8.629358649938589920e-02 5.283230065662864945e+03 5.564559118636301719e+03 1.719908488846242367e-01
9.071795328942874881e-02 4.822595303119812343e+03 5.189462040641820749e+03 1.824025090842451846e-01
9.536916221556676621e-02 4.391628615949833147e+03 4.833877765577988612e+03 1.929833174581058464e-01
1.002588437228218304e-01 4.014993532472142761e+03 4.511554592564463746e+03 2.049855199517935656e-01
1.053992245618834284e-01 3.709620732632330601e+03 4.233011788140555836e+03 2.200452591710041483e-01
1.108031583623540345e-01 3.477272723816057805e+03 4.000414849423568285e+03 2.396433777425230061e-01
1.164841577735182265e-01 3.303012204446361920e+03 3.805762424198198005e+03 2.644728096781875926e-01
1.224564282530043596e-01 3.159466242799712290e+03 3.633242412861045068e+03 2.939197316701724350e-01
1.287349035878279091e-01 3.011618859288345448e+03 3.462489383781475681e+03 3.255061537161411112e-01
1.353352832366376823e-01 2.825750892543538612e+03 3.273831432247019166e+03 3.548438159709814688e-01
1.422740715865399574e-01 2.591277885987843547e+03 3.060182326495726102e+03 3.780606951890358447e-01
1.495686192226629019e-01 2.331168038456649356e+03 2.833205193184785458e+03 3.951530079250411553e-01
1.572371663136570008e-01 2.082013878654593555e+03 2.613569059468348314e+03 4.100336550827113347e-01
1.652988882216175348e-01 1.876301876731714401e+03 2.421834476724382512e+03 4.293216300596729984e-01
1.737739434504778357e-01 1.731539494853605220e+03 2.270963911470714720e+03 4.603165937003395047e-01
1.826835240527691917e-01 1.631528697172752118e+03 2.151752525035412873e+03 5.039217671143897403e-01
1.920499086207905493e-01 1.538595665615290045e+03 2.039661723574728285e+03 5.521245752678554108e-01
2.018965179946938526e-01 1.422582862701311115e+03 1.914412894746246820e+03 5.931087326568555973e-01
2.122479738267836202e-01 1.280136616700408922e+03 1.772661920751376556e+03 6.200935847164286141e-01
2.231301601484726449e-01 1.139369954779966747e+03 1.632416845637606002e+03 6.412241245473923046e-01
2.345702880938428103e-01 1.029784720383163631e+03 1.514861189070464889e+03 6.733420025815834986e-01
2.465969639416541459e-01 9.539589116265398161e+02 1.423198190360896206e+03 7.247080815774359364e-01
2.592402606459418002e-01 8.862422550145911373e+02 1.338991146608966801e+03 7.822220608213281690e-01
2.725317930340656614e-01 8.059162691142926178e+02 1.246371103237619764e+03 8.264407107519687878e-01
2.865047968602461026e-01 7.200244545180819387e+02 1.149944721993111216e+03 8.578536404969151485e-01
3.011942119122611450e-01 6.494310582940025824e+02 1.066033368406058798e+03 8.989658178968474855e-01
3.166367693791155569e-01 5.957888329741385860e+02 9.966699907838933541e+02 9.581790151403649647e-01
3.328710836981453314e-01 5.438686482094890380e+02 9.295080293246269321e+02 1.016231126446896837e+00
3.499377491112247163e-01 4.884081721343081313e+02 8.598021474099335819e+02 1.060292191290916231e+00
3.678794411715154977e-01 4.397837839063986394e+02 7.963933063820643383e+02 1.109241283978014136e+00
3.867410234545784475e-01 4.000323797495346980e+02 7.414066876325434805e+02 1.172265898115285143e+00
4.065696597406806001e-01 3.615175876260474865e+02 6.879780342470697860e+02 1.230848464310224655e+00
4.274149319488126375e-01 3.247104585137481081e+02 6.364421387548817393e+02 1.284445279588340094e+00
4.493289641173122684e-01 2.933192358645001718e+02 5.904484561818969723e+02 1.348043936549320865e+00
4.723665527411103904e-01 2.644972378879537587e+02 5.472971925975069780e+02 1.412306037772152800e+00
4.965853037915104462e-01 2.375973443390271598e+02 5.063308298362501318e+02 1.473986239355117966e+00
5.220457767611225153e-01 2.139329297012864970e+02 4.689789294975307712e+02 1.541961952988335049e+00
5.488116360941387439e-01 1.922156663634614517e+02 4.339201653288685634e+02 1.609640805114951556e+00
5.769498103806052214e-01 1.725744185914564071e+02 4.013327333125766359e+02 1.679038995581790372e+00
6.065306597127584354e-01 1.549223277866906017e+02 3.711712344400935990e+02 1.751227425377746005e+00
6.376281516219051149e-01 1.388910782693209569e+02 3.430484094179320778e+02 1.824093340963890642e+00
6.703200460357783275e-01 1.244891963808604771e+02 3.170187855051632368e+02 1.899540441124540235e+00
7.046880897188601001e-01 1.114792611058996243e+02 2.928310588075624992e+02 1.976310301742784326e+00
7.408182206818726412e-01 9.977944611335522040e+01 2.704217209820866969e+02 2.055163196356688537e+00
7.788007830715680813e-01 8.924667070993449158e+01 2.496421825571947863e+02 2.135705772677051417e+00
8.187307530781540166e-01 7.977657010991410402e+01 2.303883794647206571e+02 2.218037734075081424e+00
8.607079764252394405e-01 7.126777880064724968e+01 2.125545628744029898e+02 2.302135942847879591e+00
9.048374180361511421e-01 6.362983002921427556e+01 1.960447123308777009e+02 2.388045941301847996e+00
9.512294245009160765e-01 5.677860385783969122e+01 1.807665365560364990e+02 2.475772849890432781e+00
1.000000000000213163e+00 5.063667416823872003e+01 1.666323042833416253e+02 2.565283881220308704e+00
1.051271096376248826e+00 4.513468077617507390e+01 1.535616365370392771e+02 2.656591669196783911e+00
1.105170918075884856e+00 4.020799495261993428e+01 1.414766225797402228e+02 2.749609503893074347e+00
1.161834242728533306e+00 3.580149219279257267e+01 1.303106677287439084e+02 2.844486677628470073e+00
1.221402758160433644e+00 3.186129046049022051e+01 1.199946871710929912e+02 2.941103513044139639e+00
1.284025416688019838e+00 2.834137663042800881e+01 1.104693347262122813e+02 3.039569386938082651e+00
1.349858807576296504e+00 2.519696204242504578e+01 1.016731525052523750e+02 3.139666176713840073e+00
1.419067548593566874e+00 2.239128625839836317e+01 9.355621660941308448e+01 3.241593158696603361e+00
1.491824697641596753e+00 1.988898969607227585e+01 8.606774449568449370e+01 3.345309932524613394e+00
1.568312185490513100e+00 1.765825536054707356e+01 7.916056548421263983e+01 3.450766732244485713e+00
1.648721270700491237e+00 1.567056929794308218e+01 7.279110454503755534e+01 3.557924730035858740e+00
1.733253017867778301e+00 1.390092906916513726e+01 6.692043678398522388e+01 3.666907725007683361e+00
1.822118800390913007e+00 1.232574434239063699e+01 6.150980665144345494e+01 3.777578359663789964e+00
1.915540829014322100e+00 1.092438397007083317e+01 5.652456036673551409e+01 3.889927033326776140e+00
2.013752707470925607e+00 9.678595247743620789e+00 5.193328687597347937e+01 4.004063896389473243e+00
2.117000016613148627e+00 8.571430139587874919e+00 4.770536485899398116e+01 4.119894860998175368e+00
2.225540928492967474e+00 7.588034793338116479e+00 4.381332010059739446e+01 4.237467000209020007e+00
2.339646851926517890e+00 6.714807920247104711e+00 4.023085251815552965e+01 4.356671170417860672e+00
2.459603111157505406e+00 5.939949804265427957e+00 3.693471540981393275e+01 4.477629292668756200e+00
2.585709659316432152e+00 5.252548492369724542e+00 3.390231351435457441e+01 4.600230604639502729e+00
2.718281828459663263e+00 4.643079117863242011e+00 3.111345738445933407e+01 4.724542811913208240e+00
2.857651118063815776e+00 4.102881489173934249e+00 2.854898343242415493e+01 4.850503804834111143e+00
3.004166023947120401e+00 3.624330310235161168e+00 2.619153662408958283e+01 4.978171111894987177e+00
3.158192909690492378e+00 3.200494249560657423e+00 2.402462124708379321e+01 5.107439991819441971e+00
3.320116922737311960e+00 2.825297383244876670e+00 2.203337563497592555e+01 5.238350586461422154e+00
3.490342957462647444e+00 2.493319270757568429e+00 2.020406851913660518e+01 5.370966700174474084e+00
3.669296667620093988e+00 2.199611401541568867e+00 1.852353190962533347e+01 5.505093512394616972e+00
3.857425530697870641e+00 1.939942471969051452e+00 1.698033184289869979e+01 5.640943657947826928e+00
4.055199966845619564e+00 1.710397544518740487e+00 1.556328285948677959e+01 5.778354036806812921e+00
4.263114515169814212e+00 1.507564321541593921e+00 1.426236461186391580e+01 5.917347932466072713e+00
4.481689070339116121e+00 1.328408803087153256e+00 1.306833963228227447e+01 6.057970754894228982e+00
4.711470182591849465e+00 1.170210451837271792e+00 1.197257200419859835e+01 6.200169644801936997e+00
4.953032424396282885e+00 1.030562367539072710e+00 1.096714390053193355e+01 6.343925170143376313e+00
5.206979827181080545e+00 9.073301151819066490e-01 1.004476997663067017e+01 6.489231537062813970e+00
5.473947391728498424e+00 7.986254782340270753e-01 9.198771787001398081e+00 6.636136000743670493e+00
5.754602676007100293e+00 7.027582641054362922e-01 8.422910297351956288e+00 6.784568792055704733e+00
6.049647464414390718e+00 6.182374050957777367e-01 7.711480496422677078e+00 6.934509361419900486e+00
6.359819522603354258e+00 5.437474213055573102e-01 7.059267868911630828e+00 7.086011353776815014e+00
6.685894442280875261e+00 4.781109234612903047e-01 6.461395436880436272e+00 7.238981587406286167e+00
7.028687580590986528e+00 4.202994413350725211e-01 5.913469004775124382e+00 7.393529172837929764e+00
7.389056098932435646e+00 3.693857852998791436e-01 5.411328995852808355e+00 7.549485047270817262e+00
7.767901106308653603e+00 3.245657416374911342e-01 4.951264405872926488e+00 7.706975886629313877e+00
8.166169912569634093e+00 2.851187484732736754e-01 4.529795532929102642e+00 7.865951620704294101e+00
8.584858397179985445e+00 2.504086908433288960e-01 4.143728962806982885e+00 8.026367947398052038e+00
9.025013499436326470e+00 2.198745046066373221e-01 3.790137885577674393e+00 8.188205119730017856e+00
9.487735836360851494e+00 1.930227094050142866e-01 3.466352361804621918e+00 8.351537186020193460e+00
9.974182454817173138e+00 1.694150221496922015e-01 3.169898768923891552e+00 8.516361755308764714e+00
1.048556972473016025e+01 1.486605751091790439e-01 2.898466397929394311e+00 8.682447480014177543e+00
1.102317638064432792e+01 1.304220811347354125e-01 2.650006013826936346e+00 8.849967067021321299e+00
1.158834671922626214e+01 1.143991173562544372e-01 2.422610327581976808e+00 9.018978977410728959e+00
1.218249396070650370e+01 1.003244370683488429e-01 2.214504280644153056e+00 9.189367174945587635e+00
1.280710378266622662e+01 8.796354064347590429e-02 2.024069590995435153e+00 9.361075488610426376e+00
1.346373803500505772e+01 7.711139768852975918e-02 1.849840602654179378e+00 9.534233696103552091e+00
1.415403864537935341e+01 6.758458343269675705e-02 1.690440042996893988e+00 9.708654168499462500e+00
1.487973172487657614e+01 5.922390659659684808e-02 1.544633350921941872e+00 9.884452387711315069e+00
1.564263188419211659e+01 5.188707480875424244e-02 1.411261216387785566e+00 1.006141174793191873e+01
1.644464677110120832e+01 4.545183361714190406e-02 1.289301381013657988e+00 1.023989056129857644e+01
1.728778184057202338e+01 3.980734422668792682e-02 1.177772139608970647e+00 1.041960567309129537e+01
1.817414536944768244e+01 3.485735740119363935e-02 1.075790823020353448e+00 1.060050879962946446e+01
1.910595372823652127e+01 3.051790395479932888e-02 9.825595641448069406e-01 1.078278946569385255e+01
2.008553692319280515e+01 2.671401575566231118e-02 8.973297286773517234e-01 1.096629119638151373e+01
2.111534442254602695e+01 2.338006214351743758e-02 8.194193755454223238e-01 1.115091305370268060e+01
2.219795128144734164e+01 2.045897608241486684e-02 7.482147689686298175e-01 1.133686135101416781e+01
2.333606458094873304e+01 1.789980181703122036e-02 6.831394588112019717e-01 1.152394920979662096e+01
2.453253019711569394e+01 1.565819066903125639e-02 6.236730524160427613e-01 1.171221031488701492e+01
2.579033991719975205e+01 1.369506598953725354e-02 5.693367087885604638e-01 1.190160648774907592e+01
2.711263892066493852e+01 1.197616370798288213e-02 5.196930569444206949e-01 1.209214520811134541e+01
2.850273364377471097e+01 1.047135176795996846e-02 4.743406651776403415e-01 1.228379475348893202e+01
2.996410004740484823e+01 9.154057149713665242e-03 4.329091092073679703e-01 1.247635127130888044e+01
3.150039230875619012e+01 8.001326589183739568e-03 3.950679911690255230e-01 1.267010295693255451e+01
3.311545195870102276e+01 6.992630344063100606e-03 3.605056383907827566e-01 1.286479557032768284e+01
3.481331748761120082e+01 6.110155794176902119e-03 3.289416368326969486e-01 1.306046907136627233e+01
3.659823444368765877e+01 5.338206862710590320e-03 3.001175122265029582e-01 1.325702461859201620e+01
3.847466604904231957e+01 4.663078475000630163e-03 2.737984159279208685e-01 1.345449990793632722e+01
4.044730436007814234e+01 4.072668584340916574e-03 2.497669872048890460e-01 1.365268526758822709e+01
4.252108200007410943e+01 3.556529751090946496e-03 2.278293409442377071e-01 1.385190889082649157e+01
4.470118449331276622e+01 3.105249601942955146e-03 2.078000363238223236e-01 1.405153816907839648e+01
4.699306323159186860e+01 2.710856744089071811e-03 1.895184852332184866e-01 1.425207479007399769e+01
4.940244910554343960e+01 2.366172737934574277e-03 1.728313199226126917e-01 1.445313780437327011e+01
5.193536683484541783e+01 2.064972495255338897e-03 1.576003908223184702e-01 1.465460580679375902e+01
5.459815003315897997e+01 1.801842342931239075e-03 1.437008971807891000e-01 1.485664788456831431e+01
5.739745704546173499e+01 1.571979053306828827e-03 1.310163190528330079e-01 1.505895962243356223e+01
6.034028759737834946e+01 1.371218084522291946e-03 1.194417652658743279e-01 1.526155965943450177e+01
6.343400029814058882e+01 1.195894680796932147e-03 1.088805598139671316e-01 1.546427246216063978e+01
6.668633104094334385e+01 1.042806639688426650e-03 9.924455821094324559e-02 1.566695220912598607e+01
7.010541234670704114e+01 9.091584094809161600e-04 9.045352996451011540e-02 1.586954457070130609e+01
7.369979369961600923e+01 7.924942953608611271e-04 8.243369045270808326e-02 1.607182593648750668e+01
7.747846292528217305e+01 6.906744843622158710e-04 7.511805038344829266e-02 1.627371327430171988e+01
8.145086866499057976e+01 6.018200834256333528e-04 6.844502253556906946e-02 1.647494967369036445e+01
8.562694400222423496e+01 5.242947417970840636e-04 6.235872321858793033e-02 1.667543202996285245e+01
9.001713130054676526e+01 4.566597384292492724e-04 5.680764113518628478e-02 1.687479432428797921e+01
9.463240831495036787e+01 3.976649426124632828e-04 5.174518908828664582e-02 1.707289789494942056e+01
9.948431564196151555e+01 3.462161862372849187e-04 4.712875207263558103e-02 1.726956813926901191e+01
1.045849855771433994e+02 3.013465663213145212e-04 4.291867548168255830e-02 1.746403241449138832e+01
1.099471724521542768e+02 2.622339686035823859e-04 3.908036324151702157e-02 1.765677575151078571e+01
1.155842845272200918e+02 2.281332142337294088e-04 3.558027566620911714e-02 1.784658585075624870e+01
1.215104175187690743e+02 1.984165735431340258e-04 3.238955285423032043e-02 1.803386207767923111e+01
1.277403898460648861e+02 1.725207685373376465e-04 2.948068719562188522e-02 1.821781782086256030e+01
1.342897796849734675e+02 1.499580712828492825e-04 2.682889368861605603e-02 1.839793113574851802e+01
1.411749639215168770e+02 1.303018540994817437e-04 2.441147774538380069e-02 1.857350686536143769e+01
1.484131591026187778e+02 1.131832916928004107e-04 2.220807234309350037e-02 1.874432509051830564e+01
1.560224644864394463e+02 9.827689138629601255e-05 2.019976605364420807e-02 1.890963171401734400e+01
1.640219072999485945e+02 8.530107987413692899e-05 1.836956320683866967e-02 1.906910724556068715e+01
1.724314903169036768e+02 7.400672380294064752e-05 1.670160028011187861e-02 1.922167293382285536e+01
1.812722418752032070e+02 6.417909707529051097e-05 1.518169381601117314e-02 1.936679606626218941e+01
1.905662684586848457e+02 5.563033720363103312e-05 1.379685830455749593e-02 1.950383621878593843e+01
2.003368099748494728e+02 4.819477886277912838e-05 1.253502731578635086e-02 1.963145609609500752e+01
2.106082978667353416e+02 4.173062289095621688e-05 1.138554052056143205e-02 1.974929335008089026e+01
2.214064162042512862e+02 3.611263832158005075e-05 1.033848161331495617e-02 1.985638039291953660e+01
2.327581659077297047e+02 3.123163172274953669e-05 9.384808581354261298e-03 1.995169113220891077e+01
2.446919322642916654e+02 2.699227609197534032e-05 8.516257140441050449e-03 2.003404836211457862e+01
2.572375559058498879e+02 2.331238465694238939e-05 7.725441236909342396e-03 2.010296344914114997e+01
2.704264074262317763e+02 2.011920893952408039e-05 7.005454626844742280e-03 2.015711881597346178e+01
2.842914658240042627e+02 1.734998016900056271e-05 6.350110701416369387e-03 2.019578366516764234e+01
2.988674009671481713e+02 1.494967620006522942e-05 5.753718749003091867e-03 2.021797642157234165e+01
3.141906602857868620e+02 1.287049575005497402e-05 5.211122766164756094e-03 2.022298907801386036e+01
3.302995599097462787e+02 1.107063579327936170e-05 4.717597443678382685e-03 2.021002298553713672e+01
3.472343804788374655e+02 9.513728817453523352e-06 4.268850176149165815e-03 2.017851417971440142e+01
3.650374678654371792e+02 8.168146103359681358e-06 3.860985834254652711e-03 2.012825315646318813e+01
3.837533390612260860e+02 7.006133387598645427e-06 3.490411180972528751e-03 2.005880989336146669e+01
4.034287934928555046e+02 6.003638120949651625e-06 3.153882973912556283e-03 1.997033911967627517e+01
4.241130300448911044e+02 5.139664369002991641e-06 2.848437089146856234e-03 1.986322970982807945e+01
4.458577700826506316e+02 4.395850149440493585e-06 2.571352534178587054e-03 1.973795511690604343e+01
4.687173867825576963e+02 3.756254943442469755e-06 2.320163789313342637e-03 1.959559752894296381e+01
4.927490410934046849e+02 3.206933064472346899e-06 2.092603718099413004e-03 1.943737071454366117e+01
5.180128246684984106e+02 2.735727944124151372e-06 1.886598258121762210e-03 1.926480871662394634e+01
5.445719101260938260e+02 2.332067138811915482e-06 1.700256451485613902e-03 1.907994050979100464e+01
5.724927090138447738e+02 1.986688232233275047e-06 1.531826919486569804e-03 1.888468993189621870e+01
6.018450378722650385e+02 1.691556276152302485e-06 1.379713754910668558e-03 1.868145776246942802e+01
6.327022928124463306e+02 1.439669994990142504e-06 1.242447870701059902e-03 1.847274508138008997e+01
6.651416330445650829e+02 1.224912446173334870e-06 1.118665267078572390e-03 1.826071185335064229e+01
6.992441738160994191e+02 1.041993159808498454e-06 1.007119477593226798e-03 1.804769306548394070e+01
7.350951892421985576e+02 8.863169540977520226e-07 9.066590910771858127e-04 1.783569583931621949e+01
7.727843255353874383e+02 7.538969492935969103e-07 8.162184660726765030e-04 1.762613770826991910e+01
8.124058251677936369e+02 6.413043291762464190e-07 7.348241818414067567e-04 1.742021524509906882e+01
8.540587625264155349e+02 5.455860582555152685e-07 6.615823598002514103e-04 1.721855814277603969e+01
8.978472916506958654e+02 4.642157699313899792e-07 5.956801944813502024e-04 1.702149022055877126e+01
9.438809066718714575e+02 3.950274268210981129e-07 5.363740663160821267e-04 1.682864355790745847e+01
9.922747156053346771e+02 3.361908469601233797e-07 4.830009891835907549e-04 1.663994626989052961e+01
1.043149728180628472e+03 2.861464664224923014e-07 4.349608834251258277e-04 1.645502679682173763e+01
1.096633158428801380e+03 2.435717071995072831e-07 3.917151416374658069e-04 1.627350939691638487e+01
1.152858742783748994e+03 2.073576243138441917e-07 3.527913063554141584e-04 1.609602210234903197e+01
1.211967074492957408e+03 1.765458380109743370e-07 3.177514514283298988e-04 1.592209486721658429e+01
1.274105955173854682e+03 1.503450418575199865e-07 2.862228403854304463e-04 1.575346186939751192e+01
1.339430764394840480e+03 1.280618366704411754e-07 2.578520129059991696e-04 1.559016796723427056e+01
1.408104848205140797e+03 1.091089566834361174e-07 2.323227797215642000e-04 1.543247717641977879e+01
1.480299927585014302e+03 9.298962706194981701e-08 2.093532839646012765e-04 1.528107539873255938e+01
1.556196527837648091e+03 7.927122616336690852e-08 1.886779911127274480e-04 1.513488623427800839e+01
1.635984429996447261e+03 6.759462878292081633e-08 1.700671681616152038e-04 1.499408417255049031e+01
1.719863145376471039e+03 5.765117395417136883e-08 1.533096157301390948e-04 1.485799078872787504e+01
1.808042414456641382e+03 4.918498402626017359e-08 1.382237005133684846e-04 1.472748660649715013e+01
1.900742731340188357e+03 4.197339269651172558e-08 1.246390747846472897e-04 1.460206739523205499e+01
1.998195895104759757e+03 3.583027817660351060e-08 1.124069593399256627e-04 1.448220284943507252e+01
2.100645589420852957e+03 3.058806800821527082e-08 1.013783140714008757e-04 1.436417427909696443e+01
2.208347991887921125e+03 2.611282837000563212e-08 9.143172828721077034e-05 1.424710763033678518e+01
2.321572414611807289e+03 2.229234632596691160e-08 8.246103729539720751e-05 1.413099506358532231e+01
2.440601977625289692e+03 1.903082644573551526e-08 7.437049259829073831e-05 1.401582880316561130e+01
2.565734316835632853e+03 1.624648881333029913e-08 6.707373992275917122e-05 1.390160113677126041e+01
2.697282328269386653e+03 1.386951846333557983e-08 6.049289751953724993e-05 1.378830441495043857e+01
2.835574950475434889e+03 1.184031482833207078e-08 5.455772489387531268e-05 1.367593105059386893e+01
2.980957987042702825e+03 1.010799730391683525e-08 4.920487309496877833e-05 1.356447351842648175e+01
3.133794971289250043e+03 8.629129459591011747e-09 4.437720856215199712e-05 1.345392435450367508e+01
3.294468075284922634e+03 7.366629906156344850e-09 4.002320331093592342e-05 1.334427615571065573e+01
3.463379065480592999e+03 6.288842510522052899e-09 3.609638495005841683e-05 1.323552157926694406e+01
3.640950307333554974e+03 5.368742644326354766e-09 3.255484065931383566e-05 1.312765334223713332e+01
3.827625821441170956e+03 4.583259563708505722e-09 2.936076983386581369e-05 1.302066422103823484e+01
4.023872393823642142e+03 3.912697929472751794e-09 2.648008062022759644e-05 1.291454705096229638e+01
4.230180743132199495e+03 3.340243962729290597e-09 2.388202603750971955e-05 1.280929472568803718e+01
4.447066747701334862e+03 2.851543853285300671e-09 2.153887580012233107e-05 1.270490019681514049e+01
4.675072735513344924e+03 2.434343849712308732e-09 1.942562033909654584e-05 1.260135647338335474e+01
4.914768840300775992e+03 2.078183006656084242e-09 1.751970386293690482e-05 1.249865662141025524e+01
5.166754427177720572e+03 1.774130885275313487e-09 1.580078360881313662e-05 1.239679376342548878e+01
5.431659591364801599e+03 1.514563629866256712e-09 1.425051271446955138e-05 1.229576107800515494e+01
5.710146733755425885e+03 1.292972805981947881e-09 1.285234439334950968e-05 1.219555179932357802e+01
6.002912217263044113e+03 1.103802206815601529e-09 1.159135532278429917e-05 1.209615921669579386e+01
6.310688108091153481e+03 9.423085359057890485e-10 1.045408636019410360e-05 1.199757667412415607e+01
6.634244006280128815e+03 8.044424728980003998e-10 9.428398887193385351e-06 1.189979756986232928e+01
6.974388970108182548e+03 6.867471401817755346e-10 8.503345248276088900e-06 1.180281535596209963e+01
7.331973539158482708e+03 5.862714245418123775e-10 7.669051901229395038e-06 1.170662353784451071e+01
7.707891861111141225e+03 5.004959804322550775e-10 6.916614032068987506e-06 1.161121567386068421e+01
8.103083927578147268e+03 4.272700594687600770e-10 6.238000509677334423e-06 1.151658537485660894e+01
8.518537924572025076e+03 3.647575821903094459e-10 5.625968165682742899e-06 1.142272630375330777e+01
8.955292703485578386e+03 3.113910998836279778e-10 5.073984484639429490e-06 1.132963217511703391e+01
9.414440378761499232e+03 2.658324921019914910e-10 4.576157879350314727e-06 1.123729675474104361e+01
9.897129058747319505e+03 2.269394144005938042e-10 4.127174807123383734e-06 1.114571385922286417e+01
1.040456571656430970e+04 1.937366549937197436e-10 3.722243055777661930e-06 1.105487735555800377e+01
1.093801920816896018e+04 1.653916821249071792e-10 3.357040594057595574e-06 1.096478116072416853e+01
1.149882344515380282e+04 1.411937690211296344e-10 3.027669440516078896e-06 1.087541924127634907e+01
1.208838073022117533e+04 1.205361730061866250e-10 2.730614058483939696e-06 1.078678561293894411e+01
1.270816526367042752e+04 1.029009219295045183e-10 2.462703833057402130e-06 1.069887434020780503e+01
1.335972682966652428e+04 8.784582644246779541e-11 2.221079229601039481e-06 1.061167953595366420e+01
1.404469467150771925e+04 7.499339246590522551e-11 2.003161272560135537e-06 1.052519536103168818e+01
1.476478156558243427e+04 6.402135583785897394e-11 1.806624018813167595e-06 1.043941602387472578e+01
1.552178810420236550e+04 5.465460180616840257e-11 1.629369731764649055e-06 1.035433578012464828e+01
1.631760719802116000e+04 4.665826675330080588e-11 1.469506491192817320e-06 1.026994893223691108e+01
1.715422880929701932e+04 3.983184918524044922e-11 1.325327999875959616e-06 1.018624982910379906e+01
1.803374492783486858e+04 3.400418232215575435e-11 1.195295371461097479e-06 1.010323286566430312e+01
1.895835480205053682e+04 2.902914223292944757e-11 1.078020705191745526e-06 1.002089248255428444e+01
1.993037043823734348e+04 2.478198389820422847e-11 9.722522721737714267e-07 9.939223165699511142e+00
2.095222238178608313e+04 2.115621333221717859e-11 8.768611550732153434e-07 9.858219445983086970e+00
2.202646579481454319e+04 1.806091733400793126e-11 7.908291986370616825e-07 9.777875898845184821e+00
2.315578684540369068e+04 1.541848391409450553e-11 7.132381424340644520e-07 9.698187143946773503e+00
2.434300942441707230e+04 1.316265623792259259e-11 6.432598198187455237e-07 9.619147844787066859e+00
2.559110220669883711e+04 1.123687129053091770e-11 5.801473185116306399e-07 9.540752708372519209e+00
2.690318607430719567e+04 9.592841605643652847e-12 5.232270084443241092e-07 9.462996484831711186e+00
2.828254192034512744e+04 8.189344497388118340e-12 4.718913517827600371e-07 9.385873967087935199e+00
2.973261885290210193e+04 6.991188435493943760e-12 4.255924183834554394e-07 9.309379990499452973e+00
3.125704281962085952e+04 5.968330646753595438e-12 3.838360374717414461e-07 9.233509432515903725e+00
3.285962567445517197e+04 5.095123817308679168e-12 3.461765231195091825e-07 9.158257212335152886e+00
3.454437470929026313e+04 4.349673007448535334e-12 3.122119172250687046e-07 9.083618290565183884e+00
3.631550267425979837e+04 3.713286654084832645e-12 2.815796992209396810e-07 9.009587668878412003e+00
3.817743831181556016e+04 3.170007895258474854e-12 2.539529167177753595e-07 8.936160389689314698e+00
4.013483743089039490e+04 2.706214465006806579e-12 2.290366957841732229e-07 8.863331535814175766e+00
4.219259454884566367e+04 2.310277126301897954e-12 2.065650936154817643e-07 8.791096230143800483e+00
4.435585513031406299e+04 1.972268077541412403e-12 1.862982599983930017e-07 8.719449635316964375e+00
4.663002845354139572e+04 1.683712021126849828e-12 1.680198772743062951e-07 8.648386953396506982e+00
4.902080113639969204e+04 1.437373652379432339e-12 1.515348514769620842e-07 8.577903425548091931e+00
5.153415135589398415e+04 1.227076240253880257e-12 1.366672300007473239e-07 8.507994331721304704e+00
5.417636379671867326e+04 1.047546750911549053e-12 1.232583235739595419e-07 8.438654990335546557e+00
5.695404536624281900e+04 8.942836307532922575e-13 1.111650124918741041e-07 8.369880757960924456e+00
5.987414171521994285e+04 7.634439336833342058e-13 1.002582190313668448e-07 8.301667029011163379e+00
6.294395460553275188e+04 6.517469624116113169e-13 9.042152974233943613e-08 8.234009235438740859e+00
6.617116016840114025e+04 5.563920076794415694e-13 8.154995291096094271e-08 8.166902846423305107e+00
6.956382809870861820e+04 4.749881227893631518e-13 7.354879793264472171e-08 8.100343368070483052e+00
7.313044183344273188e+04 4.054941725923333162e-13 6.633266463370251263e-08 8.034326343110597790e+00
7.687991976470644295e+04 3.461676537104837655e-13 5.982453175423404322e-08 7.968847350600268165e+00
8.082163754034375597e+04 2.955210027047562620e-13 5.395493486319169010e-08 7.903902005626376237e+00
8.496545150794286747e+04 2.522842966509068745e-13 4.866122493111791459e-08 7.839485959014241168e+00
8.932172336083906703e+04 2.153734108712460037e-13 4.388689964690729059e-08 7.775594897027533925e+00
9.390134604774527543e+04 1.838628354048182103e-13 3.958100034154071982e-08 7.712224541100401787e+00
9.871577101079767453e+04 1.569624686088946763e-13 3.569756808161171814e-08 7.649370647515894461e+00
1.037770368201258680e+05 1.339978060142757452e-13 3.219515312765311004e-08 7.587029007165780214e+00
1.090977992765488161e+05 1.143930276822248305e-13 2.903637252105127082e-08 7.525195445235083547e+00
1.146913630576689611e+05 9.765655999551320984e-14 2.618751107777473291e-08 7.463865820926277372e+00
1.205717149864963576e+05 8.336874985641423916e-14 2.361816153003899147e-08 7.403036027199259017e+00
1.267535590057915979e+05 7.117134223180398697e-14 2.130089997489039435e-08 7.342701990482569663e+00
1.332523529455816897e+05 6.075849720429583716e-14 1.921099316571303299e-08 7.282859670403990293e+00
1.400843471757866791e+05 5.186912128902888974e-14 1.732613452239695795e-08 7.223505059519795601e+00
1.472666252406089625e+05 4.428032073027901608e-14 1.562620604248461160e-08 7.164634183046546312e+00
1.548171465762921434e+05 3.780181262471291295e-14 1.409306357205878152e-08 7.106243098595061092e+00
1.627547914190663723e+05 3.227115373481849170e-14 1.271034314446489647e-08 7.048327895906226104e+00
1.710994080155731353e+05 2.754966735896506806e-14 1.146328631983046578e-08 6.990884696592272185e+00
1.798718622538203781e+05 2.351896612764684562e-14 1.033858266113039933e-08 6.933909653864331446e+00
1.890940898387710622e+05 2.007798353808963908e-14 9.324227665507932745e-09 6.877398952291009060e+00
1.987891511430313694e+05 1.714043979518737709e-14 8.409394634441824851e-09 6.821348807542561232e+00
2.089812888697938761e+05 1.463267841689496188e-14 7.584319115179255016e-09 6.765755466124744544e+00
2.196959886722229712e+05 1.249181935881742930e-14 6.840194680039339774e-09 6.710615205127831828e+00
2.309600428808625729e+05 1.066418234908764453e-14 6.169078931185328674e-09 6.655924331992828513e+00
2.428016174984180834e+05 9.103940899871129329e-15 5.563808727585393586e-09 6.601679184248522958e+00
2.552503226294341730e+05 7.771973246079436398e-15 5.017923729372934072e-09 6.547876129284523117e+00
2.683372865209793090e+05 6.634881399395080939e-15 4.525597443520634063e-09 6.494511564077882326e+00
2.820952333994774381e+05 5.664153721353260580e-15 4.081575034891953867e-09 6.441581914981971302e+00
2.965585652983192704e+05 4.835450017545946917e-15 3.681117238853084624e-09 6.389083637472109167e+00
3.117634480808650260e+05 4.127991227365438894e-15 3.319949776825099397e-09 6.337013215913804842e+00
3.277479018739408348e+05 3.524038406221899649e-15 2.994217734850693039e-09 6.285367163316146311e+00
3.445518961379595567e+05 3.008447936177646449e-15 2.700444418249018781e-09 6.234142021115554044e+00
3.622174496113909991e+05 2.568291812231057436e-15 2.435494243178096673e-09 6.183334358929758245e+00
3.807887353794944938e+05 2.192533483281641562e-15 2.196539269044628521e-09 6.132940774344785240e+00
4.003121913300411543e+05 1.871751119719125177e-15 1.981029014528940896e-09 6.082957892659338839e+00
4.208366362722213962e+05 1.597901368842978441e-15 1.786663235077256134e-09 6.033382366686836029e+00
4.424133920090965694e+05 1.364117674433259835e-15 1.611367371282570484e-09 5.984210876514437061e+00
4.650964116688389913e+05 1.164538103531567110e-15 1.453270406117137126e-09 5.935440129297050227e+00
4.889424146156553179e+05 9.941583633096180696e-16 1.310684894664549782e-09 5.887066859009738806e+00
5.140110282777408138e+05 8.487063225678817877e-16 1.182088953212576224e-09 5.839087826256135649e+00
5.403649372469085502e+05 7.245348915727707898e-16 1.066110015454806149e-09 5.791499818038067460e+00
5.680700400227193022e+05 6.185305742957788504e-16 9.615101824309600506e-10 5.744299647542908893e+00
5.971956137930564582e+05 5.280354000734989962e-16 8.671730098363562567e-10 5.697484153932720119e+00
6.278144876631795196e+05 4.507802771883598581e-16 7.820915916741201765e-10 5.651050202119951571e+00
6.600032247664229944e+05 3.848280972711724360e-16 7.053578130653826614e-10 5.604994682583157584e+00
6.938423137119094608e+05 3.285251639070047365e-16 6.361526575006174073e-10 5.559314511132813941e+00
7.294163698479967425e+05 2.804597275653717943e-16 5.737374650838061184e-10 5.514006628720326653e+00
7.668143468447235646e+05 2.394265871465264666e-16 5.174460484595199238e-10 5.469068001220649400e+00
8.061297591243179049e+05 2.043968705605728174e-16 4.666775822758260098e-10 5.424495619243971944e+00
8.474609156959623797e+05 1.744922366094114557e-16 4.208901902858922829e-10 5.380286497924251954e+00
8.909111659795242595e+05 1.489628513071178565e-16 3.795951616424386161e-10 5.336437676721786261e+00
9.365891582329371013e+05 1.271685864123414229e-16 3.423517346519133370e-10 5.292946219225099114e+00
9.846091112294379855e+05 1.085629687415918554e-16 3.087623923130389158e-10 5.249809212954074766e+00
1.035091099863994634e+06 9.267947780572367703e-17 2.784686194267488692e-10 5.207023769165068927e+00
1.088161355403086869e+06 7.911984819415579401e-17 2.511470759911093581e-10 5.164587022657388893e+00
1.143952581128624268e+06 6.754408339879161933e-17 2.265061460380309597e-10 5.122496131581523393e+00
1.202604284165272489e+06 5.766193068252002135e-17 2.042828250758452892e-10 5.080748277248765099e+00
1.264263124320930336e+06 4.922560323167032977e-17 1.842399129159240668e-10 5.039340663942413201e+00
1.329083280812643003e+06 4.202356710642518569e-17 1.661634819210684144e-10 4.998270518732758738e+00
1.397226837794951163e+06 3.587523720199404130e-17 1.498605936528347336e-10 4.957535091282561091e+00
1.468864189654704416e+06 3.062644922645218772e-17 1.351572395470637991e-10 4.917131653676352521e+00
1.544174467085782439e+06 2.614559415842204565e-17 1.218964836366564181e-10 4.877057500228604070e+00
1.623345985009134281e+06 2.232031825963314001e-17 1.099367874985905172e-10 4.837309947304762936e+00
1.706576713458170416e+06 1.905470589777486271e-17 9.915049954628670927e-11 4.797886333141816451e+00
1.794074772606963990e+06 1.626687454127116128e-17 8.942249254285550457e-11 4.758784017669829502e+00
1.886058953179090517e+06 1.388692162246789215e-17 8.064893479276817285e-11 4.720000382337262934e+00
1.982759263538399944e+06 1.185517178847812145e-17 7.273618189616073999e-11 4.681532829924955230e+00
2.084417504829733167e+06 1.012068059108694135e-17 6.559977723733298648e-11 4.643378784395872039e+00
2.191287875607731752e+06 8.639957096721159820e-18 5.916355053842740899e-11 4.605535690690371275e+00
2.303637607465630397e+06 7.375873387308736793e-18 5.335880485768788483e-11 4.568001014589159858e+00
2.421747633253435604e+06 6.296733608342311174e-18 4.812358335374507953e-11 4.530772242509873315e+00
2.545913289556382690e+06 5.375479221577411820e-18 4.340200799066873951e-11 4.493846881372247637e+00
2.676445055190230254e+06 4.589010534493798463e-18 3.914368312464039541e-11 4.457222458397875009e+00
2.813669327560023405e+06 3.917607494636456180e-18 3.530315760718667827e-11 4.420896520977567690e+00
2.957929238823618274e+06 3.344435225559513577e-18 3.183943966307664111e-11 4.384866636476484558e+00
3.109585513900805730e+06 2.855121906234069162e-18 2.871555936549790016e-11 4.349130392093644382e+00
