# [1] k:    [h/Mpc] 
# [2] P:    [Mpc^3/h^3] 
# [3] T:    [Mpc^3/h^3] 
# [4] Delta_k 
3.059023205018257859e-07 1.792543939610959924e-01 3.700445245695901394e+04 2.599491390466072618e-22
3.215862678579245412e-07 1.879545968619085461e-01 3.698677660744016612e+04 3.166763987108060368e-22
3.380743483904743061e-07 1.970770685226162222e-01 3.696910920117946807e+04 3.857829338024051993e-22
3.554077908890640533e-07 2.066423039709079645e-01 3.695145023407656117e+04 4.699702049760377461e-22
3.736299379885273404e-07 2.166717929709284507e-01 3.693379970203314588e+04 5.725291976693447124e-22
3.927863545481053003e-07 2.271880683057869721e-01 3.691615760115442390e+04 6.974690708356954635e-22
4.129249415873286729e-07 2.382147563962799530e-01 3.689852392734591558e+04 8.496738799570370054e-22
4.340960560635169786e-07 2.497766303843050595e-01 3.688089867658228468e+04 1.035093500871977520e-21
4.563526367904018199e-07 2.618996657887648349e-01 3.686328184484010853e+04 1.260976217842061212e-21
4.797503368127355169e-07 2.746110988635416805e-01 3.684567342809787806e+04 1.536152068024559518e-21
5.043476625678916271e-07 2.879394877879114523e-01 3.682807342233602685e+04 1.871378018638963957e-21
5.302061201824328858e-07 3.019147768257610109e-01 3.681048182346993417e+04 2.279758470224797583e-21
5.573903692694645323e-07 3.165683636043031823e-01 3.679289862761781114e+04 2.777257524036005190e-21
5.859683846113473662e-07 3.319331696472147541e-01 3.677532383069884963e+04 3.383323038626121882e-21
6.160116261320592563e-07 3.480437143408480205e-01 3.675775742863427877e+04 4.121646870910833433e-21
6.475952175842278093e-07 3.649361924912748467e-01 3.674019941754786851e+04 5.021091020457022468e-21
6.807981343976415384e-07 3.826485556340310512e-01 3.672264979336466058e+04 6.116815880964286434e-21
7.157034011589609116e-07 4.012205973014794091e-01 3.670510855201172672e+04 7.451654703936278399e-21
7.523982992164306405e-07 4.206940424296348735e-01 3.668757568961838115e+04 9.077788004000489100e-21
7.909745849287134463e-07 4.411126410910580220e-01 3.667005120211550820e+04 1.105878336016357932e-20
8.315287191035797356e-07 4.625222667917259778e-01 3.665253508550268452e+04 1.347208035185859014e-20
8.741621082001717898e-07 4.849710195297209370e-01 3.663502733571475983e+04 1.641201776861537644e-20
9.189813578979717484e-07 5.085093338680636288e-01 3.661752794895505940e+04 1.999352143131665209e-20
9.660985396665287929e-07 5.331900922260246478e-01 3.660003692102897185e+04 2.435659678528295560e-20
1.015631471002508262e-06 5.590687437031862661e-01 3.658255424794381543e+04 2.967180188825969146e-20
1.067704010034801725e-06 5.862034286535481309e-01 3.656507992584182648e+04 3.614691473774843033e-20
1.122446365234364056e-06 6.146551092965653051e-01 3.654761395066748082e+04 4.403505557156680402e-20
1.179995421003214005e-06 6.444877066836143253e-01 3.653015631836724788e+04 5.364458165385061452e-20
1.240495079956737545e-06 6.757682443137491557e-01 3.651270702508891554e+04 6.535114134578900728e-20
1.304096622755184042e-06 7.085669986985011493e-01 3.649526606678274402e+04 7.961235866755551142e-20
1.370959086384113674e-06 7.429576572578596716e-01 3.647783343946737295e+04 9.698572239274010103e-20
1.441249661829700436e-06 7.790174838652822453e-01 3.646040913909704977e+04 1.181503789792972846e-19
1.515144112143284134e-06 8.168274924439927753e-01 3.644299316182688926e+04 1.439336812533491494e-19
1.592827211940548929e-06 8.564726289605626430e-01 3.642558550361488597e+04 1.753435306607928368e-19
1.674493209434307728e-06 8.980419622766903087e-01 3.640818616042107897e+04 2.136077773927229940e-19
1.760346312156213177e-06 9.416288842662301484e-01 3.639079512840608368e+04 2.602222185835530511e-19
1.850601197581954108e-06 9.873313196187922802e-01 3.637341240359986114e+04 3.170090708836717364e-19
1.945483549936765273e-06 1.035251945837160736e+00 3.635603798183587060e+04 3.861882031780864000e-19
2.045230624523543909e-06 1.085498423950864932e+00 3.633867185934642475e+04 4.704639140410866702e-19
2.150091840984688092e-06 1.138183640357201210e+00 3.632131403210110147e+04 5.731306461290164345e-19
2.260329406981118614e-06 1.193425960451414802e+00 3.630396449607148679e+04 6.982017700562301716e-19
2.376218973848010330e-06 1.251349494566250220e+00 3.628662324742920464e+04 8.505664720669802949e-19
2.498050325866710336e-06 1.312084376774591554e+00 3.626929028208362433e+04 1.036180878406491881e-18
2.626128104876382668e-06 1.375767057291192863e+00 3.625196559621002962e+04 1.262300887748377966e-18
2.760772572037287162e-06 1.442540609002100460e+00 3.623464918585350824e+04 1.537765813307233359e-18
2.902320408650496801e-06 1.512555048891946807e+00 3.621734104686341743e+04 1.873343922602555463e-18
3.051125558036519890e-06 1.585967675125145693e+00 3.620004117545353074e+04 2.282153382517117113e-18
3.207560110577962700e-06 1.662943420402212880e+00 3.618274956770756398e+04 2.780175064767448927e-18
3.372015234139298021e-06 1.743655222500508639e+00 3.616546621954659349e+04 3.386877258092730658e-18
3.544902152190277809e-06 1.828284412841586715e+00 3.614819112712397327e+04 4.125976708004961619e-18
3.726653172078803499e-06 1.917021123843449582e+00 3.613092428643043968e+04 5.026365733889891689e-18
3.917722766024474580e-06 2.010064716107389682e+00 3.611366569355729735e+04 6.123241665859663600e-18
4.118588707535861475e-06 2.107624226303089543e+00 3.609641534459764080e+04 7.459482752277103824e-18
4.329753266093139866e-06 2.209918836789479091e+00 3.607917323554796167e+04 9.087324323921867697e-18
4.551744463083409039e-06 2.317178368072353223e+00 3.606193936257073801e+04 1.107040073833993330e-17
4.785117392129195949e-06 2.429643795083145541e+00 3.604471372160067403e+04 1.348623292605225347e-17
5.030455607111644826e-06 2.547567788619060636e+00 3.602749630877119489e+04 1.642925878065466389e-17
5.288372581359179674e-06 2.671215282979008343e+00 3.601028712018473016e+04 2.001452485377038801e-17
5.559513241650373021e-06 2.800864071167844305e+00 3.599308615184731752e+04 2.438218366814835272e-17
5.844555580866815540e-06 2.936805429029356151e+00 3.597589339986515552e+04 2.970297245479363724e-17
6.144212353328471540e-06 3.079344769628821865e+00 3.595870886034626164e+04 3.618488748423228972e-17
6.459232857050738118e-06 3.228802329392695292e+00 3.594153252930239250e+04 4.408131489994561919e-17
6.790404807379771878e-06 3.385513887613906370e+00 3.592436440291067265e+04 5.370093589932989918e-17
7.138556306691162195e-06 3.549831520761061121e+00 3.590720447712131136e+04 6.541979346575719362e-17
7.504557915077204533e-06 3.722124393549651078e+00 3.589005274808247486e+04 7.969599235896729952e-17
7.889324827200587103e-06 3.902779588286574786e+00 3.587290921191147936e+04 9.708760700103150254e-17
8.293819160757753291e-06 4.092202974493464041e+00 3.585577386462958384e+04 1.182744973011045500e-16
8.719052362274285227e-06 4.290820120804110793e+00 3.583864670239045518e+04 1.440848852285113099e-16
9.166087736248057605e-06 4.499077251011216916e+00 3.582152772121915768e+04 1.755277310409834922e-16
9.636043103964330830e-06 4.717442246637467917e+00 3.580441691727301077e+04 2.138321748016011062e-16
1.013009359863121538e-05 4.946405698048005561e+00 3.578731428661344398e+04 2.604955849950920021e-16
1.064947460382478790e-05 5.186482006658776456e+00 3.577021982530380774e+04 3.173420925301447056e-16
1.119548484259151579e-05 5.438210540647633984e+00 3.575313352950691478e+04 3.865938982938701965e-16
1.176948962493235138e-05 5.702156846661755374e+00 3.573605539525733911e+04 4.709581417522907181e-16
1.237292426178888029e-05 5.978913920471212506e+00 3.571898541868908069e+04 5.737327264129882858e-16
1.300729765406831334e-05 6.269103539198048303e+00 3.570192359593794390e+04 6.989352389856648423e-16
1.367419606568169201e-05 6.573377658209854424e+00 3.568486992307662877e+04 8.514600018551240921e-16
1.437528709002991615e-05 6.892419875869502555e+00 3.566782439621218509e+04 1.037269398251069440e-15
1.511232381985586521e-05 7.226946969319880232e+00 3.565078701142111095e+04 1.263626949242461154e-15
1.588714923088939049e-05 7.577710504871552288e+00 3.563375776484663947e+04 1.539381253842147385e-15
1.670170079024660794e-05 7.945498526488953495e+00 3.561673665263378643e+04 1.875311891777517156e-15
1.755801530110687162e-05 8.331137326206606630e+00 3.559972367083224526e+04 2.284550810696305304e-15
1.845823399578163895e-05 8.735493300621117285e+00 3.558271881562313501e+04 2.783095670403711986e-15
1.940460788991057802e-05 9.159474897281784322e+00 3.556572208309225971e+04 3.390435211313645101e-15
2.039950341117315543e-05 9.604034655697958556e+00 3.554873346932734421e+04 4.130311093627334355e-15
2.144540831659045798e-05 1.007017134741946229e+01 3.553175297051497910e+04 5.031645988469468991e-15
2.254493791321357228e-05 1.055893221980817032e+01 3.551478058271427290e+04 6.129674201126648089e-15
2.370084159775344190e-05 1.107141534898272717e+01 3.549781630211545416e+04 7.467319024058550714e-15
2.491600973150475266e-05 1.160877210666427573e+01 3.548086012478140037e+04 9.096870661856180759e-15
2.619348086775470484e-05 1.217220974704457959e+01 3.546391204687373101e+04 1.108203032064414347e-14
2.753644934974891994e-05 1.276299411901280756e+01 3.544697206455584092e+04 1.350040036766229409e-14
2.894827329821342076e-05 1.338245251003058556e+01 3.543004017392846436e+04 1.644651790454419937e-14
3.043248300840562692e-05 1.403197662815159141e+01 3.541311637112647441e+04 2.003555034059557289e-14
3.199278977769132648e-05 1.471302572863207381e+01 3.539620065222217818e+04 2.440779743037074964e-14
3.363309518572123809e-05 1.542712989258253664e+01 3.537929301348292211e+04 2.973417576641777700e-14
3.535750085041236633e-05 1.617589346421541308e+01 3.536239345098469494e+04 3.622290012158599316e-14
3.717031868412924126e-05 1.696099865544118757e+01 3.534550196085364587e+04 4.412762282447745385e-14
3.907608167571078754e-05 1.778420932520842968e+01 3.532861853924995376e+04 5.375734934539207597e-14
4.107955522530357004e-05 1.864737494223948033e+01 3.531174318231953657e+04 6.548851770550268252e-14
4.318574906034433776e-05 1.955243474015876970e+01 3.529487588621016039e+04 7.977971390867241466e-14
4.539992976248807967e-05 2.050142207427796137e+01 3.527801664707141754e+04 9.718959864035513577e-14
4.772763393680535859e-05 2.149646898983991505e+01 3.526116546105475572e+04 1.183987460106261118e-13
5.017468205617894183e-05 2.253981101198433734e+01 3.524432232431345619e+04 1.442362480450462481e-13
5.274719301551768723e-05 2.363379216819717854e+01 3.522748723300264101e+04 1.757121249260954516e-13
5.545159943218107865e-05 2.478087025454934178e+01 3.521066018329525832e+04 2.140568079421297878e-13
5.829466373087315435e-05 2.598362235739898196e+01 3.519384117130208324e+04 2.607692385802195469e-13
6.128349505322671351e-05 2.724475064343604203e+01 3.517703019323175977e+04 3.176754640205288358e-13
6.442556703436033705e-05 2.856708843031344713e+01 3.516022724524672958e+04 3.870000195966576540e-13
6.772873649085907528e-05 2.995360655213842449e+01 3.514343232347929734e+04 4.714528886561987959e-13
7.120126306690828879e-05 3.140742003403629923e+01 3.512664542411158618e+04 5.743354391917828134e-13
7.485182988770643921e-05 3.293179509039995168e+01 3.510986654329558223e+04 6.996694784319459934e-13
7.868956527180084881e-05 3.453015646311554576e+01 3.509309567724896624e+04 8.523544703057317035e-13
8.272406555663884206e-05 3.620609511546912529e+01 3.507633282209546451e+04 1.038359061592495520e-12
8.696541909440986997e-05 3.796337630009442421e+01 3.505957797402447613e+04 1.264954403775822913e-12
9.142423147818073699e-05 3.980594801803999871e+01 3.504283112921128486e+04 1.540998391421383864e-12
9.611165206140254191e-05 4.173794988858658428e+01 3.502609228383297159e+04 1.877281928324846974e-12
1.010394018371016720e-04 4.376372244953612523e+01 3.500936143406847987e+04 2.286950757401129962e-12
1.062198027464676133e-04 4.588781690889364739e+01 3.499263857609854313e+04 2.786019344172043565e-12
1.116658084901241013e-04 4.811500536985204945e+01 3.497592370610574289e+04 3.393996902198882858e-12
1.173910369191279803e-04 5.045029155207532767e+01 3.495921682028242503e+04 4.134650032576898853e-12
1.234098040866900780e-04 5.289892203322997943e+01 3.494251791479891108e+04 5.036931790009812439e-12
1.297371600457651012e-04 5.546639803635851251e+01 3.492582698585119215e+04 6.136113493842502855e-12
1.363889264820232711e-04 5.815848778913036909e+01 3.490914402962913300e+04 7.475163527922786394e-12
1.433817362763056455e-04 6.098123948306935915e+01 3.489246904232441011e+04 9.106427028323355935e-12
1.507330750954898936e-04 6.394099486174155089e+01 3.487580202013053349e+04 1.109367212000267551e-11
1.584613251157653230e-04 6.704440346848350885e+01 3.485914295925074111e+04 1.351458269235588128e-11
1.665858109876483387e-04 7.029843758549756672e+01 3.484249185586631938e+04 1.646379515932530042e-11
1.751268481576742783e-04 7.371040789832977680e+01 3.482584870618415880e+04 2.005659791489819207e-11
1.841057936675958640e-04 7.728797992032500019e+01 3.480921350640501623e+04 2.443343810020919011e-11
1.935450995581117185e-04 8.103919121440506501e+01 3.479258625273147481e+04 2.976541185747665003e-11
2.034683690106629794e-04 8.497246945068415869e+01 3.477596694136795122e+04 3.626095269161592030e-11
2.139004153676812446e-04 8.909665134055893532e+01 3.475935556852853915e+04 4.417397939595223450e-11
2.248673241788693637e-04 9.342100248955189556e+01 3.474275213040150993e+04 5.381382205448417899e-11
2.363965184286629729e-04 9.795523821425450706e+01 3.472615662321646232e+04 6.555731414087555792e-11
2.485168271079757005e-04 1.027095453689040880e+02 3.470956904317317822e+04 7.986352340878429067e-11
2.612585573016925852e-04 1.076946052319622993e+02 3.469298938648907642e+04 9.729169742310392842e-11
2.746535699721688829e-04 1.129216175031346552e+02 3.467641764937940752e+04 1.185231252447810018e-10
2.887353596282311993e-04 1.184023254652294384e+02 3.465985382806124835e+04 1.443877698700122604e-10
3.035391380788964293e-04 1.241490423672702974e+02 3.464329791875741648e+04 1.758967125190485933e-10
3.191019224812350285e-04 1.301746790879792854e+02 3.462674991768071777e+04 2.142816770620924041e-10
3.354626279025451924e-04 1.364927731422095576e+02 3.461020982105758594e+04 2.610431796419750970e-10
3.526621646282911485e-04 1.431175190949419118e+02 3.459367762511328328e+04 3.180091857217014977e-10
3.707435404591257876e-04 1.500638004515525665e+02 3.457715332607342862e+04 3.874065675344720499e-10
3.897519682527942697e-04 1.573472230958971920e+02 3.456063692016518326e+04 4.719481552969425991e-10
4.097349789798286580e-04 1.649817297185877862e+02 3.454387498850384145e+04 5.749303496756498743e-10
4.307425405757319271e-04 1.729881437386136440e+02 3.452726890535917482e+04 7.003899297946444475e-10
4.528271828868440083e-04 1.813866952970163595e+02 3.451101266146571288e+04 8.532438278811048375e-10
4.760441290223192071e-04 1.901939848468886680e+02 3.449485379553480743e+04 1.039462142694555803e-09
5.004514334406633081e-04 1.994288342955196356e+02 3.447869550325188902e+04 1.266321621725794688e-09
5.261101271161193775e-04 2.091110285942471023e+02 3.446245806656236527e+04 1.542684734833034619e-09
5.530843701478924991e-04 2.192597989628087305e+02 3.444595407416619855e+04 1.879331649490230169e-09
5.814416121938181326e-04 2.298953034444623427e+02 3.442902253066197591e+04 2.289384233088115689e-09
6.112527611296385451e-04 2.410392858708563892e+02 3.441157022308908927e+04 2.788820695823767031e-09
6.425923603556274889e-04 2.527143335198638567e+02 3.439350548794515635e+04 3.397088084613095731e-09
6.755387751939181127e-04 2.649427652063686764e+02 3.437466452329790627e+04 4.137835011589472788e-09
7.101743888426273075e-04 2.777487107666901807e+02 3.435495569524962048e+04 5.039846732954865580e-09
7.465858083767621441e-04 2.911557633797098674e+02 3.433420481223432580e+04 6.138112460253930605e-09
7.848640813110194670e-04 3.051897451385558497e+02 3.431232896583789989e+04 7.475212769885239869e-09
8.251049232659968648e-04 3.198772357504738011e+02 3.428923743118590937e+04 9.102928442243315679e-09
8.674089573071004124e-04 3.352423270851267034e+02 3.426466687058560638e+04 1.108410964838722237e-08
9.118819655546198935e-04 3.513148838717647209e+02 3.423862348955479683e+04 1.349530451235408690e-08
9.586351536941296880e-04 3.681202125475025468e+02 3.421084366844484612e+04 1.642933463126378941e-08
1.007785429048626679e-03 3.856897451082535895e+02 3.418132779356582614e+04 1.999919778116193048e-08
1.059455692907732439e-03 4.040520261772502977e+02 3.414990175453279517e+04 2.434198243900906167e-08
1.113775147844932919e-03 4.232340108430817622e+02 3.411630788490641862e+04 2.962397879745691688e-08
1.170879620791311689e-03 4.432670531191991472e+02 3.408045640470170474e+04 3.604727609589412900e-08
1.230911902673626282e-03 4.641809444857843232e+02 3.404217192835747846e+04 4.385695554058867826e-08
1.294022105466001958e-03 4.860060152527806281e+02 3.400128730827801337e+04 5.335031518352775606e-08
1.360368037548055848e-03 5.087724244972665133e+02 3.395762053100610501e+04 6.488780477444791019e-08
1.430115598308045934e-03 5.325082239414797414e+02 3.391091897580435761e+04 7.890599649547088091e-08
1.503439192977754080e-03 5.572491572481894764e+02 3.386117627352715499e+04 9.593504468674258223e-08
1.580522168736409397e-03 5.830203456039023422e+02 3.380804958017855824e+04 1.166153566053892936e-07
1.661557273174137529e-03 6.098486572668501822e+02 3.375127847141942766e+04 1.417223282284875102e-07
1.746747136261333697e-03 6.377664657012535372e+02 3.369077203550692502e+04 1.721956034128627890e-07
1.836304777029133936e-03 6.667998084845928588e+02 3.362627708064932813e+04 2.091702990888698620e-07
1.930454136227949345e-03 6.969693333599615244e+02 3.355743979642886552e+04 2.540167720246823656e-07
2.029430636295988157e-03 7.283088397072042426e+02 3.348426007016294898e+04 3.083958155345471883e-07
2.133481770037976965e-03 7.608287996818249894e+02 3.340621858917688223e+04 3.743036063094471435e-07
2.242867719486086112e-03 7.945563867756992522e+02 3.332323371608289017e+04 4.541569483647804346e-07
2.357862006490532136e-03 8.295084603581086640e+02 3.323503331587851426e+04 5.508663350529020268e-07
2.478752176666675511e-03 8.657007165141792484e+02 3.314137538531369501e+04 6.679398606920846337e-07
2.605840518408833982e-03 9.031345411522326003e+02 3.304180749380068301e+04 8.095920028086502266e-07
2.739444818768723561e-03 9.418273202652600276e+02 3.293624945730476611e+04 9.809101161426872105e-07
2.879899158088616417e-03 9.817783936966754936e+02 3.282435245291371393e+04 1.187997623194154408e-06
3.027554745376210416e-03 1.022982625542410119e+03 3.270577855309133520e+04 1.438184260421807716e-06
3.182780796510085389e-03 1.065433542632300259e+03 3.258025481197834961e+04 1.740270712981018254e-06
3.345965457471714814e-03 1.109114572469366294e+03 3.244743944161281615e+04 2.104800943982776628e-06
3.517516774912597243e-03 1.154014358731500579e+03 3.230715847371601558e+04 2.544427045713799219e-06
3.697863716483424691e-03 1.200096988686047325e+03 3.215897955883078248e+04 3.074250900910832023e-06
3.887457243476651579e-03 1.247330149877361009e+03 3.200263420892337308e+04 3.712346927612001305e-06
4.086771438464619106e-03 1.295668797729943890e+03 3.183779254437598138e+04 4.480281559929953057e-06
4.296304690752923532e-03 1.345055329203924430e+03 3.166408583096029906e+04 5.403754738283833719e-06
4.516580942613284376e-03 1.395440589435416314e+03 3.148136001165948619e+04 6.513448795372067955e-06
4.748150999412126434e-03 1.446732130893566364e+03 3.128908078743772421e+04 7.845704580836430848e-06
4.991593906910903912e-03 1.498857673459472835e+03 3.108707563683603439e+04 9.443835037602657214e-06
5.247518399182111472e-03 1.551709774184883145e+03 3.087492069949181314e+04 1.135906709262452233e-05
5.516564420761540903e-03 1.605191103113417967e+03 3.065242975245373236e+04 1.365221393531536113e-05
5.799404726842954938e-03 1.659176501188894008e+03 3.041926798048102137e+04 1.639506344956937790e-05
6.096746565516493986e-03 1.713503312732358836e+03 3.017490210622531231e+04 1.967205066369138932e-05
6.409333446257287764e-03 1.768033023619478854e+03 2.991916802996198021e+04 2.358300975787333323e-05
6.737946999086424568e-03 1.822590072029197472e+03 2.965171092760148531e+04 2.824502936997258431e-05
7.083408929053131541e-03 1.877004717333287772e+03 2.937236188822150507e+04 3.379578719499786409e-05
7.446583070925409317e-03 1.931033874594586905e+03 2.908051312673897701e+04 4.039533994809624561e-05
7.828377549226901017e-03 1.984481996239306682e+03 2.877607997053491272e+04 4.823171564961307620e-05
8.229747049021221908e-03 2.037112474415119777e+03 2.845879354959059128e+04 5.752342384831723396e-05
8.651695203121895217e-03 2.088620852439911232e+03 2.812805591640685452e+04 6.852254763311818001e-05
9.095277101697147801e-03 2.138766593855394603e+03 2.778385724465563180e+04 8.152324461255954944e-05
9.561601930544914862e-03 2.187215022541054623e+03 2.742568690805192091e+04 9.686206343697805073e-05
1.005183574463506743e-02 2.233645377309800097e+03 2.705327309216395224e+04 1.149266195515232745e-04
1.056720438385422289e-02 2.277734482354957890e+03 2.666644878461548433e+04 1.361612963506655645e-04
1.110899653824396448e-02 2.319091116313108159e+03 2.626476216898666462e+04 1.610692236921150281e-04
1.167856697039719623e-02 2.357347504863696940e+03 2.584802121079256176e+04 1.902227840729975371e-04
1.227733990307029038e-02 2.392105235161224300e+03 2.541596296546977101e+04 2.242659701965714055e-04
1.290681258048182248e-02 2.422945292675293331e+03 2.496831089360609622e+04 2.639191346089121161e-04
1.356855901220299469e-02 2.449442385206441486e+03 2.450484186930925352e+04 3.099835667113430039e-04
1.426423390900143431e-02 2.471184137729300346e+03 2.402546349411621122e+04 3.633462834476202069e-04
1.499557682048000690e-02 2.487741629597962401e+03 2.353004667522955788e+04 4.249766420569262124e-04
1.576441648485692182e-02 2.498645376865701110e+03 2.301830785151801683e+04 4.959165271149202888e-04
1.657267540176381518e-02 2.503556270000256518e+03 2.249058190294581436e+04 5.773052255639798914e-04
1.742237463949622076e-02 2.502052816724598415e+03 2.194679874355860011e+04 6.703301862648141339e-04
1.831563888873704443e-02 2.493799630232702384e+03 2.138723559630363161e+04 7.762435996480804594e-04
1.925470177538994923e-02 2.478502853497691831e+03 2.081227318876301069e+04 8.963344150877353839e-04
2.024191144580758314e-02 2.455962507996232489e+03 2.022258192944714392e+04 1.031921244213306575e-03
2.127973643838054069e-02 2.426000688836959853e+03 1.961878591367524496e+04 1.184295046583115109e-03
2.237077185616915750e-02 2.388582172098385399e+03 1.900192905445657743e+04 1.354731882671590627e-03
2.351774585601286785e-02 2.343833459374033282e+03 1.837350046960948748e+04 1.544486395740983032e-03
2.472352647034336062e-02 2.291939660258983167e+03 1.773499419821995980e+04 1.754707327357313230e-03
2.599112877875953478e-02 2.233269107636093395e+03 1.708838109992757381e+04 1.986491634814286592e-03
2.732372244729698585e-02 2.168383898174537990e+03 1.643612401479662003e+04 2.240918325089148039e-03
2.872463965424410307e-02 2.097987087848869123e+03 1.578096872073491249e+04 2.519050289278615493e-03
3.019738342232343442e-02 2.022981358723997573e+03 1.512617514887220204e+04 2.822084931482403240e-03
3.174563637807315680e-02 1.944442993023793861e+03 1.447543831064917140e+04 3.151501994531588288e-03
3.337326996033158216e-02 1.863578696738072722e+03 1.383276232190187693e+04 3.509249775152704920e-03
3.508435410085083278e-02 1.781744594324063655e+03 1.320257678724105062e+04 3.898128628724164147e-03
3.688316740124613496e-02 1.700339233429010392e+03 1.258939024347453233e+04 4.322056738949308329e-03
3.877420783172848273e-02 1.619983004337779221e+03 1.199480157655158109e+04 4.784202114383497018e-03
4.076220397837305304e-02 1.542356440366948391e+03 1.142434067862763732e+04 5.292099291898013334e-03
4.285212686704739649e-02 1.469321764895115621e+03 1.088424118102706416e+04 5.857392364747646477e-03
4.504920239356542677e-02 1.402032955682104330e+03 1.037814520245593121e+04 6.493663791946183324e-03
4.735892439114896407e-02 1.341092960447749647e+03 9.907657933634372966e+03 7.216633207090551380e-03
4.978706836787243073e-02 1.286462545329442719e+03 9.471986418695298198e+03 8.042981472819494757e-03
5.233970594844135349e-02 1.237541921885909460e+03 9.068247903365239836e+03 8.989261487279499863e-03
5.502322005641668845e-02 1.193303010549013834e+03 8.692000114686021334e+03 1.007068478572724704e-02
5.784432087484844831e-02 1.152768097620019944e+03 8.339043909955416893e+03 1.130301718054428292e-02
6.081006262522850592e-02 1.116599829295777909e+03 8.011152436599233624e+03 1.272020668653736988e-02
6.392786120671870020e-02 1.079032328016766996e+03 7.687132663751365726e+03 1.428154654651366158e-02
6.720551273976151097e-02 1.039024316124031202e+03 7.363103997115440507e+03 1.597756771915940371e-02
7.065121306044198912e-02 9.943237017871075523e+02 7.030932129583769893e+03 1.776466080924693838e-02
7.427357821434696361e-02 9.432755466950693517e+02 6.684504633089458366e+03 1.957996342056000580e-02
7.808166600116696332e-02 8.854660617031079255e+02 6.321742930974420233e+03 2.135449927840742113e-02
8.208499862391337165e-02 8.220797877175396025e+02 5.945779340517353376e+03 2.303433162686222349e-02
8.629358649938589920e-02 7.557115413608840981e+02 5.564559118636301719e+03 2.460151609813698501e-02
9.071795328942874881e-02 6.898224920332282863e+02 5.189462040641820749e+03 2.609079664806399426e-02
9.536916221556676621e-02 6.281771547322571223e+02 4.833877765577988612e+03 2.760427209881576374e-02
1.002588437228218304e-01 5.743033926723041986e+02 4.511554592564463746e+03 2.932106331053676782e-02
1.053992245618834284e-01 5.306229649058712994e+02 4.233011788140555836e+03 3.147520359903368398e-02
1.108031583623540345e-01 4.973879799265361044e+02 4.000414849423568285e+03 3.427851222072583054e-02
1.164841577735182265e-01 4.724618108870474771e+02 3.805762424198198005e+03 3.783010623537377132e-02
1.224564282530043596e-01 4.519290423753832897e+02 3.633242412861045068e+03 4.204218455305432089e-02
1.287349035878279091e-01 4.307809998538750733e+02 3.462489383781475681e+03 4.656029627519442382e-02
1.353352832366376823e-01 4.041945052487596399e+02 3.273831432247019166e+03 5.075674611496663879e-02
1.422740715865399574e-01 3.706555612714082599e+02 3.060182326495726102e+03 5.407768110386609872e-02
1.495686192226629019e-01 3.334495317482020482e+02 2.833205193184785458e+03 5.652256005909066239e-02
1.572371663136570008e-01 2.978106002990064098e+02 2.613569059468348314e+03 5.865108307629897377e-02
1.652988882216175348e-01 2.683856212393319538e+02 2.421834476724382512e+03 6.141002885727190469e-02
1.737739434504778357e-01 2.476788563662310025e+02 2.270963911470714720e+03 6.584353855800340050e-02
1.826835240527691917e-01 2.333733438050159350e+02 2.151752525035412873e+03 7.208080863757283796e-02
1.920499086207905493e-01 2.200802326497632464e+02 2.039661723574728285e+03 7.897572292198572208e-02
2.018965179946938526e-01 2.034857983703392108e+02 1.914412894746246820e+03 8.483808370636933271e-02
2.122479738267836202e-01 1.831103328334419018e+02 1.772661920751376556e+03 8.869798832719466564e-02
2.231301601484726449e-01 1.629751144670281917e+02 1.632416845637606002e+03 9.172049399644978396e-02
2.345702880938428103e-01 1.473000775356180441e+02 1.514861189070464889e+03 9.631462501342155647e-02
2.465969639416541459e-01 1.364539780665020032e+02 1.423198190360896206e+03 1.036620125489197269e-01
2.592402606459418002e-01 1.267678091304534291e+02 1.338991146608966801e+03 1.118887937725283471e-01
2.725317930340656614e-01 1.152780057598650103e+02 1.246371103237619764e+03 1.182138153371134065e-01
2.865047968602461026e-01 1.029920680300944156e+02 1.149944721993111216e+03 1.227071107759211133e-01
3.011942119122611450e-01 9.289441117863090369e+01 1.066033368406058798e+03 1.285877835017844861e-01
3.166367693791155569e-01 8.522144439984722908e+01 9.966699907838933541e+02 1.370576203254039171e-01
3.328710836981453314e-01 7.779479775213732751e+01 9.295080293246269321e+02 1.453613757873967738e-01
3.499377491112247163e-01 6.986174896598249973e+01 8.598021474099335819e+02 1.516638564315173077e-01
3.678794411715154977e-01 6.290653200235531983e+01 7.963933063820643383e+02 1.586655190172904517e-01
3.867410234545784475e-01 5.722050384660926170e+01 7.414066876325434805e+02 1.676805396961933148e-01
4.065696597406806001e-01 5.171136028119784811e+01 6.879780342470697860e+02 1.760601712560199150e-01
4.274149319488126375e-01 4.644648028755423042e+01 6.364421387548817393e+02 1.837266425969338868e-01
4.493289641173122684e-01 4.195628982478295654e+01 5.904484561818969723e+02 1.928237741780161052e-01
4.723665527411103904e-01 3.783360043869743805e+01 5.472971925975069780e+02 2.020158046144386321e-01
4.965853037915104462e-01 3.398584825610296178e+01 5.063308298362501318e+02 2.108385209509198999e-01
5.220457767611225153e-01 3.060089794369473637e+01 4.689789294975307712e+02 2.205617453205592493e-01
5.488116360941387439e-01 2.749446753139186583e+01 4.339201653288685634e+02 2.302425067150989935e-01
5.769498103806052214e-01 2.468498972263574487e+01 4.013327333125766359e+02 2.401692017167429971e-01
6.065306597127584354e-01 2.216004029122419183e+01 3.711712344400935990e+02 2.504950116609441224e-01
6.376281516219051149e-01 1.986693547993630560e+01 3.430484094179320778e+02 2.609177289562145674e-01
6.703200460357783275e-01 1.780689489393915537e+01 3.170187855051632368e+02 2.717096580687053398e-01
7.046880897188601001e-01 1.594595790701041338e+01 2.928310588075624992e+02 2.826907944146188623e-01
7.408182206818726412e-01 1.427242010688366669e+01 2.704217209820866969e+02 2.939698872780420746e-01
7.788007830715680813e-01 1.276581527688400719e+01 2.496421825571947863e+02 3.054906716731470295e-01
8.187307530781540166e-01 1.141121511139109401e+01 2.303883794647206571e+02 3.172674091383105299e-01
8.607079764252394405e-01 1.019412031984762201e+01 2.125545628744029898e+02 3.292967900638991141e-01
9.048374180361511421e-01 9.101590566807066907e+00 1.960447123308777009e+02 3.415853288068761984e-01
9.512294245009160765e-01 8.121593363234234531e+00 1.807665365560364990e+02 3.541337577952676230e-01
1.000000000000213163e+00 7.243053701896172036e+00 1.666323042833416253e+02 3.669373871308028168e-01
1.051271096376248826e+00 6.456050324190313106e+00 1.535616365370392771e+02 3.799980239632625434e-01
1.105170918075884856e+00 5.751338757355952680e+00 1.414766225797402228e+02 3.933032653324108341e-01
1.161834242728533306e+00 5.121034009833602241e+00 1.303106677287439084e+02 4.068744659639215722e-01
1.221402758160433644e+00 4.557428812372370075e+00 1.199946871710929912e+02 4.206945072466071189e-01
1.284025416688019838e+00 4.053941462226079651e+00 1.104693347262122813e+02 4.347790344027233633e-01
1.349858807576296504e+00 3.604165403745986040e+00 1.016731525052523750e+02 4.490968472457314564e-01
1.419067548593566874e+00 3.202842435608370231e+00 9.355621660941308448e+01 4.636764501975466635e-01
1.491824697641596753e+00 2.844914734456814642e+00 8.606774449568449370e+01 4.785120644033250548e-01
1.568312185490513100e+00 2.525831207501815445e+00 7.916056548421263983e+01 4.935965713569876456e-01
1.648721270700491237e+00 2.241513227886527737e+00 7.279110454503755534e+01 5.089244171395097549e-01
1.733253017867778301e+00 1.988384454707459392e+00 6.692043678398522388e+01 5.245133099358998408e-01
1.822118800390913007e+00 1.763070534434421299e+00 6.150980665144345494e+01 5.403436021737716421e-01
1.915540829014322100e+00 1.562620394310721972e+00 5.652456036673551409e+01 5.564139205752954842e-01
2.013752707470925607e+00 1.384423173319214051e+00 5.193328687597347937e+01 5.727400210174848905e-01
2.117000016613148627e+00 1.226054629828501774e+00 4.770536485899398116e+01 5.893084452037933296e-01
2.225540928492967474e+00 1.085390073554198143e+00 4.381332010059739446e+01 6.061259264491375420e-01
2.339646851926517890e+00 9.604839804975525697e-01 4.023085251815552965e+01 6.231768528872361212e-01
2.459603111157505406e+00 8.496485230431675140e-01 3.693471540981393275e+01 6.404786640652949670e-01
2.585709659316432152e+00 7.513228589153799764e-01 3.390231351435457441e+01 6.580155165761187863e-01
2.718281828459663263e+00 6.641445542237102151e-01 3.111345738445933407e+01 6.757970950046929826e-01
2.857651118063815776e+00 5.868748579313772806e-01 2.854898343242415493e+01 6.938145152056927056e-01
3.004166023947120401e+00 5.184230501241936517e-01 2.619153662408958283e+01 7.120760060363524602e-01
3.158192909690492378e+00 4.577976753599265480e-01 2.402462124708379321e+01 7.305665853379463837e-01
3.320116922737311960e+00 4.041296354235098254e-01 2.203337563497592555e+01 7.492919949884436770e-01
3.490342957462647444e+00 3.566435922325468799e-01 2.020406851913660518e+01 7.682613615421991504e-01
3.669296667620093988e+00 3.146317124172778312e-01 1.852353190962533347e+01 7.874468179279582314e-01
3.857425530697870641e+00 2.774887516580709090e-01 1.698033184289869979e+01 8.068787793633224181e-01
4.055199966845619564e+00 2.446547185421417414e-01 1.556328285948677959e+01 8.265339160724747281e-01
4.263114515169814212e+00 2.156415191035093992e-01 1.426236461186391580e+01 8.464155585190324960e-01
4.481689070339116121e+00 1.900151709581865134e-01 1.306833963228227447e+01 8.665302021304055469e-01
4.711470182591849465e+00 1.673865293170054280e-01 1.197257200419859835e+01 8.868702859307271424e-01
4.953032424396282885e+00 1.474113119364528768e-01 1.096714390053193355e+01 9.074330303663685759e-01
5.206979827181080545e+00 1.297842099142502703e-01 1.004476997663067017e+01 9.282176066860562402e-01
5.473947391728498424e+00 1.142351333607099922e-01 9.198771787001398081e+00 9.492307742561354456e-01
5.754602676007100293e+00 1.005223176675320573e-01 8.422910297351956288e+00 9.704625533224976452e-01
6.049647464414390718e+00 8.843248098703893056e-02 7.711480496422677078e+00 9.919100044799228355e-01
6.359819522603354258e+00 7.777745749451343837e-02 7.059267868911630828e+00 1.013580801083576732e+00
6.685894442280875261e+00 6.838883380428276149e-02 6.461395436880436272e+00 1.035461614449965539e+00
7.028687580590986528e+00 6.011949786339565449e-02 5.913469004775124382e+00 1.057568051714399937e+00
7.389056098932435646e+00 5.283682476370612363e-02 5.411328995852808355e+00 1.079875930187826683e+00
7.767901106308653603e+00 4.642578003179065327e-02 4.951264405872926488e+00 1.102403369554012302e+00
8.166169912569634093e+00 4.078329472721725635e-02 4.529795532929102642e+00 1.125143207786233557e+00
8.584858397179985445e+00 3.581837916869715782e-02 4.143728962806982885e+00 1.148089107926582919e+00
9.025013499436326470e+00 3.145077892067817127e-02 3.790137885577674393e+00 1.171238245373265707e+00
9.487735836360851494e+00 2.760990671032149957e-02 3.466352361804621918e+00 1.194601211974327448e+00
9.974182454817173138e+00 2.423307066457819001e-02 3.169898768923891552e+00 1.218177665727639969e+00
1.048556972473016025e+01 2.126436118796159666e-02 2.898466397929394311e+00 1.241934514749019725e+00
1.102317638064432792e+01 1.865553283443073529e-02 2.650006013826936346e+00 1.265896462976126235e+00
1.158834671922626214e+01 1.636361321258738774e-02 2.422610327581976808e+00 1.290071872663250296e+00
1.218249396070650370e+01 1.435037543903979786e-02 2.214504280644153056e+00 1.314444146024133175e+00
1.280710378266622662e+01 1.258227676195313761e-02 2.024069590995435153e+00 1.339005248374661505e+00
1.346373803500505772e+01 1.102998969937524394e-02 1.849840602654179378e+00 1.363773743075355371e+00
1.415403864537935341e+01 9.667277230666744547e-03 1.690440042996893988e+00 1.388722791744631868e+00
1.487973172487657614e+01 8.471368686063816822e-03 1.544633350921941872e+00 1.413868912878468720e+00
1.564263188419211659e+01 7.421910610192494068e-03 1.411261216387785566e+00 1.439181123251380257e+00
1.644464677110120832e+01 6.501415765277529686e-03 1.289301381013657988e+00 1.464710675717056265e+00
1.728778184057202338e+01 5.694029805468877985e-03 1.177772139608970647e+00 1.490417067914777016e+00
1.817414536944768244e+01 4.985985270758459126e-03 1.075790823020353448e+00 1.516293393362287301e+00
1.910595372823652127e+01 4.365271235616966471e-03 9.825595641448069406e-01 1.542366761623702232e+00
2.008553692319280515e+01 3.821164282407151207e-03 8.973297286773517234e-01 1.568614790578875873e+00
2.111534442254602695e+01 3.344276622444233935e-03 8.194193755454223238e-01 1.595023042089986909e+00
2.219795128144734164e+01 2.926445405130654459e-03 7.482147689686298175e-01 1.621621027153706596e+00
2.333606458094873304e+01 2.560381935497984662e-03 6.831394588112019717e-01 1.648382014726307299e+00
2.453253019711569394e+01 2.239742592760171104e-03 6.236730524160427613e-01 1.675310823076112676e+00
2.579033991719975205e+01 1.958937865541109710e-03 5.693367087885604638e-01 1.702401991157486583e+00
2.711263892066493852e+01 1.713066632129430248e-03 5.196930569444206949e-01 1.729656588868411005e+00
2.850273364377471097e+01 1.497818812799363124e-03 4.743406651776403415e-01 1.757070078634777710e+00
2.996410004740484823e+01 1.309393411291429575e-03 4.329091092073679703e-01 1.784613301449652356e+00
3.150039230875619012e+01 1.144507200044717673e-03 3.950679911690255230e-01 1.812327480685487879e+00
3.311545195870102276e+01 1.000223611275918726e-03 3.605056383907827566e-01 1.840176249929261543e+00
3.481331748761120082e+01 8.739947334837911818e-04 3.289416368326969486e-01 1.868165325028303014e+00
3.659823444368765877e+01 7.635754048534182121e-04 3.001175122265029582e-01 1.896280567732268718e+00
3.847466604904231957e+01 6.670052558817266431e-04 2.737984159279208685e-01 1.924527370055148623e+00
4.044730436007814234e+01 5.825532136727369246e-04 2.497669872048890460e-01 1.952875740608061239e+00
4.252108200007410943e+01 5.087248797967247344e-04 2.278293409442377071e-01 1.981372624052791354e+00
4.470118449331276622e+01 4.441739113816459508e-04 2.078000363238223236e-01 2.009927532261124306e+00
4.699306323159186860e+01 3.877600829459750811e-04 1.895184852332184866e-01 2.038612226485750245e+00
4.940244910554343960e+01 3.384565927825615352e-04 1.728313199226126917e-01 2.067372215840426186e+00
5.193536683484541783e+01 2.953730062598461359e-04 1.576003908223184702e-01 2.096190134566625840e+00
5.459815003315897997e+01 2.577349533036152698e-04 1.437008971807891000e-01 2.125090168848136507e+00
5.739745704546173499e+01 2.248553817639738553e-04 1.310163190528330079e-01 2.154028775222902148e+00
6.034028759737834946e+01 1.961385969032654472e-04 1.194417652658743279e-01 2.183008619813967321e+00
6.343400029814058882e+01 1.710603932249812008e-04 1.088805598139671316e-01 2.212004594378352618e+00
6.668633104094334385e+01 1.491627287144140261e-04 9.924455821094324559e-02 2.240995840657270310e+00
7.010541234670704114e+01 1.300457285469037874e-04 9.045352996451011540e-02 2.269974587357905804e+00
7.369979369961600923e+01 1.133581309205627968e-04 8.243369045270808326e-02 2.298908849320184800e+00
7.747846292528217305e+01 9.879385767209012867e-05 7.511805038344829266e-02 2.327786749647185349e+00
8.145086866499057976e+01 8.608415253831265372e-05 6.844502253556906946e-02 2.356571539949673166e+00
8.562694400222423496e+01 7.499495242995252620e-05 6.235872321858793033e-02 2.385248472165634848e+00
9.001713130054676526e+01 6.532046314786555015e-05 5.680764113518628478e-02 2.413765191078344419e+00
9.463240831495036787e+01 5.688186639457796091e-05 5.174518908828664582e-02 2.442101862560181580e+00
9.948431564196151555e+01 4.952265271314451069e-05 4.712875207263558103e-02 2.470233511499821510e+00
1.045849855771433994e+02 4.310451660974903799e-05 4.291867548168255830e-02 2.498049619324283821e+00
1.099471724521542768e+02 3.750986312304969961e-05 3.908036324151702157e-02 2.525619564697785702e+00
1.155842845272200918e+02 3.263210210826845026e-05 3.558027566620911714e-02 2.552769940676851590e+00
1.215104175187690743e+02 2.838144331407494131e-05 3.238955285423032043e-02 2.579557872368117177e+00
1.277403898460648861e+02 2.467731563602805755e-05 2.948068719562188522e-02 2.605870843125679404e+00
1.342897796849734675e+02 2.144995462628011547e-05 2.682889368861605603e-02 2.631634194166688534e+00
1.411749639215168770e+02 1.863833559770327640e-05 2.441147774538380069e-02 2.656748490459347689e+00
1.484131591026187778e+02 1.618970189796820077e-05 2.220807234309350037e-02 2.681182274833950441e+00
1.560224644864394463e+02 1.405749515857506601e-05 2.019976605364420807e-02 2.704827681467581346e+00
1.640219072999485945e+02 1.220143922377985673e-05 1.836956320683866967e-02 2.727639010570063860e+00
1.724314903169036768e+02 1.058589813827698270e-05 1.670160028011187861e-02 2.749461957896307762e+00
1.812722418752032070e+02 9.180157549666048965e-06 1.518169381601117314e-02 2.770220324414478075e+00
1.905662684586848457e+02 7.957345667722137713e-06 1.379685830455749593e-02 2.789822504066872266e+00
2.003368099748494728e+02 6.893765777237289308e-06 1.253502731578635086e-02 2.808077210560980586e+00
2.106082978667353416e+02 5.969134971395115527e-06 1.138554052056143205e-02 2.824932613739080001e+00
2.214064162042512862e+02 5.165540252728959769e-06 1.033848161331495617e-02 2.840250310147824031e+00
2.327581659077297047e+02 4.467362627611273028e-06 9.384808581354261298e-03 2.853883527857714153e+00
2.446919322642916654e+02 3.860966552049239477e-06 8.516257140441050449e-03 2.865663879722140539e+00
2.572375559058498879e+02 3.334596056377751603e-06 7.725441236909342396e-03 2.875521471761970815e+00
2.704264074262317763e+02 2.877845221518248883e-06 7.005454626844742280e-03 2.883267838138820149e+00
2.842914658240042627e+02 2.481735622552551925e-06 6.350110701416369387e-03 2.888798445819702021e+00
2.988674009671481713e+02 2.138396909387657170e-06 5.753718749003091867e-03 2.891972890608438540e+00
3.141906602857868620e+02 1.840991601817064452e-06 5.211122766164756094e-03 2.892689899385011643e+00
3.302995599097462787e+02 1.583540208396063412e-06 4.717597443678382685e-03 2.890835233657941039e+00
3.472343804788374655e+02 1.360840731781611305e-06 4.268850176149165815e-03 2.886328224135584986e+00
3.650374678654371792e+02 1.168369010077620757e-06 3.860985834254652711e-03 2.879138903420893403e+00
3.837533390612260860e+02 1.002155082310963393e-06 3.490411180972528751e-03 2.869205761243950104e+00
4.034287934928555046e+02 8.587584795224287293e-07 3.153882973912556283e-03 2.856550930029698510e+00
4.241130300448911044e+02 7.351759499592308969e-07 2.848437089146856234e-03 2.841230034251050807e+00
4.458577700826506316e+02 6.287810015345889903e-07 2.571352534178587054e-03 2.823310796486683483e+00
4.687173867825576963e+02 5.372935075272358484e-07 2.320163789313342637e-03 2.802948012567203051e+00
4.927490410934046849e+02 4.587186813886198285e-07 2.092603718099413004e-03 2.780315299566218368e+00
5.180128246684984106e+02 3.913176514562241100e-07 1.886598258121762210e-03 2.755632086492501909e+00
5.445719101260938260e+02 3.335781387758858543e-07 1.700256451485613902e-03 2.729188597225900015e+00
5.724927090138447738e+02 2.841752502777235436e-07 1.531826919486569804e-03 2.701260016918284546e+00
6.018450378722650385e+02 2.419596695320795692e-07 1.379713754910668558e-03 2.672189752306901589e+00
6.327022928124463306e+02 2.059299363160542750e-07 1.242447870701059902e-03 2.642335557057541529e+00
6.651416330445650829e+02 1.752110851174224937e-07 1.118665267078572390e-03 2.612006391834305941e+00
6.992441738160994191e+02 1.490463688121786878e-07 1.007119477593226798e-03 2.581536252446693158e+00
7.350951892421985576e+02 1.267784940634530553e-07 9.066590910771858127e-04 2.551212236918261045e+00
7.727843255353874383e+02 1.078371788653975466e-07 8.162184660726765030e-04 2.521237108777056868e+00
8.124058251677936369e+02 9.173196644094716714e-08 7.348241818414067567e-04 2.491782025407684564e+00
8.540587625264155349e+02 7.804045553665554993e-08 6.615823598002514103e-04 2.462937057891815940e+00
8.978472916506958654e+02 6.640127548086725316e-08 5.956801944813502024e-04 2.434748525232693250e+00
9.438809066718714575e+02 5.650459697808757792e-08 5.363740663160821267e-04 2.407163800193795389e+00
9.922747156053346771e+02 4.808863138459212623e-08 4.830009891835907549e-04 2.380172600377480130e+00
1.043149728180628472e+03 4.093029917446551615e-08 4.349608834251258277e-04 2.353721778004874476e+00
1.096633158428801380e+03 3.484041921171698782e-08 3.917151416374658069e-04 2.327757587091090041e+00
1.152858742783748994e+03 2.966036836093853685e-08 3.527913063554141584e-04 2.302369861157818498e+00
1.211967074492957408e+03 2.525306028810672328e-08 3.177514514283298988e-04 2.277491364989193912e+00
1.274105955173854682e+03 2.150530677369961527e-08 2.862228403854304463e-04 2.253370154835123262e+00
1.339430764394840480e+03 1.831792422001645194e-08 2.578520129059991696e-04 2.230012647218590605e+00
1.408104848205140797e+03 1.560691031939230474e-08 2.323227797215642000e-04 2.207456606859994785e+00
1.480299927585014302e+03 1.330120655814048289e-08 2.093532839646012765e-04 2.185800144930690081e+00
1.556196527837648091e+03 1.133893087466163073e-08 1.886779911127274480e-04 2.164889293533506454e+00
1.635984429996447261e+03 9.668714114354742078e-09 1.700671681616152038e-04 2.144749011589993870e+00
1.719863145376471039e+03 8.246405511152967266e-09 1.533096157301390948e-04 2.125282257430253452e+00
1.808042414456641382e+03 7.035404407593598756e-09 1.382237005133684846e-04 2.106614980881272192e+00
1.900742731340188357e+03 6.003860686851766263e-09 1.246390747846472897e-04 2.088675056955297649e+00
1.998195895104759757e+03 5.125151547764938035e-09 1.124069593399256627e-04 2.071529670603966533e+00
2.100645589420852957e+03 4.375307479410263447e-09 1.013783140714008757e-04 2.054646901595942765e+00
2.208347991887921125e+03 3.735170630755650325e-09 9.143172828721077034e-05 2.037901725543230125e+00
2.321572414611807289e+03 3.188690099270440874e-09 8.246103729539720751e-05 2.021293021076352669e+00
2.440601977625289692e+03 2.722163337188276640e-09 7.437049259829073831e-05 2.004819675964960357e+00
2.565734316835632853e+03 2.323892571444127480e-09 6.707373992275917122e-05 1.988480587043209624e+00
2.697282328269386653e+03 1.983891491680765741e-09 6.049289751953724993e-05 1.972274660135953983e+00
2.835574950475434889e+03 1.693634851768339649e-09 5.455772489387531268e-05 1.956200809985504829e+00
2.980957987042702825e+03 1.445844706302081767e-09 4.920487309496877833e-05 1.940257960178920049e+00
3.133794971289250043e+03 1.234307922135122205e-09 4.437720856215199712e-05 1.924445043075946993e+00
3.294468075284922634e+03 1.053720389198709352e-09 4.002320331093592342e-05 1.908760999737410202e+00
3.463379065480592999e+03 8.995540243251151272e-10 3.609638495005841683e-05 1.893204779854334552e+00
3.640950307333554974e+03 7.679432333039496729e-10 3.255484065931383566e-05 1.877775341677965448e+00
3.827625821441170956e+03 6.555879843011534881e-10 2.936076983386581369e-05 1.862471651949299201e+00
4.023872393823642142e+03 5.596710622879919747e-10 2.648008062022759644e-05 1.847292685830798087e+00
4.230180743132199495e+03 4.777874297016500037e-10 2.388202603750971955e-05 1.832237426836535787e+00
4.447066747701334862e+03 4.078839221161226325e-10 2.153887580012233107e-05 1.817304866765582005e+00
4.675072735513344924e+03 3.482077668403907855e-10 1.942562033909654584e-05 1.802494005633214824e+00
4.914768840300775992e+03 2.972626335917515985e-10 1.751970386293690482e-05 1.787803851604802707e+00
5.166754427177720572e+03 2.537711152503333365e-10 1.580078360881313662e-05 1.773233420929182680e+00
5.431659591364801599e+03 2.166426979309975572e-10 1.425051271446955138e-05 1.758781737872058271e+00
5.710146733755425885e+03 1.849464172489582402e-10 1.285234439334950968e-05 1.744447834651885687e+00
6.002912217263044113e+03 1.578875151569810737e-10 1.159135532278429917e-05 1.730230751374431053e+00
6.310688108091153481e+03 1.347875120440237597e-10 1.045408636019410360e-05 1.716129535967916286e+00
6.634244006280128815e+03 1.150671944197522255e-10 9.428398887193385351e-06 1.702143244120653875e+00
6.974388970108182548e+03 9.823209161474102922e-11 8.503345248276088900e-06 1.688270939216222732e+00
7.331973539158482708e+03 8.386007733712925338e-11 7.669051901229395038e-06 1.674511692272122598e+00
7.707891861111141225e+03 7.159078520460595752e-11 6.916614032068987506e-06 1.660864581876955626e+00
8.103083927578147268e+03 6.111657285512916158e-11 6.238000509677334423e-06 1.647328694128171955e+00
8.518537924572025076e+03 5.217480806895795939e-11 5.625968165682742899e-06 1.633903122572018862e+00
8.955292703485578386e+03 4.454128348271970891e-11 5.073984484639429490e-06 1.620586968142060380e+00
9.414440378761499232e+03 3.802459477505186234e-11 4.576157879350314727e-06 1.607379339099354487e+00
9.897129058747319505e+03 3.246134136138394137e-11 4.127174807123383734e-06 1.594279350971986808e+00
1.040456571656430970e+04 2.771202925932706622e-11 3.722243055777661930e-06 1.581286126496952882e+00
1.093801920816896018e+04 2.365757339231094310e-11 3.357040594057595574e-06 1.568398795560686620e+00
1.149882344515380282e+04 2.019631162969676517e-11 3.027669440516078896e-06 1.555616495141141087e+00
1.208838073022117533e+04 1.724145569284776695e-11 2.730614058483939696e-06 1.542938369249444941e+00
1.270816526367042752e+04 1.471891501076344134e-11 2.462703833057402130e-06 1.530363568872980418e+00
1.335972682966652428e+04 1.256543896023366894e-11 2.221079229601039481e-06 1.517891251918657147e+00
1.404469467150771925e+04 1.072703090872882170e-11 2.003161272560135537e-06 1.505520583157063053e+00
1.476478156558243427e+04 9.157594293439462154e-12 1.806624018813167595e-06 1.493250734164282001e+00
1.552178810420236550e+04 7.817776788076094137e-12 1.629369731764649055e-06 1.481080883269162429e+00
1.631760719802116000e+04 6.673983575791961062e-12 1.469506491192817320e-06 1.469010215496751481e+00
1.715422880929701932e+04 5.697534986914419446e-12 1.325327999875959616e-06 1.457037922514406780e+00
1.803374492783486858e+04 4.863947379919506230e-12 1.195295371461097479e-06 1.445163202575991734e+00
1.895835480205053682e+04 4.152319234365771245e-12 1.078020705191745526e-06 1.433385260471834899e+00
1.993037043823734348e+04 3.544807062522423177e-12 9.722522721737714267e-07 1.421703307470519206e+00
2.095222238178608313e+04 3.026177998675434223e-12 8.768611550732153434e-07 1.410116561271310687e+00
2.202646579481454319e+04 2.583427847593114444e-12 7.908291986370616825e-07 1.398624245946903599e+00
2.315578684540369068e+04 2.205455015085820842e-12 7.132381424340644520e-07 1.387225591895321797e+00
2.434300942441707230e+04 1.882782144698426798e-12 6.432598198187455237e-07 1.375919835785196277e+00
2.559110220669883711e+04 1.607318480834612548e-12 5.801473185116306399e-07 1.364706220508421275e+00
2.690318607430719567e+04 1.372156999739179175e-12 5.232270084443241092e-07 1.353583995125065220e+00
2.828254192034512744e+04 1.171401221589612829e-12 4.718913517827600371e-07 1.342552414816538642e+00
2.973261885290210193e+04 1.000017361134667824e-12 4.255924183834554394e-07 1.331610740834137108e+00
3.125704281962085952e+04 8.537081096890807649e-13 3.838360374717414461e-07 1.320758240449892762e+00
3.285962567445517197e+04 7.288048836691714654e-13 3.461765231195091825e-07 1.309994186907490477e+00
3.454437470929026313e+04 6.221758378910093467e-13 3.122119172250687046e-07 1.299317859373905870e+00
3.631550267425979837e+04 5.311473371397030579e-13 2.815796992209396810e-07 1.288728542889957973e+00
3.817743831181556016e+04 4.534369169765440760e-13 2.539529167177753595e-07 1.278225528324195670e+00
4.013483743089039490e+04 3.870960528285875016e-13 2.290366957841732229e-07 1.267808112324231740e+00
4.219259454884566367e+04 3.304613023452254420e-13 2.065650936154817643e-07 1.257475597269923639e+00
4.435585513031406299e+04 2.821125959557633145e-13 1.862982599983930017e-07 1.247227291226667090e+00
4.663002845354139572e+04 2.408376297983491759e-13 1.680198772743062951e-07 1.237062507899062913e+00
4.902080113639969204e+04 2.056014682023692175e-13 1.515348514769620842e-07 1.226980566584967569e+00
5.153415135589398415e+04 1.755205935316829669e-13 1.366672300007473239e-07 1.216980792129876310e+00
5.417636379671867326e+04 1.498407527099860850e-13 1.232583235739595419e-07 1.207062514881996229e+00
5.695404536624281900e+04 1.279180449480550533e-13 1.111650124918741041e-07 1.197225070646598333e+00
5.987414171521994285e+04 1.092027764636182586e-13 1.002582190313668448e-07 1.187467800642092008e+00
6.294395460553275188e+04 9.322567736401556032e-14 9.042152974233943613e-08 1.177790051456419240e+00
6.617116016840114025e+04 7.958613509130854198e-14 8.154995291096094271e-08 1.168191175002483151e+00
6.956382809870861820e+04 6.794214939345558146e-14 7.354879793264472171e-08 1.158670528475068018e+00
7.313044183344273188e+04 5.800175695058649578e-14 6.633266463370251263e-08 1.149227474307743080e+00
7.687991976470644295e+04 4.951571063600998808e-14 5.982453175423404322e-08 1.139861380130178459e+00
8.082163754034375597e+04 4.227122985046558295e-14 5.395493486319169010e-08 1.130571618725802363e+00
8.496545150794286747e+04 3.608666522442701640e-14 4.866122493111791459e-08 1.121357567990057369e+00
8.932172336083906703e+04 3.080694391021934090e-14 4.388689964690729059e-08 1.112218610887476533e+00
9.390134604774527543e+04 2.629968125859470385e-14 3.958100034154071982e-08 1.103154135413366710e+00
9.871577101079767453e+04 2.245186138290092326e-14 3.569756808161171814e-08 1.094163534547810457e+00
1.037770368201258680e+05 1.916700337927076932e-14 3.219515312765311004e-08 1.085246206221310628e+00
1.090977992765488161e+05 1.636274214755895130e-14 2.903637252105127082e-08 1.076401553269666467e+00
1.146913630576689611e+05 1.396876315454408300e-14 2.618751107777473291e-08 1.067628983394521835e+00
1.205717149864963576e+05 1.192503935514605949e-14 2.361816153003899147e-08 1.058927909126168743e+00
1.267535590057915979e+05 1.018032606383784323e-14 2.130089997489039435e-08 1.050297747782253488e+00
1.332523529455816897e+05 8.690876036508263842e-15 1.921099316571303299e-08 1.041737921429224834e+00
1.400843471757866791e+05 7.419342544464512454e-15 1.732613452239695795e-08 1.033247856843600543e+00
1.472666252406089625e+05 6.333842936070372086e-15 1.562620604248461160e-08 1.024826985473638041e+00
1.548171465762921434e+05 5.407159205601015998e-15 1.409306357205878152e-08 1.016474743401244218e+00
1.627547914190663723e+05 4.616055524239947830e-15 1.271034314446489647e-08 1.008190571304204308e+00
1.710994080155731353e+05 3.940695620873171517e-15 1.146328631983046578e-08 9.999739144191737150e-01
1.798718622538203781e+05 3.364145403974260816e-15 1.033858266113039933e-08 9.918242225026906445e-01
1.890940898387710622e+05 2.871948353262638338e-15 9.324227665507932745e-09 9.837409497966774774e-01
1.987891511430313694e+05 2.451763034400292628e-15 8.409394634441824851e-09 9.757235549918129580e-01
2.089812888697938761e+05 2.093053647718137489e-15 7.584319115179255016e-09 9.677715011894787445e-01
2.196959886722229712e+05 1.786825851747052623e-15 6.840194680039339774e-09 9.598842558658636781e-01
2.309600428808625729e+05 1.525401237542244755e-15 6.169078931185328674e-09 9.520612908384877837e-01
2.428016174984180834e+05 1.302224798918875409e-15 5.563808727585393586e-09 9.443020822286588567e-01
2.552503226294341730e+05 1.111700571092452837e-15 5.017923729372934072e-09 9.366061104289400419e-01
2.683372865209793090e+05 9.490513164798940544e-16 4.525597443520634063e-09 9.289728600640793088e-01
2.820952333994774381e+05 8.101987394205580596e-16 4.081575034891953867e-09 9.214018199608043913e-01
2.965585652983192704e+05 6.916612262795091741e-16 3.681117238853084624e-09 9.138924831114367819e-01
3.117634480808650260e+05 5.904665468633407726e-16 3.319949776825099397e-09 9.064443466407415828e-01
3.277479018739408348e+05 5.040773282029618280e-16 2.994217734850693039e-09 8.990569117706523894e-01
3.445518961379595567e+05 4.303274320247727392e-16 2.700444418249018781e-09 8.917296837893391448e-01
3.622174496113909991e+05 3.673676406219778962e-16 2.435494243178096673e-09 8.844621720160177336e-01
3.807887353794944938e+05 3.136192892497526880e-16 2.196539269044628521e-09 8.772538897704798000e-01
4.003121913300411543e+05 2.677346824095618392e-16 1.981029014528940896e-09 8.701043543365295507e-01
4.208366362722213962e+05 2.285633014998151478e-16 1.786663235077256134e-09 8.630130869336675170e-01
4.424133920090965694e+05 1.951229565116883977e-16 1.611367371282570484e-09 8.559796126826209051e-01
4.650964116688389913e+05 1.665751584268555754e-16 1.453270406117137126e-09 8.490034605758794983e-01
4.889424146156553179e+05 1.422040947973104247e-16 1.310684894664549782e-09 8.420841634422794320e-01
5.140110282777408138e+05 1.213986813406030428e-16 1.182088953212576224e-09 8.352212579195987807e-01
5.403649372469085502e+05 1.036372395059612497e-16 1.066110015454806149e-09 8.284142844216051405e-01
5.680700400227193022e+05 8.847441581578136764e-17 9.615101824309600506e-10 8.216627871076381817e-01
5.971956137930564582e+05 7.553001499520870677e-17 8.671730098363562567e-10 8.149663138524483319e-01
6.278144876631795196e+05 6.447946688961001151e-17 7.820915916741201765e-10 8.083244162141137723e-01
6.600032247664229944e+05 5.504568813648380756e-17 7.053578130653826614e-10 8.017366494076799688e-01
6.938423137119094608e+05 4.699213452875619927e-17 6.361526575006174073e-10 7.952025722716623557e-01
7.294163698479967425e+05 4.011686986443736142e-17 5.737374650838061184e-10 7.887217472407269669e-01
7.668143468447235646e+05 3.424750256310775238e-17 5.174460484595199238e-10 7.822937403145961976e-01
8.061297591243179049e+05 2.923686308960519719e-17 4.666775822758260098e-10 7.759181210311124621e-01
8.474609156959623797e+05 2.495931379945713215e-17 4.208901902858922829e-10 7.695944624359905006e-01
8.909111659795242595e+05 2.130759867878094645e-17 3.795951616424386161e-10 7.633223410545765253e-01
9.365891582329371013e+05 1.819015398836267907e-17 3.423517346519133370e-10 7.571013368635108876e-01
9.846091112294379855e+05 1.552881237855540387e-17 3.087623923130389158e-10 7.509310332625678264e-01
1.035091099863994634e+06 1.325684290757789530e-17 2.784686194267488692e-10 7.448110170467793223e-01
1.088161355403086869e+06 1.131727781828910352e-17 2.511470759911093581e-10 7.387408783787527966e-01
1.143952581128624268e+06 9.661484118750842685e-18 2.265061460380309597e-10 7.327202107612421633e-01
1.202604284165272489e+06 8.247944150140702835e-18 2.042828250758452892e-10 7.267486110099146135e-01
1.264263124320930336e+06 7.041214565763454643e-18 1.842399129159240668e-10 7.208256792263463275e-01
1.329083280812643003e+06 6.011037618422264524e-18 1.661634819210684144e-10 7.149510187715569787e-01
1.397226837794951163e+06 5.131582472398844480e-18 1.498605936528347336e-10 7.091242362381864339e-01
1.468864189654704416e+06 4.380797516609582197e-18 1.351572395470637991e-10 7.033449414260768418e-01
1.544174467085782439e+06 3.739857438666767561e-18 1.218964836366564181e-10 6.976127473148346914e-01
1.623345985009134281e+06 3.192691195729040217e-18 1.099367874985905172e-10 6.919272700382304020e-01
1.706576713458170416e+06 2.725579046381927615e-18 9.915049954628670927e-11 6.862881288585326311e-01
1.794074772606963990e+06 2.326808539458474565e-18 8.942249254285550457e-11 6.806949461409809166e-01
1.886058953179090517e+06 1.986380834005240663e-18 8.064893479276817285e-11 6.751473473287995519e-01
1.982759263538399944e+06 1.695759986602964508e-18 7.273618189616073999e-11 6.696449609165889827e-01
2.084417504829733167e+06 1.447658919648403896e-18 6.559977723733298648e-11 6.641874184288345528e-01
2.191287875607731752e+06 1.235856703892342761e-18 5.916355053842740899e-11 6.587743543906210419e-01
2.303637607465630397e+06 1.055042573790782107e-18 5.335880485768788483e-11 6.534054063080300123e-01
2.421747633253435604e+06 9.006827644372518604e-19 4.812358335374507953e-11 6.480802146390427509e-01
2.545913289556382690e+06 7.689068311625712874e-19 4.340200799066873951e-11 6.427984227742545853e-01
2.676445055190230254e+06 6.564106013256720220e-19 3.914368312464039541e-11 6.375596770082316844e-01
2.813669327560023405e+06 5.603733249211068824e-19 3.530315760718667827e-11 6.323636265205392348e-01
2.957929238823618274e+06 4.783869465983782054e-19 3.183943966307664111e-11 6.272099233478662939e-01
3.109585513900805730e+06 4.083957256672400919e-19 2.871555936549790016e-11 6.220982223639310860e-01
