# [1] k:    [h/Mpc] 
# [2] P:    [Mpc^3/h^3] 
# [3] T:    [Mpc^3/h^3] 
# [4] Delta_k 
3.059023205018257859e-07 1.155704954488483427e-01 3.700445245695901394e+04 1.675967329293924396e-22
3.215862678579245412e-07 1.211797680448140485e-01 3.698677660744016612e+04 2.041704389344459821e-22
3.380743483904743061e-07 1.270612895308362023e-01 3.696910920117946807e+04 2.487254220665344968e-22
3.554077908890640533e-07 1.332282736443965165e-01 3.695145023407656117e+04 3.030033921905746993e-22
3.736299379885273404e-07 1.396945754583576726e-01 3.693379970203314588e+04 3.691261428600662344e-22
3.927863545481053003e-07 1.464747225100939687e-01 3.691615760115442390e+04 4.496784948781972025e-22
4.129249415873286729e-07 1.535839474368467794e-01 3.689852392734591558e+04 5.478093401598429347e-22
4.340960560635169786e-07 1.610382222001377484e-01 3.688089867658228468e+04 6.673547358488781490e-22
4.563526367904018199e-07 1.688542939687406319e-01 3.686328184484010853e+04 8.129878605756862078e-22
4.797503368127355169e-07 1.770497227437567433e-01 3.684567342809787806e+04 9.904016948388043386e-22
5.043476625678916271e-07 1.856429208098452355e-01 3.682807342233602685e+04 1.206531566713659775e-21
5.302061201824328858e-07 1.946531941005276989e-01 3.681048182346993417e+04 1.469826262472382352e-21
5.573903692694645323e-07 2.041007855747225264e-01 3.679289862761781114e+04 1.790578300198014691e-21
5.859683846113473662e-07 2.140069206915004019e-01 3.677532383069884963e+04 2.181326277125392157e-21
6.160116261320592563e-07 2.243938550982413904e-01 3.675775742863427877e+04 2.657345019055679169e-21
6.475952175842278093e-07 2.352849246339057676e-01 3.674019941754786851e+04 3.237242692382324769e-21
6.807981343976415384e-07 2.467045977517793864e-01 3.672264979336466058e+04 3.943688220473162332e-21
7.157034011589609116e-07 2.586785304938102326e-01 3.670510855201172672e+04 4.804297440176376725e-21
7.523982992164306405e-07 2.712336241337760523e-01 3.668757568961838115e+04 5.852712639388062956e-21
7.909745849287134463e-07 2.843980856095935650e-01 3.667005120211550820e+04 7.129917675953724134e-21
8.315287191035797356e-07 2.982014908981557300e-01 3.665253508550268452e+04 8.685840087852478796e-21
8.741621082001717898e-07 3.126748514602507023e-01 3.663502733571475983e+04 1.058130282288001123e-20
9.189813578979717484e-07 3.278506839182455668e-01 3.661752794895505940e+04 1.289040188373810541e-20
9.660985396665287929e-07 3.437630830982730257e-01 3.660003692102897185e+04 1.570340283281377764e-20
1.015631471002508262e-06 3.604477986395430711e-01 3.658255424794381543e+04 1.913026938592371123e-20
1.067704010034801725e-06 3.779423153108740219e-01 3.656507992584182648e+04 2.330496203119858410e-20
1.122446365234364056e-06 3.962859372194089680e-01 3.654761395066748082e+04 2.839067471131603783e-20
1.179995421003214005e-06 4.155198761168595878e-01 3.653015631836724788e+04 3.458621427839190479e-20
1.240495079956737545e-06 4.356873439927411717e-01 3.651270702508891554e+04 4.213377210223233486e-20
1.304096622755184042e-06 4.568336501478559297e-01 3.649526606678274402e+04 5.132839163238401301e-20
1.370959086384113674e-06 4.790063029944011674e-01 3.647783343946737295e+04 6.252950201503044430e-20
1.441249661829700436e-06 5.022551167876287970e-01 3.646040913909704977e+04 7.617496862626509608e-20
1.515144112143284134e-06 5.266323235484022813e-01 3.644299316182688926e+04 9.279820977686314541e-20
1.592827211940548929e-06 5.521926903997254055e-01 3.642558550361488597e+04 1.130490486978875458e-19
1.674493209434307728e-06 5.789936426144077775e-01 3.640818616042107897e+04 1.377191159417942773e-19
1.760346312156213177e-06 6.070953926363051867e-01 3.639079512840608368e+04 1.677727952098440764e-19
1.850601197581954108e-06 6.365610753467713101e-01 3.637341240359986114e+04 2.043849223118993415e-19
1.945483549936765273e-06 6.674568899033611613e-01 3.635603798183587060e+04 2.489867109616222809e-19
2.045230624523543909e-06 6.998522484875463467e-01 3.633867185934642475e+04 3.033217007128621832e-19
2.150091840984688092e-06 7.338199322266215630e-01 3.632131403210110147e+04 3.695139140880665243e-19
2.260329406981118614e-06 7.694362547164219635e-01 3.630396449607148679e+04 4.501508872701579592e-19
2.376218973848010330e-06 8.067812334802487717e-01 3.628662324742920464e+04 5.483848201249380775e-19
2.498050325866710336e-06 8.459387697209997947e-01 3.626929028208362433e+04 6.680557996143278873e-19
2.626128104876382668e-06 8.869968368410261483e-01 3.625196559621002962e+04 8.138419136005311504e-19
2.760772572037287162e-06 9.300476780705232427e-01 3.623464918585350824e+04 9.914421231246854416e-19
2.902320408650496801e-06 9.751880137010088268e-01 3.621734104686341743e+04 1.207799041892694823e-18
3.051125558036519890e-06 1.022519258411324294e+00 3.620004117545353074e+04 1.471370331736536566e-18
3.207560110577962700e-06 1.072147749086681090e+00 3.618274956770756398e+04 1.792459323141855544e-18
3.372015234139298021e-06 1.124184983717001485e+00 3.616546621954659349e+04 2.183617785275418642e-18
3.544902152190277809e-06 1.178747871917532830e+00 3.614819112712397327e+04 2.660136590336695548e-18
3.726653172078803499e-06 1.235958997560635986e+00 3.613092428643043968e+04 3.240643452783901353e-18
3.917722766024474580e-06 1.295946894195504129e+00 3.611366569355729735e+04 3.947831109958859531e-18
4.118588707535861475e-06 1.358846333812649965e+00 3.609641534459764080e+04 4.809344409487170684e-18
4.329753266093139866e-06 1.424798629622061608e+00 3.607917323554796167e+04 5.858860980824599701e-18
4.551744463083409039e-06 1.493951953554881529e+00 3.606193936257073801e+04 7.137407735873484826e-18
4.785117392129195949e-06 1.566461669123273559e+00 3.604471372160067403e+04 8.694964662013849107e-18
5.030455607111644826e-06 1.642490680502544764e+00 3.602749630877119489e+04 1.059241860230047307e-17
5.288372581359179674e-06 1.722209798502459588e+00 3.601028712018473016e+04 1.290394339803775806e-17
5.559513241650373021e-06 1.805798124312640196e+00 3.599308615184731752e+04 1.571989943668719325e-17
5.844555580866815540e-06 1.893443451899164298e+00 3.597589339986515552e+04 1.915036595225115597e-17
6.144212353328471540e-06 1.985342689903938806e+00 3.595870886034626164e+04 2.332944415979664326e-17
6.459232857050738118e-06 2.081702304018812288e+00 3.594153252930239250e+04 2.842049943907713523e-17
6.790404807379771878e-06 2.182738780871464002e+00 3.592436440291067265e+04 3.462254749135683279e-17
7.138556306691162195e-06 2.288679114350376409e+00 3.590720447712131136e+04 4.217803411078348133e-17
7.504557915077204533e-06 2.399761315631335101e+00 3.589005274808247486e+04 5.138231269361487027e-17
7.889324827200587103e-06 2.516234947879846029e+00 3.587290921191147936e+04 6.259518997055963686e-17
8.293819160757753291e-06 2.638361686922460869e+00 3.585577386462958384e+04 7.625499130034614593e-17
8.719052362274285227e-06 2.766415909173434606e+00 3.583864670239045518e+04 9.289569535552695311e-17
9.166087736248057605e-06 2.900685308025739317e+00 3.582152772121915768e+04 1.131678080137957061e-16
9.636043103964330830e-06 3.041471540237645765e+00 3.580441691727301077e+04 1.378637914454090489e-16
1.013009359863121538e-05 3.189090903615355188e+00 3.578731428661344398e+04 1.679490424466493591e-16
1.064947460382478790e-05 3.343875047638620757e+00 3.577021982530380774e+04 2.045996310051011926e-16
1.119548484259151579e-05 3.506171718581139185e+00 3.575313352950691478e+04 2.492482743436751444e-16
1.176948962493235138e-05 3.676345540733391370e+00 3.573605539525733911e+04 3.036403436213334602e-16
1.237292426178888029e-05 3.854778835629773415e+00 3.571898541868908069e+04 3.699020926714808318e-16
1.300729765406831334e-05 4.041872480975234438e+00 3.570192359593794390e+04 4.506237759157155807e-16
1.367419606568169201e-05 4.238046811262994318e+00 3.568486992307662877e+04 5.489609046383018367e-16
1.437528709002991615e-05 4.443742562141085095e+00 3.566782439621218509e+04 6.687575998601292251e-16
1.511232381985586521e-05 4.659421860577218411e+00 3.565078701142111095e+04 8.146968638222761046e-16
1.588714923088939049e-05 4.885569263122309991e+00 3.563375776484663947e+04 9.924836443887537322e-16
1.670170079024660794e-05 5.122692844526399725e+00 3.561673665263378643e+04 1.209067848573250720e-15
1.755801530110687162e-05 5.371325339177221103e+00 3.559972367083224526e+04 1.472916023065754678e-15
1.845823399578163895e-05 5.632025338034315709e+00 3.558271881562313501e+04 1.794342322118520139e-15
1.940460788991057802e-05 5.905378543523390533e+00 3.556572208309225971e+04 2.185911700684886025e-15
2.039950341117315543e-05 6.191999085432829730e+00 3.554873346932734421e+04 2.662931094185525830e-15
2.144540831659045798e-05 6.492530900685476780e+00 3.553175297051497910e+04 3.244047785723076544e-15
2.254493791321357228e-05 6.807649179963103592e+00 3.551478058271427290e+04 3.951978351604461313e-15
2.370084159775344190e-05 7.138061884717967764e+00 3.549781630211545416e+04 4.814396680688088758e-15
2.491600973150475266e-05 7.484511337619644600e+00 3.548086012478140037e+04 5.865015781163958711e-15
2.619348086775470484e-05 7.847775890383769770e+00 3.546391204687373101e+04 7.144905664147712671e-15
2.753644934974891994e-05 8.228671672423137906e+00 3.544697206455584092e+04 8.704098821628700160e-15
2.894827329821342076e-05 8.628054424376257359e+00 3.543004017392846436e+04 1.060354605895483742e-14
3.043248300840562692e-05 9.046821420701672167e+00 3.541311637112647441e+04 1.291749913787618521e-14
3.199278977769132648e-05 9.485913485494261721e+00 3.539620065222217818e+04 1.573641337045990732e-14
3.363309518572123809e-05 9.946317106326853619e+00 3.537929301348292211e+04 1.917048363028610249e-14
3.535750085041236633e-05 1.042906665034328562e+01 3.536239345098469494e+04 2.335395200719261405e-14
3.717031868412924126e-05 1.093524668824583301e+01 3.534550196085364587e+04 2.845035549818436752e-14
3.907608167571078754e-05 1.146599443094510740e+01 3.532861853924995376e+04 3.465891887265057397e-14
4.107955522530357004e-05 1.202250228445044300e+01 3.531174318231953657e+04 4.222234261704191677e-14
4.318574906034433776e-05 1.260602052880136448e+01 3.529487588621016039e+04 5.143629039963006701e-14
4.539992976248807967e-05 1.321786012701305246e+01 3.527801664707141754e+04 6.266094693209214715e-14
4.772763393680535859e-05 1.385939567035544862e+01 3.526116546105475572e+04 7.633509803915951467e-14
5.017468205617894183e-05 1.453206846658271090e+01 3.524432232431345619e+04 9.299328334382035444e-14
5.274719301551768723e-05 1.523738977805171935e+01 3.522748723300264101e+04 1.132866920879279559e-13
5.545159943218107865e-05 1.597694421701854139e+01 3.521066018329525832e+04 1.380086189320415511e-13
5.829466373087315435e-05 1.675239330563973894e+01 3.519384117130208324e+04 1.681254748325756447e-13
6.128349505322671351e-05 1.756547920898162474e+01 3.517703019323175977e+04 2.048145652527963639e-13
6.442556703436033705e-05 1.841802864893188385e+01 3.516022724524672958e+04 2.495101125008224130e-13
6.772873649085907528e-05 1.931195700821604433e+01 3.514343232347929734e+04 3.039593212683687019e-13
7.120126306690828879e-05 2.024927263368192953e+01 3.512664542411158618e+04 3.702906790426119089e-13
7.485182988770643921e-05 2.123208134827359927e+01 3.510986654329558223e+04 4.510971613357880136e-13
7.868956527180084881e-05 2.226259118219785549e+01 3.509309567724896624e+04 5.495375943345250022e-13
8.272406555663884206e-05 2.334311733340849671e+01 3.507633282209546451e+04 6.694601373514467989e-13
8.696541909440986997e-05 2.447608736924572881e+01 3.505957797402447613e+04 8.155527121767675072e-13
9.142423147818073699e-05 2.566404668024159719e+01 3.504283112921128486e+04 9.935262597864131712e-13
9.611165206140254191e-05 2.690966419874789750e+01 3.502609228383297159e+04 1.210337988148611301e-12
1.010394018371016720e-04 2.821573839510167048e+01 3.500936143406847987e+04 1.474463338161353183e-12
1.062198027464676133e-04 2.958520356481672664e+01 3.499263857609854313e+04 1.796227299208740521e-12
1.116658084901241013e-04 3.102113642092727019e+01 3.497592370610574289e+04 2.188208025874735111e-12
1.173910369191279803e-04 3.252676300630943018e+01 3.495921682028242503e+04 2.665728533696170529e-12
1.234098040866900780e-04 3.410546594142193300e+01 3.494251791479891108e+04 3.247455694948422862e-12
1.297371600457651012e-04 3.576079202396688572e+01 3.492582698585119215e+04 3.956129949972940125e-12
1.363889264820232711e-04 3.749646019725660295e+01 3.490914402962913300e+04 4.819454259351051508e-12
1.433817362763056455e-04 3.931636990540248178e+01 3.489246904232441011e+04 5.871177047188723234e-12
1.507330750954898936e-04 4.122460985401304612e+01 3.487580202013053349e+04 7.152411469110454104e-12
1.584613251157653230e-04 4.322546719611663235e+01 3.485914295925074111e+04 8.713242576798293894e-12
1.665858109876483387e-04 4.532343716382850118e+01 3.484249185586631938e+04 1.061468520511989371e-11
1.751268481576742783e-04 4.752323316769304284e+01 3.482584870618415880e+04 1.293106911815057623e-11
1.841057936675958640e-04 4.982979738600538155e+01 3.480921350640501623e+04 1.575294465235145393e-11
1.935450995581117185e-04 5.224831186819005069e+01 3.479258625273147481e+04 1.919062244217112917e-11
2.034683690106629794e-04 5.478421017706834562e+01 3.477596694136795122e+04 2.337848560034084927e-11
2.139004153676812446e-04 5.744318959621408283e+01 3.475935556852853915e+04 2.848024292138357474e-11
2.248673241788693637e-04 6.023122392965629501e+01 3.474275213040150993e+04 3.469532846253504660e-11
2.363965184286629729e-04 6.315457692316495297e+01 3.472615662321646232e+04 4.226669766991099171e-11
2.485168271079757005e-04 6.621981633647665433e+01 3.470956904317317822e+04 5.149032480981800198e-11
2.612585573016925852e-04 6.943382869893424925e+01 3.469298938648907642e+04 6.272677297209161540e-11
2.746535699721688829e-04 7.280383478105966333e+01 3.467641764937940752e+04 7.641528893098194382e-11
2.887353596282311993e-04 7.633740581713261975e+01 3.465985382806124835e+04 9.309097384945134996e-11
3.035391380788964293e-04 8.004248051514686324e+01 3.464329791875741648e+04 1.134057010511109398e-10
3.191019224812350285e-04 8.392738289225817994e+01 3.462674991768071777e+04 1.381535985614434174e-10
3.354626279025451924e-04 8.800084097607111744e+01 3.461020982105758594e+04 1.683020925630054612e-10
3.526621646282911485e-04 9.227200641342265897e+01 3.459367762511328328e+04 2.050297252915228285e-10
3.707435404591257876e-04 9.675047503096082835e+01 3.457715332607342862e+04 2.497722257219184083e-10
3.897519682527942697e-04 1.014463083936451255e+02 3.456063692016518326e+04 3.042786340047832573e-10
4.097349789798286580e-04 1.063684957576176942e+02 3.454387498850384145e+04 3.706742350484044057e-10
4.307425405757319271e-04 1.115304625837353001e+02 3.452726890535917482e+04 4.515616571793411410e-10
4.528271828868440083e-04 1.169452518293922481e+02 3.451101266146571288e+04 5.501109889015744992e-10
4.760441290223192071e-04 1.226235662871182654e+02 3.449485379553480743e+04 6.701713256613605555e-10
5.004514334406633081e-04 1.285775409852527957e+02 3.447869550325188902e+04 8.164341971567066831e-10
5.261101271161193775e-04 1.348199318545042331e+02 3.446245806656236527e+04 9.946134941870550611e-10
5.530843701478924991e-04 1.413631378187932626e+02 3.444595407416619855e+04 1.211659502703325480e-09
5.814416121938181326e-04 1.482201553519864490e+02 3.442902253066197591e+04 1.476032270362081872e-09
6.112527611296385451e-04 1.554050033316189001e+02 3.441157022308908927e+04 1.798033411690341860e-09
6.425923603556274889e-04 1.629322444294161869e+02 3.439350548794515635e+04 2.190201000636678491e-09
6.755387751939181127e-04 1.708162682312454308e+02 3.437466452329790627e+04 2.667781981839589086e-09
7.101743888426273075e-04 1.790726319409045573e+02 3.435495569524962048e+04 3.249335043024186072e-09
7.465858083767621441e-04 1.877165467636103529e+02 3.433420481223432580e+04 3.957418741468920505e-09
7.848640813110194670e-04 1.967646609500996249e+02 3.431232896583789989e+04 4.819486007069336397e-09
8.251049232659968648e-04 2.062341112068563120e+02 3.428923743118590937e+04 5.868921407493060316e-09
8.674089573071004124e-04 2.161404302594762328e+02 3.426466687058560638e+04 7.146246266919885805e-09
9.118819655546198935e-04 2.265028727631988943e+02 3.423862348955479683e+04 8.700813376236310042e-09
9.586351536941296880e-04 2.373377545104060289e+02 3.421084366844484612e+04 1.059246750538323513e-08
1.007785429048626679e-03 2.486653406185120048e+02 3.418132779356582614e+04 1.289406159075809561e-08
1.059455692907732439e-03 2.605040346322026039e+02 3.414990175453279517e+04 1.569398054082844738e-08
1.113775147844932919e-03 2.728712152771773845e+02 3.411630788490641862e+04 1.909943645527211718e-08
1.170879620791311689e-03 2.857870973933005416e+02 3.408045640470170474e+04 2.324072211523060386e-08
1.230911902673626282e-03 2.992708884100173350e+02 3.404217192835747846e+04 2.827584846708963091e-08
1.294022105466001958e-03 3.133421431559141865e+02 3.400128730827801337e+04 3.439649216883724807e-08
1.360368037548055848e-03 3.280203060607939847e+02 3.395762053100610501e+04 4.183504560562474714e-08
1.430115598308045934e-03 3.433234628818065630e+02 3.391091897580435761e+04 5.087297949776229123e-08
1.503439192977754080e-03 3.592746585927687306e+02 3.386117627352715499e+04 6.185209969112677129e-08
1.580522168736409397e-03 3.758900895496340695e+02 3.380804958017855824e+04 7.518529527791630697e-08
1.661557273174137529e-03 3.931870784960579499e+02 3.375127847141942766e+04 9.137248648468458265e-08
1.746747136261333697e-03 4.111864975413187722e+02 3.369077203550692502e+04 1.110194888994297765e-07
1.836304777029133936e-03 4.299051338651513561e+02 3.362627708064932813e+04 1.348581452576888619e-07
1.930454136227949345e-03 4.493562996650783816e+02 3.355743979642886552e+04 1.637719642263334181e-07
2.029430636295988157e-03 4.695617863794472555e+02 3.348426007016294898e+04 1.988317073187873472e-07
2.133481770037976965e-03 4.905283457099778843e+02 3.340621858917688223e+04 2.413243674175258914e-07
2.242867719486086112e-03 5.122734971932893586e+02 3.332323371608289017e+04 2.928081280141232933e-07
2.357862006490532136e-03 5.348081105526714509e+02 3.323503331587851426e+04 3.551594684031694066e-07
2.478752176666675511e-03 5.581423055084532052e+02 3.314137538531369501e+04 4.306401585166864327e-07
2.605840518408833982e-03 5.822769755958378255e+02 3.304180749380068301e+04 5.219673939838133372e-07
2.739444818768723561e-03 6.072233300676614363e+02 3.293624945730476611e+04 6.324211396346657965e-07
2.879899158088616417e-03 6.329809433018680238e+02 3.282435245291371393e+04 7.659364485893751805e-07
3.027554745376210416e-03 6.595465040324701249e+02 3.270577855309133520e+04 9.272390140671088918e-07
3.182780796510085389e-03 6.869158388193282008e+02 3.258025481197834961e+04 1.122002892481325543e-06
3.345965457471714814e-03 7.150782628940277164e+02 3.244743944161281615e+04 1.357026081994323871e-06
3.517516774912597243e-03 7.440264545070515396e+02 3.230715847371601558e+04 1.640465752657722004e-06
3.697863716483424691e-03 7.737372596803336364e+02 3.215897955883078248e+04 1.982058525323753619e-06
3.887457243476651579e-03 8.041898456385901000e+02 3.200263420892337308e+04 2.393457500379286984e-06
4.086771438464619106e-03 8.353551708403972498e+02 3.183779254437598138e+04 2.888567182034156106e-06
4.296304690752923532e-03 8.671960969389051570e+02 3.166408583096029906e+04 3.483957065638592133e-06
4.516580942613284376e-03 8.996809323708134798e+02 3.148136001165948619e+04 4.199408939036818303e-06
4.748150999412126434e-03 9.327500735375290333e+02 3.128908078743772421e+04 5.058352799705177922e-06
4.991593906910903912e-03 9.663569193545932876e+02 3.108707563683603439e+04 6.088713755434120334e-06
5.247518399182111472e-03 1.000432198243844823e+03 3.087492069949181314e+04 7.323519288549428702e-06
5.516564420761540903e-03 1.034913158765655226e+03 3.065242975245373236e+04 8.801977422213145901e-06
5.799404726842954938e-03 1.069719107254372148e+03 3.041926798048102137e+04 1.057037188272922497e-05
6.096746565516493986e-03 1.104745174886483255e+03 3.017490210622531231e+04 1.268314037641433685e-05
6.409333446257287764e-03 1.139902057597401154e+03 2.991916802996198021e+04 1.520464888846165029e-05
6.737946999086424568e-03 1.175076565600292270e+03 2.965171092760148531e+04 1.821038785226910717e-05
7.083408929053131541e-03 1.210159262199807245e+03 2.937236188822150507e+04 2.178912206223201681e-05
7.446583070925409317e-03 1.244993423502024825e+03 2.908051312673897701e+04 2.604404471468272148e-05
7.828377549226901017e-03 1.279452974326933372e+03 2.877607997053491272e+04 3.109638291591070535e-05
8.229747049021221908e-03 1.313385366744653538e+03 2.845879354959059128e+04 3.708701609572232898e-05
8.651695203121895217e-03 1.346594308721181505e+03 2.812805591640685452e+04 4.417846951687831445e-05
9.095277101697147801e-03 1.378924719440681429e+03 2.778385724465563180e+04 5.256039510259352378e-05
9.561601930544914862e-03 1.410160823522655164e+03 2.742568690805192091e+04 6.244977550753301227e-05
1.005183574463506743e-02 1.440095816946884952e+03 2.705327309216395224e+04 7.409651762686213943e-05
1.056720438385422289e-02 1.468521338918028505e+03 2.666644878461548433e+04 8.778712829555045788e-05
1.110899653824396448e-02 1.495185157701056369e+03 2.626476216898666462e+04 1.038459898935539192e-04
1.167856697039719623e-02 1.519850158548035552e+03 2.584802121079256176e+04 1.226421339816466958e-04
1.227733990307029038e-02 1.542259473167315946e+03 2.541596296546977101e+04 1.445907612929118178e-04
1.290681258048182248e-02 1.562142950764777197e+03 2.496831089360609622e+04 1.701563039609674548e-04
1.356855901220299469e-02 1.579226393151374623e+03 2.450484186930925352e+04 1.998553764523406848e-04
1.426423390900143431e-02 1.593243930214027387e+03 2.402546349411621122e+04 2.342598642611393070e-04
1.499557682048000690e-02 1.603919024399260252e+03 2.353004667522955788e+04 2.739947400528787934e-04
1.576441648485692182e-02 1.610948985819648442e+03 2.301830785151801683e+04 3.197317369658586920e-04
1.657267540176381518e-02 1.614115180745838643e+03 2.249058190294581436e+04 3.722053862630478240e-04
1.742237463949622076e-02 1.613145860908749228e+03 2.194679874355860011e+04 4.321812705899801790e-04
1.831563888873704443e-02 1.607824792728366219e+03 2.138723559630363161e+04 5.004667133559708402e-04
1.925470177538994923e-02 1.597962518075175467e+03 2.081227318876301069e+04 5.778927375248919503e-04
2.024191144580758314e-02 1.583430105007760176e+03 2.022258192944714392e+04 6.653094901752144331e-04
2.127973643838054069e-02 1.564112853094050024e+03 1.961878591367524496e+04 7.635492902948454305e-04
2.237077185616915750e-02 1.539988052452473312e+03 1.900192905445657743e+04 8.734348510011244677e-04
2.351774585601286785e-02 1.511137262321359685e+03 1.837350046960948748e+04 9.957750771148795449e-04
2.472352647034336062e-02 1.477679828213769497e+03 1.773499419821995980e+04 1.131310595568561870e-03
2.599112877875953478e-02 1.439853224998917995e+03 1.708838109992757381e+04 1.280748646475611281e-03
2.732372244729698585e-02 1.398019852666623819e+03 1.643612401479662003e+04 1.444784896860960887e-03
2.872463965424410307e-02 1.352632991750277824e+03 1.578096872073491249e+04 1.624104623374969612e-03
3.019738342232343442e-02 1.304274627500948327e+03 1.512617514887220204e+04 1.819479827093864683e-03
3.174563637807315680e-02 1.253638670216211722e+03 1.447543831064917140e+04 2.031864541044929324e-03
3.337326996033158216e-02 1.201503118170042399e+03 1.383276232190187693e+04 2.262514888511901398e-03
3.508435410085083278e-02 1.148742304046560321e+03 1.320257678724105062e+04 2.513236339650152043e-03
3.688316740124613496e-02 1.096257911988224350e+03 1.258939024347453233e+04 2.786555060886335925e-03
3.877420783172848273e-02 1.044449925565920466e+03 1.199480157655158109e+04 3.084513559018967933e-03
4.076220397837305304e-02 9.944018332438561174e+02 1.142434067862763732e+04 3.411969568020139544e-03
4.285212686704739649e-02 9.473142643273727117e+02 1.088424118102706416e+04 3.776430371793870321e-03
4.504920239356542677e-02 9.039312216746023978e+02 1.037814520245593121e+04 4.186652974745739761e-03
4.735892439114896407e-02 8.646414431299639318e+02 9.907657933634372966e+03 4.652772279585389026e-03
4.978706836787243073e-02 8.294196334867970108e+02 9.471986418695298198e+03 5.185542921203900937e-03
5.233970594844135349e-02 7.978790917790008734e+02 9.068247903365239836e+03 5.795637032080877202e-03
5.502322005641668845e-02 7.693569853561460832e+02 8.692000114686021334e+03 6.492861929221522589e-03
5.784432087484844831e-02 7.432229539014053898e+02 8.339043909955416893e+03 7.287382288134345611e-03
6.081006262522850592e-02 7.199042245950168990e+02 8.011152436599233624e+03 8.201085376428383575e-03
6.392786120671870020e-02 6.956833693085750383e+02 7.687132663751365726e+03 9.207726369678780054e-03
6.720551273976151097e-02 6.698890462005434756e+02 7.363103997115440507e+03 1.030120030291438969e-02
7.065121306044198912e-02 6.410692664917829688e+02 7.030932129583769893e+03 1.145339093696631783e-02
7.427357821434696361e-02 6.081570435589553654e+02 6.684504633089458366e+03 1.262376906574218943e-02
7.808166600116696332e-02 5.708855955652522880e+02 6.321742930974420233e+03 1.376786368875981478e-02
8.208499862391337165e-02 5.300186303138540325e+02 5.945779340517353376e+03 1.485090021853134427e-02
8.629358649938589920e-02 4.872291011758704826e+02 5.564559118636301719e+03 1.586130940183021545e-02
9.071795328942874881e-02 4.447485242305518796e+02 5.189462040641820749e+03 1.682149167247934396e-02
9.536916221556676621e-02 4.050039912428092066e+02 4.833877765577988612e+03 1.779727309589601222e-02
1.002588437228218304e-01 3.702700177240712947e+02 4.511554592564463746e+03 1.890413807441299748e-02
1.053992245618834284e-01 3.421079818217330057e+02 4.233011788140555836e+03 2.029297465970722122e-02
1.108031583623540345e-01 3.206804251776798083e+02 4.000414849423568285e+03 2.210034885648871558e-02
1.164841577735182265e-01 3.046098026290317193e+02 3.805762424198198005e+03 2.439016430165492563e-02
1.224564282530043596e-01 2.913717325466628836e+02 3.633242412861045068e+03 2.710581309154926066e-02
1.287349035878279091e-01 2.777369775039805404e+02 3.462489383781475681e+03 3.001877047397363135e-02
1.353352832366376823e-01 2.605958950129807477e+02 3.273831432247019166e+03 3.272434313186882437e-02
1.422740715865399574e-01 2.389723672062654316e+02 3.060182326495726102e+03 3.486544602781135177e-02
1.495686192226629019e-01 2.149845632218641072e+02 2.833205193184785458e+03 3.644173024558673007e-02
1.572371663136570008e-01 1.920071127179451196e+02 2.613569059468348314e+03 3.781405063471164618e-02
1.652988882216175348e-01 1.730359771527181181e+02 2.421834476724382512e+03 3.959282282421096311e-02
1.737739434504778357e-01 1.596857265806374926e+02 2.270963911470714720e+03 4.245123483503183970e-02
1.826835240527691917e-01 1.504625486276989079e+02 2.151752525035412873e+03 4.647258336331708262e-02
1.920499086207905493e-01 1.418920951603066953e+02 2.039661723574728285e+03 5.091793414283482533e-02
2.018965179946938526e-01 1.311931831337338963e+02 1.914412894746246820e+03 5.469756779855517587e-02
2.122479738267836202e-01 1.180565308315804174e+02 1.772661920751376556e+03 5.718616001410164323e-02
2.231301601484726449e-01 1.050747728330444204e+02 1.632416845637606002e+03 5.913485689105841409e-02
2.345702880938428103e-01 9.496862288430043009e+01 1.514861189070464889e+03 6.209682611287609816e-02
2.465969639416541459e-01 8.797582866802432022e+01 1.423198190360896206e+03 6.683389949204530944e-02
2.592402606459418002e-01 8.173087523506505647e+01 1.338991146608966801e+03 7.213794343178872581e-02
2.725317930340656614e-01 7.432306648457527842e+01 1.246371103237619764e+03 7.621586788201108187e-02
2.865047968602461026e-01 6.640196687241487439e+01 1.149944721993111216e+03 7.911282548838227680e-02
3.011942119122611450e-01 5.989171527183558652e+01 1.066033368406058798e+03 8.290426538272629986e-02
3.166367693791155569e-01 5.494473153218432060e+01 9.966699907838933541e+02 8.836501430187995720e-02
3.328710836981453314e-01 5.015655750959584225e+01 9.295080293246269321e+02 9.371868576076131108e-02
3.499377491112247163e-01 4.504189137296111767e+01 8.598021474099335819e+02 9.778207742722092033e-02
3.678794411715154977e-01 4.055766171098093764e+01 7.963933063820643383e+02 1.022962519259452835e-01
3.867410234545784475e-01 3.689171480404880299e+01 7.414066876325434805e+02 1.081084966543424813e-01
4.065696597406806001e-01 3.333981051158492193e+01 6.879780342470697860e+02 1.135110876293684984e-01
4.274149319488126375e-01 2.994539001288195124e+01 6.364421387548817393e+02 1.184538835722457328e-01
4.493289641173122684e-01 2.705043427442013382e+01 5.904484561818969723e+02 1.243190675755858066e-01
4.723665527411103904e-01 2.439241711566073079e+01 5.472971925975069780e+02 1.302454356173577965e-01
4.965853037915104462e-01 2.191165992873596835e+01 5.063308298362501318e+02 1.359336961708652314e-01
5.220457767611225153e-01 1.972928450110959631e+01 4.689789294975307712e+02 1.422025403142530009e-01
5.488116360941387439e-01 1.772647891350916183e+01 4.339201653288685634e+02 1.484440073487060530e-01
5.769498103806052214e-01 1.591512726328987348e+01 4.013327333125766359e+02 1.548440348970326619e-01
6.065306597127584354e-01 1.428721929225931042e+01 3.711712344400935990e+02 1.615013833993012293e-01
6.376281516219051149e-01 1.280878825745747562e+01 3.430484094179320778e+02 1.682212108753246282e-01
6.703200460357783275e-01 1.148062047363122495e+01 3.170187855051632368e+02 1.751790798949821870e-01
7.046880897188601001e-01 1.028082054222692854e+01 2.928310588075624992e+02 1.822589362937269697e-01
7.408182206818726412e-01 9.201842289928128693e+00 2.704217209820866969e+02 1.895308938822382883e-01
7.788007830715680813e-01 8.230490554547637672e+00 2.496421825571947863e+02 1.969586769958316386e-01
8.187307530781540166e-01 7.357140625423531866e+00 2.303883794647206571e+02 2.045514804610306936e-01
8.607079764252394405e-01 6.572444390320811181e+00 2.125545628744029898e+02 2.123071704767238166e-01
9.048374180361511421e-01 5.868058840480910199e+00 1.960447123308777009e+02 2.202299470373723644e-01
9.512294245009160765e-01 5.236226281999922350e+00 1.807665365560364990e+02 2.283202823605211540e-01
1.000000000000213163e+00 4.669806337201585222e+00 1.666323042833416253e+02 2.365751527330285375e-01
1.051271096376248826e+00 4.162402483541388420e+00 1.535616365370392771e+02 2.449957232766573623e-01
1.105170918075884856e+00 3.708054541893402334e+00 1.414766225797402228e+02 2.535739974439991662e-01
1.161834242728533306e+00 3.301678830005809751e+00 1.303106677287439084e+02 2.623237432447064199e-01
1.221402758160433644e+00 2.938306248342471338e+00 1.199946871710929912e+02 2.712339238147299936e-01
1.284025416688019838e+00 2.613693382666981702e+00 1.104693347262122813e+02 2.803146260816344881e-01
1.349858807576296504e+00 2.323709741145445928e+00 1.016731525052523750e+02 2.895457343822179230e-01
1.419067548593566874e+00 2.064965209210943620e+00 9.355621660941308448e+01 2.989456263422134441e-01
1.491824697641596753e+00 1.834198861771057176e+00 8.606774449568449370e+01 3.085105761666617763e-01
1.568312185490513100e+00 1.628476477594752447e+00 7.916056548421263983e+01 3.182359943486827158e-01
1.648721270700491237e+00 1.445168447911051812e+00 7.279110454503755534e+01 3.281183001159493351e-01
1.733253017867778301e+00 1.281969002239370381e+00 6.692043678398522388e+01 3.381689104478153851e-01
1.822118800390913007e+00 1.136702597204251486e+00 6.150980665144345494e+01 3.483751579857584102e-01
1.915540829014322100e+00 1.007466590794752648e+00 5.652456036673551409e+01 3.587361573378186064e-01
2.013752707470925607e+00 8.925776853542193301e-01 5.193328687597347937e+01 3.692620667738851781e-01
2.117000016613148627e+00 7.904729021447968185e-01 4.770536485899398116e+01 3.799442093406884546e-01
2.225540928492967474e+00 6.997823918511306696e-01 4.381332010059739446e+01 3.907869262012189093e-01
2.339646851926517890e+00 6.192518188473277174e-01 4.023085251815552965e+01 4.017801519334739946e-01
2.459603111157505406e+00 5.477929918236339457e-01 3.693471540981393275e+01 4.129351303182418609e-01
2.585709659316432152e+00 4.843995905938056068e-01 3.390231351435457441e+01 4.242416466523918350e-01
2.718281828459663263e+00 4.281932145995101524e-01 3.111345738445933407e+01 4.357059448681381841e-01
2.857651118063815776e+00 3.783752051976034814e-01 2.854898343242415493e+01 4.473222970998806391e-01
3.004166023947120401e+00 3.342423436937315140e-01 2.619153662408958283e+01 4.590960087300233750e-01
3.158192909690492378e+00 2.951554100713451589e-01 2.402462124708379321e+01 4.710174203272488591e-01
3.320116922737311960e+00 2.605540715592951084e-01 2.203337563497592555e+01 4.830902338464549417e-01
3.490342957462647444e+00 2.299384452574033399e-01 2.020406851913660518e+01 4.953203334413588399e-01
3.669296667620093988e+00 2.028521705073301207e-01 1.852353190962533347e+01 5.076897524046433130e-01
3.857425530697870641e+00 1.789050287803032324e-01 1.698033184289869979e+01 5.202181003073191867e-01
4.055199966845619564e+00 1.577359774062243036e-01 1.556328285948677959e+01 5.328903357677485797e-01
4.263114515169814212e+00 1.390303280796771623e-01 1.426236461186391580e+01 5.457086060322098309e-01
4.481689070339116121e+00 1.225082797981582317e-01 1.306833963228227447e+01 5.586770988907332480e-01
4.711470182591849465e+00 1.079189396541541668e-01 1.197257200419859835e+01 5.717909395633609115e-01
4.953032424396282885e+00 9.504033892166705022e-02 1.096714390053193355e+01 5.850483359914278036e-01
5.206979827181080545e+00 8.367563611569017734e-02 1.004476997663067017e+01 5.984487538550035124e-01
5.473947391728498424e+00 7.365069646788030555e-02 9.198771787001398081e+00 6.119965511131884028e-01
5.754602676007100293e+00 6.480964733854477355e-02 8.422910297351956288e+00 6.256852935296923768e-01
6.049647464414390718e+00 5.701497974806163382e-02 7.711480496422677078e+00 6.395130859849030847e-01
6.359819522603354258e+00 5.014537774367482104e-02 7.059267868911630828e+00 6.534848757129644303e-01
6.685894442280875261e+00 4.409226034172011172e-02 6.461395436880436272e+00 6.675920693258927674e-01
7.028687580590986528e+00 3.876078014420424739e-02 5.913469004775124382e+00 6.818447291954972123e-01
7.389056098932435646e+00 3.406543003465108133e-02 5.411328995852808355e+00 6.962272640422925152e-01
7.767901106308653603e+00 2.993204395892115274e-02 4.951264405872926488e+00 7.107513561507905475e-01
8.166169912569634093e+00 2.629417038827986178e-02 4.529795532929102642e+00 7.254123879550924414e-01
8.584858397179985445e+00 2.309314564193865743e-02 4.143728962806982885e+00 7.402062738350418947e-01
9.025013499436326470e+00 2.027722736271579326e-02 3.790137885577674393e+00 7.551311926881176806e-01
9.487735836360851494e+00 1.780090589300067569e-02 3.466352361804621918e+00 7.701939733852848358e-01
9.974182454817173138e+00 1.562376196792186409e-02 3.169898768923891552e+00 7.853943954278738149e-01
1.048556972473016025e+01 1.370974905323295648e-02 2.898466397929394311e+00 8.007111235204651400e-01
1.102317638064432792e+01 1.202776191363736681e-02 2.650006013826936346e+00 8.161600850066053070e-01
1.158834671922626214e+01 1.055009500477006694e-02 2.422610327581976808e+00 8.317466712736404366e-01
1.218249396070650370e+01 9.252102348613875510e-03 2.214504280644153056e+00 8.474601812484271468e-01
1.280710378266622662e+01 8.112157962326158045e-03 2.024069590995435153e+00 8.632954347375910720e-01
1.346373803500505772e+01 7.111353569548483841e-03 1.849840602654179378e+00 8.792644000768877754e-01
1.415403864537935341e+01 6.232773403769425492e-03 1.690440042996893988e+00 8.953497737850016902e-01
1.487973172487657614e+01 5.461736555203984371e-03 1.544633350921941872e+00 9.115622058143388884e-01
1.564263188419211659e+01 4.785120562139028380e-03 1.411261216387785566e+00 9.278817203827668392e-01
1.644464677110120832e+01 4.191650896296295753e-03 1.289301381013657988e+00 9.443413616883289396e-01
1.728778184057202338e+01 3.671105802077957898e-03 1.177772139608970647e+00 9.609150166869214749e-01
1.817414536944768244e+01 3.214608999583442803e-03 1.075790823020353448e+00 9.775982325695594666e-01
1.910595372823652127e+01 2.814416697525144555e-03 9.825595641448069406e-01 9.944084876567848008e-01
2.008553692319280515e+01 2.463615198214230782e-03 8.973297286773517234e-01 1.011331351547995583e+00
2.111534442254602695e+01 2.156151922600926894e-03 8.194193755454223238e-01 1.028357515557895896e+00
2.219795128144734164e+01 1.886764044670268979e-03 7.482147689686298175e-01 1.045506006280094491e+00
2.333606458094873304e+01 1.650752331839654185e-03 6.831394588112019717e-01 1.062759589437097363e+00
2.453253019711569394e+01 1.444026868202513735e-03 6.236730524160427613e-01 1.080121371505935013e+00
2.579033991719975205e+01 1.262983934012967737e-03 5.693367087885604638e-01 1.097587831592441443e+00
2.711263892066493852e+01 1.104463634264141181e-03 5.196930569444206949e-01 1.115159659490809085e+00
2.850273364377471097e+01 9.656871358221615813e-04 4.743406651776403415e-01 1.132833929695691966e+00
2.996410004740484823e+01 8.442038263968637763e-04 4.329091092073679703e-01 1.150591842551451194e+00
3.150039230875619012e+01 7.378969141623902472e-04 3.950679911690255230e-01 1.168459975959321051e+00
3.311545195870102276e+01 6.448731088839156815e-04 3.605056383907827566e-01 1.186414883440373158e+00
3.481331748761120082e+01 5.634896982794623810e-04 3.289416368326969486e-01 1.204460250166799362e+00
3.659823444368765877e+01 4.922991615514700882e-04 3.001175122265029582e-01 1.222586960799438627e+00
3.847466604904231957e+01 4.300375917477769483e-04 2.737984159279208685e-01 1.240798491725756847e+00
4.044730436007814234e+01 3.755889160747094666e-04 2.497669872048890460e-01 1.259075506629384167e+00
4.252108200007410943e+01 3.279896526164004754e-04 2.278293409442377071e-01 1.277448272092362558e+00
4.470118449331276622e+01 2.863717751597802765e-04 2.078000363238223236e-01 1.295858447799685509e+00
4.699306323159186860e+01 2.500001473385297284e-04 1.895184852332184866e-01 1.314352300307748411e+00
4.940244910554343960e+01 2.182127603761784343e-04 1.728313199226126917e-01 1.332894697765212522e+00
5.193536683484541783e+01 1.904355252963834603e-04 1.576003908223184702e-01 1.351474443964987060e+00
5.459815003315897997e+01 1.661691833018567128e-04 1.437008971807891000e-01 1.370107132439712938e+00
5.739745704546173499e+01 1.449707719881183313e-04 1.310163190528330079e-01 1.388764689459245361e+00
6.034028759737834946e+01 1.264562297182627736e-04 1.194417652658743279e-01 1.407448833950269096e+00
6.343400029814058882e+01 1.102875860380667577e-04 1.088805598139671316e-01 1.426143377901897269e+00
6.668633104094334385e+01 9.616952800481063008e-05 9.924455821094324559e-02 1.444834873391047214e+00
7.010541234670704114e+01 8.384424474656939805e-05 9.045352996451011540e-02 1.463518310040337944e+00
7.369979369961600923e+01 7.308526761407121194e-05 8.243369045270808326e-02 1.482173066091411640e+00
7.747846292528217305e+01 6.369525915746567565e-05 7.511805038344829266e-02 1.500791484165103329e+00
8.145086866499057976e+01 5.550094443601886579e-05 6.844502253556906946e-02 1.519349871511366690e+00
8.562694400222423496e+01 4.835141620223539405e-05 6.235872321858793033e-02 1.537838719627809603e+00
9.001713130054676526e+01 4.211399298019697057e-05 5.680764113518628478e-02 1.556224273591037432e+00
9.463240831495036787e+01 3.667338543848085484e-05 5.174518908828664582e-02 1.574493745764968589e+00
9.948431564196151555e+01 3.192868740077588451e-05 4.712875207263558103e-02 1.592631033972547350e+00
1.045849855771433994e+02 2.779072931262693586e-05 4.291867548168255830e-02 1.610564883691340654e+00
1.099471724521542768e+02 2.418369429923251899e-05 3.908036324151702157e-02 1.628340025354003906e+00
1.155842845272200918e+02 2.103886060951168499e-05 3.558027566620911714e-02 1.645844658485642320e+00
1.215104175187690743e+02 1.829833786988185261e-05 3.238955285423032043e-02 1.663115613295717221e+00
1.277403898460648861e+02 1.591017955756411124e-05 2.948068719562188522e-02 1.680080347046358336e+00
1.342897796849734675e+02 1.382940651403238441e-05 2.682889368861605603e-02 1.696690725059620597e+00
1.411749639215168770e+02 1.201667435742730072e-05 2.441147774538380069e-02 1.712882638692832415e+00
1.484131591026187778e+02 1.043796934720285479e-05 2.220807234309350037e-02 1.728635806598306734e+00
1.560224644864394463e+02 9.063273955777643770e-06 2.019976605364420807e-02 1.743880684558348770e+00
1.640219072999485945e+02 7.866620979942572512e-06 1.836956320683866967e-02 1.758587808595669655e+00
1.724314903169036768e+02 6.825034887999637694e-06 1.670160028011187861e-02 1.772657694297860465e+00
1.812722418752032070e+02 5.918713248076094437e-06 1.518169381601117314e-02 1.786041213943880379e+00
1.905662684586848457e+02 5.130331039338340824e-06 1.379685830455749593e-02 1.798679306457228622e+00
2.003368099748494728e+02 4.444610303703581539e-06 1.253502731578635086e-02 1.810448644029256426e+00
2.106082978667353416e+02 3.848474064155445391e-06 1.138554052056143205e-02 1.821315810257303491e+00
2.214064162042512862e+02 3.330373292821038366e-06 1.033848161331495617e-02 1.831191572429570424e+00
2.327581659077297047e+02 2.880237972491521854e-06 9.384808581354261298e-03 1.839981302435496735e+00
2.446919322642916654e+02 2.489276873339043042e-06 8.516257140441050449e-03 1.847576436208502093e+00
2.572375559058498879e+02 2.149910581500125206e-06 7.725441236909342396e-03 1.853931911077492112e+00
2.704264074262317763e+02 1.855430099795200963e-06 7.005454626844742280e-03 1.858926217662217217e+00
2.842914658240042627e+02 1.600046777841901085e-06 6.350110701416369387e-03 1.862491960491101217e+00
2.988674009671481713e+02 1.378686373165579951e-06 5.753718749003091867e-03 1.864538616915539571e+00
3.141906602857868620e+02 1.186940564398905290e-06 5.211122766164756094e-03 1.865000893224190159e+00
3.302995599097462787e+02 1.020954200359656048e-06 4.717597443678382685e-03 1.863805136555507946e+00
3.472343804788374655e+02 8.773734028138101247e-07 4.268850176149165815e-03 1.860899337082584593e+00
3.650374678654371792e+02 7.532813136567057336e-07 3.860985834254652711e-03 1.856264173957278718e+00
3.837533390612260860e+02 6.461183841574113645e-07 3.490411180972528751e-03 1.849859989728453780e+00
4.034287934928555046e+02 5.536664444099851475e-07 3.153882973912556283e-03 1.841701053810988586e+00
4.241130300448911044e+02 4.739892110946306478e-07 2.848437089146856234e-03 1.831823228912354828e+00
4.458577700826506316e+02 4.053933087517336291e-07 2.571352534178587054e-03 1.820270177738930517e+00
4.687173867825576963e+02 3.464086736967175211e-07 2.320163789313342637e-03 1.807141701642534626e+00
4.927490410934046849e+02 2.957492093121633790e-07 2.092603718099413004e-03 1.792549736575039132e+00
5.180128246684984106e+02 2.522938147139132057e-07 1.886598258121762210e-03 1.776635754768724151e+00
5.445719101260938260e+02 2.150674798945279308e-07 1.700256451485613902e-03 1.759586871958070287e+00
5.724927090138447738e+02 1.832160079491541674e-07 1.531826919486569804e-03 1.741580507974409553e+00
6.018450378722650385e+02 1.559984013141178709e-07 1.379713754910668558e-03 1.722838067079511148e+00
6.327022928124463306e+02 1.327689896012335175e-07 1.242447870701059902e-03 1.703590203415181747e+00
6.651416330445650829e+02 1.129636572230725106e-07 1.118665267078572390e-03 1.684036112862957513e+00
6.992441738160994191e+02 9.609450740835782598e-08 1.007119477593226798e-03 1.664391132187132749e+00
7.350951892421985576e+02 8.173776412059440141e-08 9.066590910771858127e-04 1.644840361792187622e+00
7.727843255353874383e+02 6.952575004652257297e-08 8.162184660726765030e-04 1.625514529192655599e+00
8.124058251677936369e+02 5.914225350804087139e-08 7.348241818414067567e-04 1.606523984507741032e+00
8.540587625264155349e+02 5.031494019266588750e-08 6.615823598002514103e-04 1.587926799170474634e+00
8.978472916506958654e+02 4.281082397023299458e-08 5.956801944813502024e-04 1.569752836382712236e+00
9.438809066718714575e+02 3.643014892740854237e-08 5.363740663160821267e-04 1.551968165842047220e+00
9.922747156053346771e+02 3.100413234936122058e-08 4.830009891835907549e-04 1.534566158189127894e+00
1.043149728180628472e+03 2.638894840976232837e-08 4.349608834251258277e-04 1.517512547512811727e+00
1.096633158428801380e+03 2.246262655529435953e-08 3.917151416374658069e-04 1.500772682221220400e+00
1.152858742783748994e+03 1.912289785997086482e-08 3.527913063554141584e-04 1.484404480585591157e+00
1.211967074492957408e+03 1.628137879693780747e-08 3.177514514283298988e-04 1.468364594116447153e+00
1.274105955173854682e+03 1.386509364537719989e-08 2.862228403854304463e-04 1.452812951856917945e+00
1.339430764394840480e+03 1.181009586945591450e-08 2.578520129059991696e-04 1.437753690725065647e+00
1.408104848205140797e+03 1.006222675037676226e-08 2.323227797215642000e-04 1.423211158729041914e+00
1.480299927585014302e+03 8.575672807916755478e-09 2.093532839646012765e-04 1.409248610980382121e+00
1.556196527837648091e+03 7.310536886082101905e-09 1.886779911127274480e-04 1.395766779919910938e+00
1.635984429996447261e+03 6.233699804266822623e-09 1.700671681616152038e-04 1.382781757286683177e+00
1.719863145376471039e+03 5.316696285854527150e-09 1.533096157301390948e-04 1.370230977507692627e+00
1.808042414456641382e+03 4.535928827747846130e-09 1.382237005133684846e-04 1.358195644081418685e+00
1.900742731340188357e+03 3.870862737880303167e-09 1.246390747846472897e-04 1.346629255940944514e+00
1.998195895104759757e+03 3.304333525872612463e-09 1.124069593399256627e-04 1.335575129168937281e+00
2.100645589420852957e+03 2.820887354349811296e-09 1.013783140714008757e-04 1.324690319398360128e+00
2.208347991887921125e+03 2.408172602319051274e-09 9.143172828721077034e-05 1.313894219788047657e+00
2.321572414611807289e+03 2.055840788402113921e-09 8.246103729539720751e-05 1.303186107358645707e+00
2.440601977625289692e+03 1.755057483499225950e-09 7.437049259829073831e-05 1.292565265023050580e+00
2.565734316835632853e+03 1.498280794779209204e-09 6.707373992275917122e-05 1.282030981538321290e+00
2.697282328269386653e+03 1.279072258948706325e-09 6.049289751953724993e-05 1.271582551458070975e+00
2.835574950475434889e+03 1.091935403105287757e-09 5.455772489387531268e-05 1.261219275085269098e+00
2.980957987042702825e+03 9.321779252211350953e-10 4.920487309496877833e-05 1.250940458425340296e+00
3.133794971289250043e+03 7.957940385469958408e-10 4.437720856215199712e-05 1.240745413139706654e+00
3.294468075284922634e+03 6.793640298194211799e-10 4.002320331093592342e-05 1.230633456499640621e+00
3.463379065480592999e+03 5.799685127764388550e-10 3.609638495005841683e-05 1.220603911340545356e+00
3.640950307333554974e+03 4.951152269594561134e-10 3.255484065931383566e-05 1.210656106016859024e+00
3.827625821441170956e+03 4.226765463413969721e-10 2.936076983386581369e-05 1.200789374356599160e+00
4.023872393823642142e+03 3.608361308624019049e-10 2.648008062022759644e-05 1.191003055617337658e+00
4.230180743132199495e+03 3.080433832034024700e-10 2.388202603750971955e-05 1.181296494441184564e+00
4.447066747701334862e+03 2.629745688399160125e-10 2.153887580012233107e-05 1.171669040811818441e+00
4.675072735513344924e+03 2.244996244924128021e-10 1.942562033909654584e-05 1.162120050010162053e+00
4.914768840300775992e+03 1.916538227234995728e-10 1.751970386293690482e-05 1.152648882571711608e+00
5.166754427177720572e+03 1.636135821945490584e-10 1.580078360881313662e-05 1.143254904243626857e+00
5.431659591364801599e+03 1.396758170440974750e-10 1.425051271446955138e-05 1.133937485941768797e+00
5.710146733755425885e+03 1.192403075909559722e-10 1.285234439334950968e-05 1.124696003709364289e+00
6.002912217263044113e+03 1.017946503215988014e-10 1.159135532278429917e-05 1.115529838674833130e+00
6.310688108091153481e+03 8.690140979543449098e-11 1.045408636019410360e-05 1.106438377009935081e+00
6.634244006280128815e+03 7.418715031267750332e-11 9.428398887193385351e-06 1.097421009889600452e+00
6.974388970108182548e+03 6.333307232265785565e-11 8.503345248276088900e-06 1.088477133450116652e+00
7.331973539158482708e+03 5.406701878858360709e-11 7.669051901229395038e-06 1.079606148749576944e+00
7.707891861111141225e+03 4.615665107469600329e-11 6.916614032068987506e-06 1.070807461727398824e+00
8.103083927578147268e+03 3.940362324694746800e-11 6.238000509677334423e-06 1.062080483164148381e+00
8.518537924572025076e+03 3.363860871263621888e-11 5.625968165682742899e-06 1.053424628642862126e+00
8.955292703485578386e+03 2.871705449598483751e-11 5.073984484639429490e-06 1.044839318509389603e+00
9.414440378761499232e+03 2.451555669172705035e-11 4.576157879350314727e-06 1.036323977833824017e+00
9.897129058747319505e+03 2.092876621414118987e-11 4.127174807123383734e-06 1.027878036371536297e+00
1.040456571656430970e+04 1.786674725579392521e-11 3.722243055777661930e-06 1.019500928525668648e+00
1.093801920816896018e+04 1.525272222147180906e-11 3.357040594057595574e-06 1.011192093308826978e+00
1.149882344515380282e+04 1.302114659342722948e-11 3.027669440516078896e-06 1.002950974305718113e+00
1.208838073022117533e+04 1.111606545675102620e-11 2.730614058483939696e-06 9.947770196355514294e-01
1.270816526367042752e+04 9.489710476121504473e-12 2.462703833057402130e-06 9.866696819153216724e-01
1.335972682966652428e+04 8.101302144267893873e-12 2.221079229601039481e-06 9.786284182232356521e-01
1.404469467150771925e+04 6.916027269523794954e-12 2.003161272560135537e-06 9.706526900627238108e-01
1.476478156558243427e+04 5.904166063801137355e-12 1.806624018813167595e-06 9.627419633249088005e-01
1.552178810420236550e+04 5.040346943476048603e-12 1.629369731764649055e-06 9.548957082546301045e-01
1.631760719802116000e+04 4.302910357885871126e-12 1.469506491192817320e-06 9.471133994139401269e-01
1.715422880929701932e+04 3.673365693996637012e-12 1.325327999875959616e-06 9.393945156473940683e-01
1.803374492783486858e+04 3.135927639555803727e-12 1.195295371461097479e-06 9.317385400460551637e-01
1.895835480205053682e+04 2.677120379440095927e-12 1.078020705191745526e-06 9.241449599152311567e-01
1.993037043823734348e+04 2.285439700714987610e-12 9.722522721737714267e-07 9.166132667369617515e-01
2.095222238178608313e+04 1.951064534012086483e-12 8.768611550732153434e-07 9.091429561393133962e-01
2.202646579481454319e+04 1.665610698321221809e-12 7.908291986370616825e-07 9.017335278595003389e-01
2.315578684540369068e+04 1.421920674585719686e-12 7.132381424340644520e-07 8.943844857128555592e-01
2.434300942441707230e+04 1.213884136822146328e-12 6.432598198187455237e-07 8.870953375575517663e-01
2.559110220669883711e+04 1.036284740749296926e-12 5.801473185116306399e-07 8.798655952640916933e-01
2.690318607430719567e+04 8.846693282613736503e-13 5.232270084443241092e-07 8.726947746797595329e-01
2.828254192034512744e+04 7.552362681713656417e-13 4.718913517827600371e-07 8.655823955984586204e-01
2.973261885290210193e+04 6.447401334489272937e-13 4.255924183834554394e-07 8.585279817275196512e-01
3.125704281962085952e+04 5.504103248195956244e-13 3.838360374717414461e-07 8.515310606560132500e-01
3.285962567445517197e+04 4.698816002773512036e-13 3.461765231195091825e-07 8.445911638231199392e-01
3.454437470929026313e+04 4.011347685958099336e-13 3.122119172250687046e-07 8.377078264869186608e-01
3.631550267425979837e+04 3.424460597763342271e-13 2.815796992209396810e-07 8.308805876925372536e-01
3.817743831181556016e+04 2.923439029402589499e-13 2.539529167177753595e-07 8.241089902424070246e-01
4.013483743089039490e+04 2.495720279046698368e-13 2.290366957841732229e-07 8.173925806648854042e-01
4.219259454884566367e+04 2.130579652457402790e-13 2.065650936154817643e-07 8.107309091840864124e-01
4.435585513031406299e+04 1.818861550141107019e-13 1.862982599983930017e-07 8.041235296897368823e-01
4.663002845354139572e+04 1.552749898257021059e-13 1.680198772743062951e-07 7.975699997073345537e-01
4.902080113639969204e+04 1.325572167024005272e-13 1.515348514769620842e-07 7.910698803685075609e-01
5.153415135589398415e+04 1.131632062549885569e-13 1.366672300007473239e-07 7.846227363816051792e-01
5.417636379671867326e+04 9.660666969692172085e-14 1.232583235739595419e-07 7.782281360027446526e-01
5.695404536624281900e+04 8.247246555475400441e-14 1.111650124918741041e-07 7.718856510063538678e-01
5.987414171521994285e+04 7.040619033879469731e-14 1.002582190313668448e-07 7.655948566568790969e-01
6.294395460553275188e+04 6.010529216847023079e-14 9.042152974233943613e-08 7.593553316806538334e-01
6.617116016840114025e+04 5.131148453386144305e-14 8.154995291096094271e-08 7.531666582371764340e-01
6.956382809870861820e+04 4.380426997491344830e-14 7.354879793264472171e-08 7.470284218913213481e-01
7.313044183344273188e+04 3.739541128982202167e-14 6.633266463370251263e-08 7.409402115855537874e-01
7.687991976470644295e+04 3.192421164274205233e-14 5.982453175423404322e-08 7.349016196124239508e-01
8.082163754034375597e+04 2.725348522341223156e-14 5.395493486319169010e-08 7.289122415872537619e-01
8.496545150794286747e+04 2.326611742632591973e-14 4.866122493111791459e-08 7.229716764212361646e-01
8.932172336083906703e+04 1.986212829874424889e-14 4.388689964690729059e-08 7.170795262937486036e-01
9.390134604774527543e+04 1.695616562605571635e-14 3.958100034154071982e-08 7.112353966276486750e-01
9.871577101079767453e+04 1.447536479543077892e-14 3.569756808161171814e-08 7.054388960596308378e-01
1.037770368201258680e+05 1.235752177596731954e-14 3.219515312765311004e-08 6.996896364180638095e-01
1.090977992765488161e+05 1.054953340393743694e-14 2.903637252105127082e-08 6.939872326939128255e-01
1.146913630576689611e+05 9.006065864854903218e-15 2.618751107777473291e-08 6.883313030152788947e-01
1.205717149864963576e+05 7.688417985560577153e-15 2.361816153003899147e-08 6.827214686234446273e-01
1.267535590057915979e+05 6.563550834262494509e-15 2.130089997489039435e-08 6.771573538462288822e-01
1.332523529455816897e+05 5.603259296627175094e-15 1.921099316571303299e-08 6.716385860731431956e-01
1.400843471757866791e+05 4.783464855843829269e-15 1.732613452239695795e-08 6.661647957304338563e-01
1.472666252406089625e+05 4.083611843711422306e-15 1.562620604248461160e-08 6.607356162563240431e-01
1.548171465762921434e+05 3.486152024244041781e-15 1.409306357205878152e-08 6.553506840765037644e-01
1.627547914190663723e+05 2.976104586153626584e-15 1.271034314446489647e-08 6.500096385797544674e-01
1.710994080155731353e+05 2.540680511386856526e-15 1.146328631983046578e-08 6.447121220940882358e-01
1.798718622538203781e+05 2.168961901060314351e-15 1.033858266113039933e-08 6.394577798616349895e-01
1.890940898387710622e+05 1.851628218174136469e-15 9.324227665507932745e-09 6.342462600163538688e-01
1.987891511430313694e+05 1.580722582846763833e-15 8.409394634441824851e-09 6.290772135604643100e-01
2.089812888697938761e+05 1.349452260123144988e-15 7.584319115179255016e-09 6.239502943398893553e-01
2.196959886722229712e+05 1.152018337759881977e-15 6.840194680039339774e-09 6.188651590211120546e-01
2.309600428808625729e+05 9.834703232954247462e-16 6.169078931185328674e-09 6.138214670696149344e-01
2.428016174984180834e+05 8.395820145390421062e-16 5.563808727585393586e-09 6.088188807256310620e-01
2.552503226294341730e+05 7.167455310457122187e-16 5.017923729372934072e-09 6.038570649832123438e-01
2.683372865209793090e+05 6.118808494913004222e-16 4.525597443520634063e-09 5.989356875650191370e-01
2.820952333994774381e+05 5.223585746366059308e-16 4.081575034891953867e-09 5.940544189028490463e-01
2.965585652983192704e+05 4.459340094125106302e-16 3.681117238853084624e-09 5.892129321141789111e-01
3.117634480808650260e+05 3.806908709963207432e-16 3.319949776825099397e-09 5.844109029807914579e-01
3.277479018739408348e+05 3.249932416027239087e-16 2.994217734850693039e-09 5.796480099260326035e-01
3.445518961379595567e+05 2.774445491982056188e-16 2.700444418249018781e-09 5.749239339948684080e-01
3.622174496113909991e+05 2.368525496104222030e-16 2.435494243178096673e-09 5.702383588311970009e-01
3.807887353794944938e+05 2.021994319914754021e-16 2.196539269044628521e-09 5.655909706582031848e-01
4.003121913300411543e+05 1.726162980508513727e-16 1.981029014528940896e-09 5.609814582547858475e-01
4.208366362722213962e+05 1.473613751498399295e-16 1.786663235077256134e-09 5.564095129373008985e-01
4.424133920090965694e+05 1.258014169649543113e-16 1.611367371282570484e-09 5.518748285373380469e-01
4.650964116688389913e+05 1.073958253600206156e-16 1.453270406117137126e-09 5.473771013827243292e-01
4.889424146156553179e+05 9.168309533403729813e-17 1.310684894664549782e-09 5.429160302746905975e-01
5.140110282777408138e+05 7.826924316519353645e-17 1.182088953212576224e-09 5.384913164702022081e-01
5.403649372469085502e+05 6.681792759431294100e-17 1.066110015454806149e-09 5.341026636607149047e-01
5.680700400227193022e+05 5.704201634575546714e-17 9.615101824309600506e-10 5.297497779525627282e-01
5.971956137930564582e+05 4.869638652288625118e-17 8.671730098363562567e-10 5.254323678475126824e-01
6.278144876631795196e+05 4.157177835388061173e-17 7.820915916741201765e-10 5.211501442220798364e-01
6.600032247664229944e+05 3.548954817607954439e-17 7.053578130653826614e-10 5.169028203105315855e-01
6.938423137119094608e+05 3.029718909354041448e-17 6.361526575006174073e-10 5.126901116832918159e-01
7.294163698479967425e+05 2.586450699276166907e-17 5.737374650838061184e-10 5.085117362293263277e-01
7.668143468447235646e+05 2.208035603279605235e-17 5.174460484595199238e-10 5.043674141360960927e-01
8.061297591243179049e+05 1.884985175520534818e-17 4.666775822758260098e-10 5.002568678721904805e-01
8.474609156959623797e+05 1.609199193461664863e-17 4.208901902858922829e-10 4.961798221678256349e-01
8.909111659795242595e+05 1.373762551486688405e-17 3.795951616424386161e-10 4.921360039966367617e-01
9.365891582329371013e+05 1.172771870340977565e-17 3.423517346519133370e-10 4.881251425574082980e-01
9.846091112294379855e+05 1.001187474774742719e-17 3.087623923130389158e-10 4.841469692559183247e-01
1.035091099863994634e+06 8.547070278505146031e-18 2.784686194267488692e-10 4.802012176869654980e-01
1.088161355403086869e+06 7.296576533994506305e-18 2.511470759911093581e-10 4.762876236165222710e-01
1.143952581128624268e+06 6.229038416863325297e-18 2.265061460380309597e-10 4.724059249640498725e-01
1.202604284165272489e+06 5.317688290938494215e-18 2.042828250758452892e-10 4.685558617849407415e-01
1.264263124320930336e+06 4.539674804867240603e-18 1.842399129159240668e-10 4.647371762531077866e-01
1.329083280812643003e+06 3.875489913365817213e-18 1.661634819210684144e-10 4.609496126439215913e-01
1.397226837794951163e+06 3.308479729096496053e-18 1.498605936528347336e-10 4.571929173162718185e-01
1.468864189654704416e+06 2.824426940215132907e-18 1.351572395470637991e-10 4.534668386968243592e-01
1.544174467085782439e+06 2.411194323016631469e-18 1.218964836366564181e-10 4.497711272623307610e-01
1.623345985009134281e+06 2.058420411081603819e-18 1.099367874985905172e-10 4.461055355231239306e-01
1.706576713458170416e+06 1.757259690067764798e-18 9.915049954628670927e-11 4.424698180065696484e-01
1.794074772606963990e+06 1.500160803746828559e-18 8.942249254285550457e-11 4.388637312406090674e-01
1.886058953179090517e+06 1.280677209987426232e-18 8.064893479276817285e-11 4.352870337376491539e-01
1.982759263538399944e+06 1.093305539035054145e-18 7.273618189616073999e-11 4.317394859774073557e-01
2.084417504829733167e+06 9.333476010692510979e-19 6.559977723733298648e-11 4.282208503930555743e-01
2.191287875607731752e+06 7.967925829679681447e-19 5.916355053842740899e-11 4.247308913523390461e-01
2.303637607465630397e+06 6.802164804902499149e-19 5.335880485768788483e-11 4.212693751449380075e-01
2.421747633253435604e+06 5.806962441927279545e-19 4.812358335374507953e-11 4.178360699637076459e-01
2.545913289556382690e+06 4.957364863856499344e-19 4.340200799066873951e-11 4.144307458922444343e-01
2.676445055190230254e+06 4.232069113438257022e-19 3.914368312464039541e-11 4.110531748864189039e-01
2.813669327560023405e+06 3.612888999056095503e-19 3.530315760718667827e-11 4.077031307621438727e-01
2.957929238823618274e+06 3.084299090968768745e-19 3.183943966307664111e-11 4.043803891774026549e-01
3.109585513900805730e+06 2.633045434010321672e-19 2.871555936549790016e-11 4.010847276192933686e-01
