# [1] k:    [h/Mpc] 
# [2] P:    [Mpc^3/h^3] 
# [3] T:    [Mpc^3/h^3] 
# [4] Delta_k 
3.059023205018257859e-07 2.909473567202291305e-02 3.700445245695901394e+04 4.219227948394061349e-23
3.215862678579245412e-07 3.050686342018314040e-02 3.698677660744016612e+04 5.139966675549803211e-23
3.380743483904743061e-07 3.198752950472784351e-02 3.696910920117946807e+04 6.261633111316972634e-23
3.554077908890640533e-07 3.354006046845479927e-02 3.695145023407656117e+04 7.628074595745726955e-23
3.736299379885273404e-07 3.516794430958612716e-02 3.693379970203314588e+04 9.292707030835893111e-23
3.927863545481053003e-07 3.687483831849018567e-02 3.691615760115442390e+04 1.132060297488725846e-22
4.129249415873286729e-07 3.866457729359371737e-02 3.689852392734591558e+04 1.379103540978611933e-22
4.340960560635169786e-07 4.054118215733745062e-02 3.688089867658228468e+04 1.680057662086390801e-22
4.563526367904018199e-07 4.250886898967185662e-02 3.686328184484010853e+04 2.046687332796126710e-22
4.797503368127355169e-07 4.457205850012541104e-02 3.684567342809787806e+04 2.493324564245059196e-22
5.043476625678916271e-07 4.673538595960525371e-02 3.682807342233602685e+04 3.037428962915763781e-22
5.302061201824328858e-07 4.900371161406368026e-02 3.681048182346993417e+04 3.700270248418106988e-22
5.573903692694645323e-07 5.138213160448949074e-02 3.679289862761781114e+04 4.507759713410531464e-22
5.859683846113473662e-07 5.387598941512387885e-02 3.677532383069884963e+04 5.491463128276618320e-22
6.160116261320592563e-07 5.649088787889766650e-02 3.675775742863427877e+04 6.689834686484610616e-22
6.475952175842278093e-07 5.923270176569565143e-02 3.674019941754786851e+04 8.149720227057327727e-22
6.807981343976415384e-07 6.210759097972082254e-02 3.672264979336466058e+04 9.928188496719001363e-22
7.157034011589609116e-07 6.512201439921858070e-02 3.670510855201172672e+04 1.209476203842829785e-21
7.523982992164306405e-07 6.828274438807614699e-02 3.668757568961838115e+04 1.473413491444889869e-21
7.909745849287134463e-07 7.159688200958494453e-02 3.667005120211550820e+04 1.794948350264469527e-21
8.315287191035797356e-07 7.507187298098101647e-02 3.665253508550268452e+04 2.186649978993809653e-21
8.741621082001717898e-07 7.871552440087489777e-02 3.663502733571475983e+04 2.663830482872537733e-21
9.189813578979717484e-07 8.253602229052607597e-02 3.661752794895505940e+04 3.245143443029550699e-21
9.660985396665287929e-07 8.654194998212728918e-02 3.660003692102897185e+04 3.953313108138673976e-21
1.015631471002508262e-06 9.074230740510813575e-02 3.658255424794381543e+04 4.816022713724461038e-21
1.067704010034801725e-06 9.514653130572692241e-02 3.656507992584182648e+04 5.866996654387107759e-21
1.122446365234364056e-06 9.976451644651546102e-02 3.654761395066748082e+04 7.147318812366979989e-21
1.179995421003214005e-06 1.046066378372717126e-01 3.653015631836724788e+04 8.707038577775567550e-21
1.240495079956737545e-06 1.096837740452971666e-01 3.651270702508891554e+04 1.060712734179006919e-20
1.304096622755184042e-06 1.150073316335316342e-01 3.649526606678274402e+04 1.292186194421275596e-20
1.370959086384113674e-06 1.205892707886102311e-01 3.647783343946737295e+04 1.574172824789655715e-20
1.441249661829700436e-06 1.264421321904324880e-01 3.646040913909704977e+04 1.917695834389458597e-20
1.515144112143284134e-06 1.325790651885337956e-01 3.644299316182688926e+04 2.336183966166143922e-20
1.592827211940548929e-06 1.390138573414179401e-01 3.642558550361488597e+04 2.845996443179099472e-20
1.674493209434307728e-06 1.457609653936615124e-01 3.640818616042107897e+04 3.467062471047937592e-20
1.760346312156213177e-06 1.528355477568585363e-01 3.639079512840608368e+04 4.223660295501045321e-20
1.850601197581954108e-06 1.602534985627902531e-01 3.637341240359986114e+04 5.145366269233997847e-20
1.945483549936765273e-06 1.680314833711505640e-01 3.635603798183587060e+04 6.268211028377109127e-20
2.045230624523543909e-06 1.761869766166081486e-01 3.633867185934642475e+04 7.636087975183218844e-20
2.150091840984688092e-06 1.847383008619617184e-01 3.632131403210110147e+04 9.302469125682043678e-20
2.260329406981118614e-06 1.937046679647912995e-01 3.630396449607148679e+04 1.133249539753734278e-19
2.376218973848010330e-06 2.031062222420398078e-01 3.628662324742920464e+04 1.380552304990911256e-19
2.498050325866710336e-06 2.129640857223997485e-01 3.626929028208362433e+04 1.681822581832194198e-19
2.626128104876382668e-06 2.233004056059643416e-01 3.625196559621002962e+04 2.048837401194747695e-19
2.760772572037287162e-06 2.341384040169413594e-01 3.623464918585350824e+04 2.495943830161142874e-19
2.902320408650496801e-06 2.455024301744364312e-01 3.621734104686341743e+04 3.040619816702593570e-19
3.051125558036519890e-06 2.574180151040170172e-01 3.620004117545353074e+04 3.704157424546009416e-19
3.207560110577962700e-06 2.699119289908882835e-01 3.618274956770756398e+04 4.512495166445626386e-19
3.372015234139298021e-06 2.830122413222679878e-01 3.616546621954659349e+04 5.497231972968023328e-19
3.544902152190277809e-06 2.967483839556551151e-01 3.614819112712397327e+04 6.696862434199573638e-19
3.726653172078803499e-06 3.111512172360723083e-01 3.613092428643043968e+04 8.158281601185167753e-19
3.917722766024474580e-06 3.262530993326547279e-01 3.611366569355729735e+04 9.938618172047173504e-19
4.118588707535861475e-06 3.420879589347683436e-01 3.609641534459764080e+04 1.210746772403361336e-18
4.329753266093139866e-06 3.586913714760530669e-01 3.607917323554796167e+04 1.474961329136704366e-18
4.551744463083409039e-06 3.761006390650951658e-01 3.606193936257073801e+04 1.796833963999071016e-18
4.785117392129195949e-06 3.943548742825054854e-01 3.604471372160067403e+04 2.188947079757406394e-18
5.030455607111644826e-06 4.134950880619313041e-01 3.602749630877119489e+04 2.666628867207318139e-18
5.288372581359179674e-06 4.335642818229020756e-01 3.601028712018473016e+04 3.248552503253937483e-18
5.559513241650373021e-06 4.546075440782805233e-01 3.599308615184731752e+04 3.957466108671544254e-18
5.844555580866815540e-06 4.766721517371307892e-01 3.597589339986515552e+04 4.821082000551443846e-18
6.144212353328471540e-06 4.998076763173871506e-01 3.595870886034626164e+04 5.873160001333770382e-18
6.459232857050738118e-06 5.240660953130141797e-01 3.594153252930239250e+04 7.154827152340163976e-18
6.790404807379771878e-06 5.495019089767312348e-01 3.592436440291067265e+04 8.716185421208437236e-18
7.138556306691162195e-06 5.761722627517493756e-01 3.590720447712131136e+04 1.061827025014316693e-17
7.504557915077204533e-06 6.041370756703405842e-01 3.589005274808247486e+04 1.293543650766490500e-17
7.889324827200587103e-06 6.334591749645389624e-01 3.587290921191147936e+04 1.575826511308464106e-17
8.293819160757753291e-06 6.642044372144846331e-01 3.585577386462958384e+04 1.919710395754030334e-17
8.719052362274285227e-06 6.964419363582653455e-01 3.583864670239045518e+04 2.338638154090183051e-17
9.166087736248057605e-06 7.302440988676253131e-01 3.582152772121915768e+04 2.848986194924577224e-17
9.636043103964330830e-06 7.656868664750240416e-01 3.580441691727301077e+04 3.470704659756690987e-17
1.013009359863121538e-05 8.028498667794373711e-01 3.578731428661344398e+04 4.228097298862377631e-17
1.064947460382478790e-05 8.418165921455188494e-01 3.577021982530380774e+04 5.150771535215536838e-17
1.119548484259151579e-05 8.826745872867770570e-01 3.575313352950691478e+04 6.274795855614159304e-17
1.176948962493235138e-05 9.255156459375034617e-01 3.573605539525733911e+04 7.644109772753377904e-17
1.237292426178888029e-05 9.704360170922338158e-01 3.571898541868908069e+04 9.312241475652611227e-17
1.300729765406831334e-05 1.017536621239515160e+00 3.570192359593794390e+04 1.134440031331309071e-16
1.367419606568169201e-05 1.066923277091351485e+00 3.568486992307662877e+04 1.382002590946333221e-16
1.437528709002991615e-05 1.118706939326365113e+00 3.566782439621218509e+04 1.683589355658580209e-16
1.511232381985586521e-05 1.173003947862631291e+00 3.565078701142111095e+04 2.050989728275963398e-16
1.588714923088939049e-05 1.229936289239295100e+00 3.563375776484663947e+04 2.498565847636898182e-16
1.670170079024660794e-05 1.289631870674341707e+00 3.561673665263378643e+04 3.043814022528769183e-16
1.755801530110687162e-05 1.352224807420407959e+00 3.559972367083224526e+04 3.708048684203543956e-16
1.845823399578163895e-05 1.417855724091531489e+00 3.558271881562313501e+04 4.517235594120005563e-16
1.940460788991057802e-05 1.486672070581322780e+00 3.556572208309225971e+04 5.503006877906626663e-16
2.039950341117315543e-05 1.558828453338356512e+00 3.554873346932734421e+04 6.703897564619357433e-16
2.144540831659045798e-05 1.634486982722086923e+00 3.553175297051497910e+04 8.166851969134200317e-16
2.254493791321357228e-05 1.713817637188850496e+00 3.551478058271427290e+04 9.949058803886482808e-16
2.370084159775344190e-05 1.796998645197730671e+00 3.549781630211545416e+04 1.212018675708467067e-15
2.491600973150475266e-05 1.884216885603670510e+00 3.548086012478140037e+04 1.476510792849672319e-15
2.619348086775470484e-05 1.975668307531386780e+00 3.546391204687373101e+04 1.798721558582612476e-15
2.753644934974891994e-05 2.071558370596218168e+00 3.544697206455584092e+04 2.191246593647591143e-15
2.894827329821342076e-05 2.172102506492772367e+00 3.543004017392846436e+04 2.669430191271935299e-15
3.043248300840562692e-05 2.277526603005775030e+00 3.541311637112647441e+04 3.251965144740890306e-15
3.199278977769132648e-05 2.388067511489441852e+00 3.539620065222217818e+04 3.961623471986070962e-15
3.363309518572123809e-05 2.503973579024605378e+00 3.537929301348292211e+04 4.826146602225828197e-15
3.535750085041236633e-05 2.625505206317526596e+00 3.536239345098469494e+04 5.879329822957397782e-15
3.717031868412924126e-05 2.752935432760982515e+00 3.534550196085364587e+04 7.162343379942691351e-15
3.907608167571078754e-05 2.886550549858000192e+00 3.532861853924995376e+04 8.725341873472957333e-15
4.107955522530357004e-05 3.026650744412491711e+00 3.531174318231953657e+04 1.062942486423909295e-14
4.318574906034433776e-05 3.173550772947085097e+00 3.529487588621016039e+04 1.294902533137458200e-14
4.539992976248807967e-05 3.327580668851828793e+00 3.527801664707141754e+04 1.577481935045246570e-14
4.772763393680535859e-05 3.489086483854723753e+00 3.526116546105475572e+04 1.921727073438304987e-14
5.017468205617894183e-05 3.658431065479840871e+00 3.524432232431345619e+04 2.341094920164538168e-14
5.274719301551768723e-05 3.835994872239828268e+00 3.522748723300264101e+04 2.851979087443593779e-14
5.545159943218107865e-05 4.022176828397785897e+00 3.521066018329525832e+04 3.474350674619945137e-14
5.829466373087315435e-05 4.217395220193385086e+00 3.519384117130208324e+04 4.232538963330954259e-14
6.128349505322671351e-05 4.422088635623541819e+00 3.517703019323175977e+04 5.156182479504776757e-14
6.442556703436033705e-05 4.636716949765039786e+00 3.516022724524672958e+04 6.281387600281720111e-14
6.772873649085907528e-05 4.861762357955829117e+00 3.514343232347929734e+04 7.652139997327331576e-14
7.120126306690828879e-05 5.097730459141800452e+00 3.512664542411158618e+04 9.322024091630764519e-14
7.485182988770643921e-05 5.345151391760897930e+00 3.510986654329558223e+04 1.135631773532850961e-13
7.868956527180084881e-05 5.604581024808692469e+00 3.509309567724896624e+04 1.383454400442453268e-13
8.272406555663884206e-05 5.876602206634430559e+00 3.507633282209546451e+04 1.685357985491842307e-13
8.696541909440986997e-05 6.161826074447615653e+00 3.505957797402447613e+04 2.053144316395748751e-13
9.142423147818073699e-05 6.460893427307074610e+00 3.504283112921128486e+04 2.501190619581032093e-13
9.611165206140254191e-05 6.774476165778782644e+00 3.502609228383297159e+04 3.047011583901866184e-13
1.010394018371016720e-04 7.103278801463437375e+00 3.500936143406847987e+04 3.711944031673741483e-13
1.062198027464676133e-04 7.448040039789500355e+00 3.499263857609854313e+04 4.521981001671872630e-13
1.116658084901241013e-04 7.809534439627911162e+00 3.497592370610574289e+04 5.508787849438846577e-13
1.173910369191279803e-04 8.188574153460866256e+00 3.495921682028242503e+04 6.710940085533071464e-13
1.234098040866900780e-04 8.586010751991972612e+00 3.494251791479891108e+04 8.175431340341383373e-13
1.297371600457651012e-04 9.002737137351866537e+00 3.492582698585119215e+04 9.959510403724155806e-13
1.363889264820232711e-04 9.439689549125146684e+00 3.490914402962913300e+04 1.213291915160871067e-12
1.433817362763056455e-04 9.897849667759304637e+00 3.489246904232441011e+04 1.478061884291301320e-12
1.507330750954898936e-04 1.037824682006010057e+01 3.487580202013053349e+04 1.800611136113173935e-12
1.584613251157653230e-04 1.088196029173675328e+01 3.485914295925074111e+04 2.193548523207344552e-12
1.665858109876483387e-04 1.141012175216274471e+01 3.484249185586631938e+04 2.672234458157048102e-12
1.751268481576742783e-04 1.196391779687330015e+01 3.482584870618415880e+04 3.255381371240782179e-12
1.841057936675958640e-04 1.254459261341456866e+01 3.480921350640501623e+04 3.965785202669030183e-12
1.935450995581117185e-04 1.315345077660611217e+01 3.479258625273147481e+04 4.831216524322032289e-12
2.034683690106629794e-04 1.379186017946793008e+01 3.477596694136795122e+04 5.885506126043757151e-12
2.139004153676812446e-04 1.446125510640786871e+01 3.475935556852853915e+04 7.169867503418362447e-12
2.248673241788693637e-04 1.516313945553163123e+01 3.474275213040150993e+04 8.734507944705108388e-12
2.363965184286629729e-04 1.589909011743561429e+01 3.472615662321646232e+04 1.064059119638932460e-11
2.485168271079757005e-04 1.667076051787309510e+01 3.470956904317317822e+04 1.296262843029269654e-11
2.612585573016925852e-04 1.747988433246905515e+01 3.469298938648907642e+04 1.579139097824283273e-11
2.746535699721688829e-04 1.832827938167039150e+01 3.467641764937940752e+04 1.923745869664639609e-11
2.887353596282311993e-04 1.921785171476091136e+01 3.465985382806124835e+04 2.343554267100762090e-11
3.035391380788964293e-04 2.015059989209771274e+01 3.464329791875741648e+04 2.854975124029715961e-11
3.191019224812350285e-04 2.112861947516417516e+01 3.462674991768071777e+04 3.478000519659466363e-11
3.354626279025451924e-04 2.215410773459677429e+01 3.461020982105758594e+04 4.236985293825492603e-11
3.526621646282911485e-04 2.322936858667319626e+01 3.459367762511328328e+04 5.161599108056567050e-11
3.707435404591257876e-04 2.435681776941373400e+01 3.457715332607342862e+04 6.287986269651733229e-11
3.897519682527942697e-04 2.553898826990826620e+01 3.456063692016518326e+04 7.660178657736816047e-11
4.097349789798286580e-04 2.677814312276894171e+01 3.454387498850384145e+04 9.331680068755868536e-11
4.307425405757319271e-04 2.807766217190302882e+01 3.452726890535917482e+04 1.136801136330552258e-10
4.528271828868440083e-04 2.944082896642308711e+01 3.451101266146571288e+04 1.384897914489813519e-10
4.760441290223192071e-04 3.087033792170212720e+01 3.449485379553480743e+04 1.687148393658696750e-10
5.004514334406633081e-04 3.236924401678595586e+01 3.447869550325188902e+04 2.055363444417185359e-10
5.261101271161193775e-04 3.394075854215810040e+01 3.446245806656236527e+04 2.503927719337977612e-10
5.530843701478924991e-04 3.558800291226511092e+01 3.444595407416619855e+04 3.050338481178432299e-10
5.814416121938181326e-04 3.731424897404635743e+01 3.442902253066197591e+04 3.715893799950691607e-10
6.112527611296385451e-04 3.912302596335671012e+01 3.441157022308908927e+04 4.526527868503430926e-10
6.425923603556274889e-04 4.101800001559593767e+01 3.439350548794515635e+04 5.513805139853219768e-10
6.755387751939181127e-04 4.300279369200347190e+01 3.437466452329790627e+04 6.716109616970716165e-10
7.101743888426273075e-04 4.508132350025314139e+01 3.435495569524962048e+04 8.180162576915911187e-10
7.465858083767621441e-04 4.725741884328484588e+01 3.433420481223432580e+04 9.962754921087025494e-10
7.848640813110194670e-04 4.953527089855013088e+01 3.431232896583789989e+04 1.213299907611431971e-09
8.251049232659968648e-04 5.191919381165771341e+01 3.428923743118590937e+04 1.477494029663165018e-09
8.674089573071004124e-04 5.441309792792299760e+01 3.426466687058560638e+04 1.799059053746460947e-09
9.118819655546198935e-04 5.702183058405136507e+01 3.423862348955479683e+04 2.190419486652114242e-09
9.586351536941296880e-04 5.974949926149631807e+01 3.421084366844484612e+04 2.666641178500619427e-09
1.007785429048626679e-03 6.260120567962179905e+01 3.418132779356582614e+04 3.246064769947551587e-09
1.059455692907732439e-03 6.558158290905696219e+01 3.414990175453279517e+04 3.950941057264676021e-09
1.113775147844932919e-03 6.869500602346209917e+01 3.411630788490641862e+04 4.808260559864880163e-09
1.170879620791311689e-03 7.194656408488734201e+01 3.408045640470170474e+04 5.850824331447567231e-09
1.230911902673626282e-03 7.534109254100015107e+01 3.404217192835747846e+04 7.118411441060805610e-09
1.294022105466001958e-03 7.888351429679133275e+01 3.400128730827801337e+04 8.659276260869394318e-09
1.360368037548055848e-03 8.257872446448838843e+01 3.395762053100610501e+04 1.053192329924208251e-08
1.430115598308045934e-03 8.643127611208377914e+01 3.391091897580435761e+04 1.280721247743327712e-08
1.503439192977754080e-03 9.044697078450610661e+01 3.386117627352715499e+04 1.557119301326727847e-08
1.580522168736409397e-03 9.462988589522920790e+01 3.380804958017855824e+04 1.892780924783833095e-08
1.661557273174137529e-03 9.898438242449991264e+01 3.375127847141942766e+04 2.300291550747936257e-08
1.746747136261333697e-03 1.035157149011667030e+02 3.369077203550692502e+04 2.794902515064178784e-08
1.836304777029133936e-03 1.082281094778922323e+02 3.362627708064932813e+04 3.395037872125712847e-08
1.930454136227949345e-03 1.131249174846732473e+02 3.355743979642886552e+04 4.122939848226324368e-08
2.029430636295988157e-03 1.182116248903651012e+02 3.348426007016294898e+04 5.005564737946084578e-08
2.133481770037976965e-03 1.234899314278980285e+02 3.340621858917688223e+04 6.075312435031198330e-08
2.242867719486086112e-03 1.289642476199148859e+02 3.332323371608289017e+04 7.371410024768263751e-08
2.357862006490532136e-03 1.346373099064103656e+02 3.323503331587851426e+04 8.941097651675206160e-08
2.478752176666675511e-03 1.405116659150198757e+02 3.314137538531369501e+04 1.084131510654165112e-07
2.605840518408833982e-03 1.465875405921750598e+02 3.304180749380068301e+04 1.314046746826939571e-07
2.739444818768723561e-03 1.528677558540325947e+02 3.293624945730476611e+04 1.592112746389842880e-07
2.879899158088616417e-03 1.593522045507428118e+02 3.282435245291371393e+04 1.928235959076515946e-07
3.027554745376210416e-03 1.660400530750059431e+02 3.270577855309133520e+04 2.334313261727777663e-07
3.182780796510085389e-03 1.729302507681981922e+02 3.258025481197834961e+04 2.824629024320288319e-07
3.345965457471714814e-03 1.800201077524961875e+02 3.244743944161281615e+04 3.416297126903002835e-07
3.517516774912597243e-03 1.873077807861103281e+02 3.230715847371601558e+04 4.129853148696362756e-07
3.697863716483424691e-03 1.947874408824210946e+02 3.215897955883078248e+04 4.989808917648690985e-07
3.887457243476651579e-03 2.024538434148665260e+02 3.200263420892337308e+04 6.025500976291774365e-07
4.086771438464619106e-03 2.102996772097085909e+02 3.183779254437598138e+04 7.271933749679298529e-07
4.296304690752923532e-03 2.183155927320101455e+02 3.166408583096029906e+04 8.770820746571562405e-07
4.516580942613284376e-03 2.264936116681568308e+02 3.148136001165948619e+04 1.057196238412628847e-06
4.748150999412126434e-03 2.348187288826300119e+02 3.128908078743772421e+04 1.273434340414309022e-06
4.991593906910903912e-03 2.432792126074807015e+02 3.108707563683603439e+04 1.532826493552345770e-06
5.247518399182111472e-03 2.518576238047575657e+02 3.087492069949181314e+04 1.843687327477231603e-06
5.516564420761540903e-03 2.605381648736807847e+02 3.065242975245373236e+04 2.215887415692105981e-06
5.799404726842954938e-03 2.693005212792693328e+02 3.041926798048102137e+04 2.661078631605489128e-06
6.096746565516493986e-03 2.781182924191163579e+02 3.017490210622531231e+04 3.192965603459418410e-06
6.409333446257287764e-03 2.869689961004827978e+02 2.991916802996198021e+04 3.827752391971913342e-06
6.737946999086424568e-03 2.958241369282776532e+02 2.965171092760148531e+04 4.584443624551978714e-06
7.083408929053131541e-03 3.046561643437561884e+02 2.937236188822150507e+04 5.485385733304824128e-06
7.446583070925409317e-03 3.134256232918074829e+02 2.908051312673897701e+04 6.556557483474814559e-06
7.828377549226901017e-03 3.221007744948332174e+02 2.877607997053491272e+04 7.828477655829294842e-06
8.229747049021221908e-03 3.306432141917356375e+02 2.845879354959059128e+04 9.336612480359944170e-06
8.651695203121895217e-03 3.390035260948915266e+02 2.812805591640685452e+04 1.112187749992815243e-05
9.095277101697147801e-03 3.471426687921564280e+02 2.778385724465563180e+04 1.323201736211198007e-05
9.561601930544914862e-03 3.550063210864486223e+02 2.742568690805192091e+04 1.572165719383829391e-05
1.005183574463506743e-02 3.625424203100363343e+02 2.705327309216395224e+04 1.865371076067686221e-05
1.056720438385422289e-02 3.696985118788896330e+02 2.666644878461548433e+04 2.210030581979696484e-05
1.110899653824396448e-02 3.764110967517499375e+02 2.626476216898666462e+04 2.614310525206474427e-05
1.167856697039719623e-02 3.826204815709982654e+02 2.584802121079256176e+04 3.087501231686018335e-05
1.227733990307029038e-02 3.882620000477251665e+02 2.541596296546977101e+04 3.640055330813889362e-05
1.290681258048182248e-02 3.932676420387190319e+02 2.496831089360609622e+04 4.283664846676974396e-05
1.356855901220299469e-02 3.975683784738784539e+02 2.450484186930925352e+04 5.031335487427318051e-05
1.426423390900143431e-02 4.010972768663853003e+02 2.402546349411621122e+04 5.897464402805523874e-05
1.499557682048000690e-02 4.037847192139070671e+02 2.353004667522955788e+04 6.897785205819647377e-05
1.576441648485692182e-02 4.055545036949404789e+02 2.301830785151801683e+04 8.049208698854900135e-05
1.657267540176381518e-02 4.063515895264568485e+02 2.249058190294581436e+04 9.370226619664861849e-05
1.742237463949622076e-02 4.061075644028105103e+02 2.194679874355860011e+04 1.088011242089018349e-04
1.831563888873704443e-02 4.047679917757330941e+02 2.138723559630363161e+04 1.259919037396764854e-04
1.925470177538994923e-02 4.022851757849816181e+02 2.081227318876301069e+04 1.454838138381969097e-04
2.024191144580758314e-02 3.986266579666493044e+02 2.022258192944714392e+04 1.674908780269407968e-04
2.127973643838054069e-02 3.937635626224917473e+02 1.961878591367524496e+04 1.922226316276519321e-04
2.237077185616915750e-02 3.876901725666571110e+02 1.900192905445657743e+04 2.198861916955089420e-04
2.351774585601286785e-02 3.804270202410249340e+02 1.837350046960948748e+04 2.506851990633594948e-04
2.472352647034336062e-02 3.720041507374905905e+02 1.773499419821995980e+04 2.848061056863289073e-04
2.599112877875953478e-02 3.624813480737804525e+02 1.708838109992757381e+04 3.224269584273061666e-04
2.732372244729698585e-02 3.519498460191222193e+02 1.643612401479662003e+04 3.637228906378232288e-04
2.872463965424410307e-02 3.405237574122041906e+02 1.578096872073491249e+04 4.088664199048901811e-04
3.019738342232343442e-02 3.283495963523134833e+02 1.512617514887220204e+04 4.580518965872567043e-04
3.174563637807315680e-02 3.156020539369458220e+02 1.447543831064917140e+04 5.115194973722630512e-04
3.337326996033158216e-02 3.024769903122972892e+02 1.383276232190187693e+04 5.695854498123644957e-04
3.508435410085083278e-02 2.891945176984901877e+02 1.320257678724105062e+04 6.327042788858458326e-04
3.688316740124613496e-02 2.759816340129654009e+02 1.258939024347453233e+04 7.015119440057180364e-04
3.877420783172848273e-02 2.629390346470759141e+02 1.199480157655158109e+04 7.765226438450967879e-04
4.076220397837305304e-02 2.503394865414441597e+02 1.142434067862763732e+04 8.589593071915942787e-04
4.285212686704739649e-02 2.384852467050352800e+02 1.088424118102706416e+04 9.507118838974975379e-04
4.504920239356542677e-02 2.275636169782759453e+02 1.037814520245593121e+04 1.053984939474700939e-03
4.735892439114896407e-02 2.176724616541688135e+02 9.907657933634372966e+03 1.171329923705031984e-03
4.978706836787243073e-02 2.088054126943258382e+02 9.471986418695298198e+03 1.305454303214725409e-03
5.233970594844135349e-02 2.008651185874540488e+02 9.068247903365239836e+03 1.459044774745409806e-03
5.502322005641668845e-02 1.936847119970059339e+02 8.692000114686021334e+03 1.634570318764894158e-03
5.784432087484844831e-02 1.871055004580491641e+02 8.339043909955416893e+03 1.834589880321941180e-03
6.081006262522850592e-02 1.812350379084003009e+02 8.011152436599233624e+03 2.064613553175296233e-03
6.392786120671870020e-02 1.751374662092182461e+02 7.687132663751365726e+03 2.318034233786687558e-03
6.720551273976151097e-02 1.686437758451487241e+02 7.363103997115440507e+03 2.593315004438209899e-03
7.065121306044198912e-02 1.613884303567023153e+02 7.030932129583769893e+03 2.883377635141030817e-03
7.427357821434696361e-02 1.531028171221970240e+02 6.684504633089458366e+03 3.178018946150397515e-03
7.808166600116696332e-02 1.437197741294437776e+02 6.321742930974420233e+03 3.466043415641517980e-03
8.208499862391337165e-02 1.334315639155017550e+02 5.945779340517353376e+03 3.738696582303715349e-03
8.629358649938589920e-02 1.226593505147989021e+02 5.564559118636301719e+03 3.993065900307345671e-03
9.071795328942874881e-02 1.119649154635438606e+02 5.189462040641820749e+03 4.234790652399142950e-03
9.536916221556676621e-02 1.019592762457196784e+02 4.833877765577988612e+03 4.480442472768329104e-03
1.002588437228218304e-01 9.321503945377821765e+01 4.511554592564463746e+03 4.759094423246681797e-03
1.053992245618834284e-01 8.612528019141349489e+01 4.233011788140555836e+03 5.108732392555681047e-03
1.108031583623540345e-01 8.073091812491222186e+01 4.000414849423568285e+03 5.563736711015720808e-03
1.164841577735182265e-01 7.668515788721629178e+01 3.805762424198198005e+03 6.140195043707675701e-03
1.224564282530043596e-01 7.335248938598358848e+01 3.633242412861045068e+03 6.823856417773472606e-03
1.287349035878279091e-01 6.991995591471190608e+01 3.462489383781475681e+03 7.557189996870362046e-03
1.353352832366376823e-01 6.560470865137632757e+01 3.273831432247019166e+03 8.238314716611256500e-03
1.422740715865399574e-01 6.016101107623290289e+01 3.060182326495726102e+03 8.777334840753775111e-03
1.495686192226629019e-01 5.412210976696790965e+01 2.833205193184785458e+03 9.174162530053198844e-03
1.572371663136570008e-01 4.833756375258830218e+01 2.613569059468348314e+03 9.519642566491987035e-03
1.652988882216175348e-01 4.356160279019291437e+01 2.421834476724382512e+03 9.967446363414653870e-03
1.737739434504778357e-01 4.020069298322687956e+01 2.270963911470714720e+03 1.068704820966076378e-02
1.826835240527691917e-01 3.787876883161200681e+01 2.151752525035412873e+03 1.169941795006152092e-02
1.920499086207905493e-01 3.572116729797910750e+01 2.039661723574728285e+03 1.281852975621220261e-02
2.018965179946938526e-01 3.302772883704306395e+01 1.914412894746246820e+03 1.377004806305321370e-02
2.122479738267836202e-01 2.972059214214507961e+01 1.772661920751376556e+03 1.439654821281526748e-02
2.231301601484726449e-01 2.645244990516085792e+01 1.632416845637606002e+03 1.488713034902362092e-02
2.345702880938428103e-01 2.390823859691501596e+01 1.514861189070464889e+03 1.563280260077576020e-02
2.465969639416541459e-01 2.214781091560034554e+01 1.423198190360896206e+03 1.682535522669147479e-02
2.592402606459418002e-01 2.057565126784266596e+01 1.338991146608966801e+03 1.816064202130361627e-02
2.725317930340656614e-01 1.871074416791774198e+01 1.246371103237619764e+03 1.918725468320236702e-02
2.865047968602461026e-01 1.671661670006784206e+01 1.149944721993111216e+03 1.991656033758308630e-02
3.011942119122611450e-01 1.507766855208613421e+01 1.066033368406058798e+03 2.087105085104744642e-02
3.166367693791155569e-01 1.383227124094755567e+01 9.966699907838933541e+02 2.224578793906469704e-02
3.328710836981453314e-01 1.262685408843117152e+01 9.295080293246269321e+02 2.359356840298031111e-02
3.499377491112247163e-01 1.133924293198426270e+01 8.598021474099335819e+02 2.461652245373861098e-02
3.678794411715154977e-01 1.021034341311265692e+01 7.963933063820643383e+02 2.575296054987797137e-02
3.867410234545784475e-01 9.287445610947672847e+00 7.414066876325434805e+02 2.721618629254748609e-02
4.065696597406806001e-01 8.393257902223179912e+00 6.879780342470697860e+02 2.857628218684959281e-02
4.274149319488126375e-01 7.538716552496333101e+00 6.364421387548817393e+02 2.982062522509857858e-02
4.493289641173122684e-01 6.809914865996409716e+00 5.904484561818969723e+02 3.129717836768231010e-02
4.723665527411103904e-01 6.140762186971731929e+00 5.472971925975069780e+02 3.278913451964668435e-02
4.965853037915104462e-01 5.516234496407380838e+00 5.063308298362501318e+02 3.422114739278647733e-02
5.220457767611225153e-01 4.966824061180766137e+00 4.689789294975307712e+02 3.579932149866544427e-02
5.488116360941387439e-01 4.462620121002314200e+00 4.339201653288685634e+02 3.737060344971868814e-02
5.769498103806052214e-01 4.006614483339039801e+00 4.013327333125766359e+02 3.898180282278568970e-02
6.065306597127584354e-01 3.596790575155860203e+00 3.711712344400935990e+02 4.065778244195909080e-02
6.376281516219051149e-01 3.224597309047443794e+00 3.430484094179320778e+02 4.234949106895057741e-02
6.703200460357783275e-01 2.890232638822209044e+00 3.170187855051632368e+02 4.410112637328388735e-02
7.046880897188601001e-01 2.588184423765715003e+00 2.928310588075624992e+02 4.588347185616302448e-02
7.408182206818726412e-01 2.316552923662047014e+00 2.704217209820866969e+02 4.771417858658058564e-02
7.788007830715680813e-01 2.072016272021883765e+00 2.496421825571947863e+02 4.958411420881527615e-02
8.187307530781540166e-01 1.852151459308570836e+00 2.303883794647206571e+02 5.149559350957989140e-02
8.607079764252394405e-01 1.654605109312606404e+00 2.125545628744029898e+02 5.344807930696588577e-02
9.048374180361511421e-01 1.477276879437057655e+00 1.960447123308777009e+02 5.544262894461620544e-02
9.512294245009160765e-01 1.318213779408048625e+00 1.807665365560364990e+02 5.747936130273979816e-02
1.000000000000213163e+00 1.175618227582596598e+00 1.666323042833416253e+02 5.955751516512603622e-02
1.051271096376248826e+00 1.047879906968203656e+00 1.535616365370392771e+02 6.167738384980202965e-02
1.105170918075884856e+00 9.334983495124198338e-01 1.414766225797402228e+02 6.383695423540636238e-02
1.161834242728533306e+00 8.311937442151906552e-01 1.303106677287439084e+02 6.603969240210084968e-02
1.221402758160433644e+00 7.397151261397436617e-01 1.199946871710929912e+02 6.828281983240219732e-02
1.284025416688019838e+00 6.579942207660497422e-01 1.104693347262122813e+02 7.056887589840618591e-02
1.349858807576296504e+00 5.849911816554840271e-01 1.016731525052523750e+02 7.289279650567020985e-02
1.419067548593566874e+00 5.198525514715580664e-01 9.355621660941308448e+01 7.525920819975771836e-02
1.491824697641596753e+00 4.617573961753400624e-01 8.606774449568449370e+01 7.766717301619012470e-02
1.568312185490513100e+00 4.099670290389709204e-01 7.916056548421263983e+01 8.011553555203321242e-02
1.648721270700491237e+00 3.638194491614828441e-01 7.279110454503755534e+01 8.260339435208471914e-02
1.733253017867778301e+00 3.227341815488696253e-01 6.692043678398522388e+01 8.513362362740672928e-02
1.822118800390913007e+00 2.861635357269656232e-01 6.150980665144345494e+01 8.770303438545885844e-02
1.915540829014322100e+00 2.536285238176634871e-01 5.652456036673551409e+01 9.031140372986143361e-02
2.013752707470925607e+00 2.247053776248722767e-01 5.193328687597347937e+01 9.296128899305608484e-02
2.117000016613148627e+00 1.990006190981409295e-01 4.770536485899398116e+01 9.565050576230982315e-02
2.225540928492967474e+00 1.761693902909325649e-01 4.381332010059739446e+01 9.838014692027600983e-02
2.339646851926517890e+00 1.558959136915420984e-01 4.023085251815552965e+01 1.011476785088587238e-01
2.459603111157505406e+00 1.379062384235375249e-01 3.693471540981393275e+01 1.039559311365858135e-01
2.585709659316432152e+00 1.219470245690924132e-01 3.390231351435457441e+01 1.068023332640137546e-01
2.718281828459663263e+00 1.077971358255579437e-01 3.111345738445933407e+01 1.096884567936996929e-01
2.857651118063815776e+00 9.525551082321163932e-02 2.854898343242415493e+01 1.126128597422467875e-01
3.004166023947120401e+00 8.414511508666773498e-02 2.619153662408958283e+01 1.155768777334064829e-01
3.158192909690492378e+00 7.430502573205755024e-02 2.402462124708379321e+01 1.185780790167580701e-01
3.320116922737311960e+00 6.559417964632924258e-02 2.203337563497592555e+01 1.216173955550729213e-01
3.490342957462647444e+00 5.788673190002082553e-02 2.020406851913660518e+01 1.246963086770966483e-01
3.669296667620093988e+00 5.106779423662758527e-02 1.852353190962533347e+01 1.278102952854914820e-01
3.857425530697870641e+00 4.503912960261038240e-02 1.698033184289869979e+01 1.309642920665888832e-01
4.055199966845619564e+00 3.970984593237725235e-02 1.556328285948677959e+01 1.341545123703342668e-01
4.263114515169814212e+00 3.500072081687299885e-02 1.426236461186391580e+01 1.373814967634410245e-01
4.481689070339116121e+00 3.084131468432808540e-02 1.306833963228227447e+01 1.406462995171010588e-01
4.711470182591849465e+00 2.716846554172919898e-02 1.197257200419859835e+01 1.439476934112199902e-01
4.953032424396282885e+00 2.392629302458293417e-02 1.096714390053193355e+01 1.472852272971463261e-01
5.206979827181080545e+00 2.106524252162526867e-02 1.004476997663067017e+01 1.506587666604689568e-01
5.473947391728498424e+00 1.854147581068211689e-02 9.198771787001398081e+00 1.540694086122420536e-01
5.754602676007100293e+00 1.631575213888878176e-02 8.422910297351956288e+00 1.575155333410822589e-01
6.049647464414390718e+00 1.435345378310501352e-02 7.711480496422677078e+00 1.609966637528664202e-01
6.359819522603354258e+00 1.262403959557048365e-02 7.059267868911630828e+00 1.645140453079446397e-01
6.685894442280875261e+00 1.110017444194619576e-02 6.461395436880436272e+00 1.680655146310459092e-01
7.028687580590986528e+00 9.757980601858314354e-03 5.913469004775124382e+00 1.716536049123835728e-01
7.389056098932435646e+00 8.575931759768536458e-03 5.411328995852808355e+00 1.752743910657697246e-01
7.767901106308653603e+00 7.535356699181299661e-03 4.951264405872926488e+00 1.789308140925265633e-01
8.166169912569634093e+00 6.619526326256292524e-03 4.529795532929102642e+00 1.826217115258950696e-01
8.584858397179985445e+00 5.813672128671561884e-03 4.143728962806982885e+00 1.863460548158285268e-01
9.025013499436326470e+00 5.104768029144978944e-03 3.790137885577674393e+00 1.901033855019189645e-01
9.487735836360851494e+00 4.481357025146946206e-03 3.466352361804621918e+00 1.938954227443628608e-01
9.974182454817173138e+00 3.933263614505175254e-03 3.169898768923891552e+00 1.977221110328807596e-01
1.048556972473016025e+01 3.451413124815448739e-03 2.898466397929394311e+00 2.015780792320603643e-01
1.102317638064432792e+01 3.027974849845561228e-03 2.650006013826936346e+00 2.054673370318199355e-01
1.158834671922626214e+01 2.655973951538279001e-03 2.422610327581976808e+00 2.093912417075534105e-01
1.218249396070650370e+01 2.329205834049278417e-03 2.214504280644153056e+00 2.133470992767412255e-01
1.280710378266622662e+01 2.042226181751023370e-03 2.024069590995435153e+00 2.173336056318223020e-01
1.346373803500505772e+01 1.790274858412156580e-03 1.849840602654179378e+00 2.213537737871814071e-01
1.415403864537935341e+01 1.569093339800967666e-03 1.690440042996893988e+00 2.254032476118429940e-01
1.487973172487657614e+01 1.374985724225935525e-03 1.544633350921941872e+00 2.294847082187413678e-01
1.564263188419211659e+01 1.204648447456180401e-03 1.411261216387785566e+00 2.335931267283279378e-01
1.644464677110120832e+01 1.055243160319547981e-03 1.289301381013657988e+00 2.377368219784153358e-01
1.728778184057202338e+01 9.241965479222335848e-04 1.177772139608970647e+00 2.419092200410054017e-01
1.817414536944768244e+01 8.092740172874139225e-04 1.075790823020353448e+00 2.461091999266976360e-01
1.910595372823652127e+01 7.085260781084393254e-04 9.825595641448069406e-01 2.503411617820361368e-01
2.008553692319280515e+01 6.202122151613190769e-04 8.973297286773517234e-01 2.546014727707203162e-01
2.111534442254602695e+01 5.428086988219543892e-04 8.194193755454223238e-01 2.588877894422259018e-01
2.219795128144734164e+01 4.749906188595935121e-04 7.482147689686298175e-01 2.632049017190122298e-01
2.333606458094873304e+01 4.155749490241437646e-04 6.831394588112019717e-01 2.675484708920841115e-01
2.453253019711569394e+01 3.635320578187403707e-04 6.236730524160427613e-01 2.719192790133634352e-01
2.579033991719975205e+01 3.179547130554857630e-04 5.693367087885604638e-01 2.763164397019038376e-01
2.711263892066493852e+01 2.780474149001077220e-04 5.196930569444206949e-01 2.807401266125787442e-01
2.850273364377471097e+01 2.431105953946023765e-04 4.743406651776403415e-01 2.851896032528742908e-01
2.996410004740484823e+01 2.125273157905446266e-04 4.329091092073679703e-01 2.896601368316960023e-01
3.150039230875619012e+01 1.857646762469606022e-04 3.950679911690255230e-01 2.941584183042756928e-01
3.311545195870102276e+01 1.623460431843301154e-04 3.605056383907827566e-01 2.986785450472470016e-01
3.481331748761120082e+01 1.418578657266824066e-04 3.289416368326969486e-01 3.032214447983557215e-01
3.659823444368765877e+01 1.239357322236111559e-04 3.001175122265029582e-01 3.077848227817388538e-01
3.847466604904231957e+01 1.082614555933319127e-04 2.737984159279208685e-01 3.123695541738314985e-01
4.044730436007814234e+01 9.455406582878132609e-05 2.497669872048890460e-01 3.169707710798374545e-01
4.252108200007410943e+01 8.257100749608213032e-05 2.278293409442377071e-01 3.215960930760207725e-01
4.470118449331276622e+01 7.209375602174771707e-05 2.078000363238223236e-01 3.262308330570146686e-01
4.699306323159186860e+01 6.293724169418877580e-05 1.895184852332184866e-01 3.308866385737236349e-01
4.940244910554343960e+01 5.493480458615311384e-05 1.728313199226126917e-01 3.355546652240828376e-01
5.193536683484541783e+01 4.794191847618602424e-05 1.576003908223184702e-01 3.402320943761888428e-01
5.459815003315897997e+01 4.183289555199027406e-05 1.437008971807891000e-01 3.449228516834564884e-01
5.739745704546173499e+01 3.649622055163936776e-05 1.310163190528330079e-01 3.496198696174953047e-01
6.034028759737834946e+01 3.183520641184656136e-05 1.194417652658743279e-01 3.543235809160665273e-01
6.343400029814058882e+01 2.776476947010448926e-05 1.088805598139671316e-01 3.590299102665569508e-01
6.668633104094334385e+01 2.421056504202305872e-05 9.924455821094324559e-02 3.637354721702211746e-01
7.010541234670704114e+01 2.110768954522241055e-05 9.045352996451011540e-02 3.684390052704717977e-01
7.369979369961600923e+01 1.839912976484212579e-05 8.243369045270808326e-02 3.731353180640107348e-01
7.747846292528217305e+01 1.603520623105476371e-05 7.511805038344829266e-02 3.778224828146803937e-01
8.145086866499057976e+01 1.397229718227092453e-05 6.844502253556906946e-02 3.824945349006518835e-01
8.562694400222423496e+01 1.217241189724450536e-05 6.235872321858793033e-02 3.871490805676831015e-01
9.001713130054676526e+01 1.060214797118852767e-05 5.680764113518628478e-02 3.917776220536946519e-01
9.463240831495036787e+01 9.232481451142263273e-06 5.174518908828664582e-02 3.963769400864107784e-01
9.948431564196151555e+01 8.038009326449407842e-06 4.712875207263558103e-02 4.009429809617859330e-01
1.045849855771433994e+02 6.996283267137939114e-06 4.291867548168255830e-02 4.054578064379907865e-01
1.099471724521542768e+02 6.088216464561238958e-06 3.908036324151702157e-02 4.099326773485937880e-01
1.155842845272200918e+02 5.296508299085747430e-06 3.558027566620911714e-02 4.143394480561407023e-01
1.215104175187690743e+02 4.606584937564919270e-06 3.238955285423032043e-02 4.186873905223480463e-01
1.277403898460648861e+02 4.005368904268753893e-06 2.948068719562188522e-02 4.229582421986706753e-01
1.342897796849734675e+02 3.481536749185349700e-06 2.682889368861605603e-02 4.271398852368114563e-01
1.411749639215168770e+02 3.025183570670652492e-06 2.441147774538380069e-02 4.312161803617304279e-01
1.484131591026187778e+02 2.627746449732565859e-06 2.220807234309350037e-02 4.351820217681093284e-01
1.560224644864394463e+02 2.281668509270961724e-06 2.019976605364420807e-02 4.390199017813172788e-01
1.640219072999485945e+02 1.980412536560601845e-06 1.836956320683866967e-02 4.427224028798861233e-01
1.724314903169036768e+02 1.718194468644225060e-06 1.670160028011187861e-02 4.462644799805411400e-01
1.812722418752032070e+02 1.490029066696281315e-06 1.518169381601117314e-02 4.496337652375617111e-01
1.905662684586848457e+02 1.291554777193015739e-06 1.379685830455749593e-02 4.528153900947224919e-01
2.003368099748494728e+02 1.118925392239407498e-06 1.253502731578635086e-02 4.557783069219201177e-01
2.106082978667353416e+02 9.688487983232429439e-07 1.138554052056143205e-02 4.585141031792693833e-01
2.214064162042512862e+02 8.384175413237631899e-07 1.033848161331495617e-02 4.610003146370107996e-01
2.327581659077297047e+02 7.250965063073026855e-07 9.384808581354261298e-03 4.632131187801241112e-01
2.446919322642916654e+02 6.266725115523485858e-07 8.516257140441050449e-03 4.651251847331255296e-01
2.572375559058498879e+02 5.412374485745486967e-07 7.725441236909342396e-03 4.667251680218126864e-01
2.704264074262317763e+02 4.671023352612473480e-07 7.005454626844742280e-03 4.679824788032822536e-01
2.842914658240042627e+02 4.028098857185087718e-07 6.350110701416369387e-03 4.688801503471989873e-01
2.988674009671481713e+02 3.470826653990281564e-07 5.753718749003091867e-03 4.693953936837383933e-01
3.141906602857868620e+02 2.988108846074173229e-07 5.211122766164756094e-03 4.695117711982189634e-01
3.302995599097462787e+02 2.570240135887705436e-07 4.717597443678382685e-03 4.692107408697753224e-01
3.472343804788374655e+02 2.208777174605894978e-07 4.268850176149165815e-03 4.684792092859367263e-01
3.650374678654371792e+02 1.896376806415639278e-07 3.860985834254652711e-03 4.673123124460146771e-01
3.837533390612260860e+02 1.626595397630251169e-07 3.490411180972528751e-03 4.657000666335445738e-01
4.034287934928555046e+02 1.393848731721240991e-07 3.153882973912556283e-03 4.636460641568589947e-01
4.241130300448911044e+02 1.193262238310008180e-07 2.848437089146856234e-03 4.611593334101912189e-01
4.458577700826506316e+02 1.020572864685768567e-07 2.571352534178587054e-03 4.582508664282805011e-01
4.687173867825576963e+02 8.720797428927573490e-08 2.320163789313342637e-03 4.549457880835202084e-01
4.927490410934046849e+02 7.445451398930492319e-08 2.092603718099413004e-03 4.512722781195347421e-01
5.180128246684984106e+02 6.351466974576150313e-08 1.886598258121762210e-03 4.472659520036357250e-01
5.445719101260938260e+02 5.414298394133726286e-08 1.700256451485613902e-03 4.429739159008839744e-01
5.724927090138447738e+02 4.612441351454814267e-08 1.531826919486569804e-03 4.384408350441810764e-01
6.018450378722650385e+02 3.927241320429628535e-08 1.379713754910668558e-03 4.337224476948177698e-01
6.327022928124463306e+02 3.342443625327504262e-08 1.242447870701059902e-03 4.288768207604524152e-01
6.651416330445650829e+02 2.843846722890418503e-08 1.118665267078572390e-03 4.239541015688957359e-01
6.992441738160994191e+02 2.419167869550983631e-08 1.007119477593226798e-03 4.190085008961184632e-01
7.350951892421985576e+02 2.057738553663476891e-08 9.066590910771858127e-04 4.140866175502321833e-01
7.727843255353874383e+02 1.750302542311086329e-08 8.162184660726765030e-04 4.092213620285592990e-01
8.124058251677936369e+02 1.488899243860918886e-08 7.348241818414067567e-04 4.044405148432162478e-01
8.540587625264155349e+02 1.266672674175023984e-08 6.615823598002514103e-04 3.997586954088517830e-01
8.978472916506958654e+02 1.077757434955986193e-08 5.956801944813502024e-04 3.951834217512511516e-01
9.438809066718714575e+02 9.171246946886248988e-09 5.363740663160821267e-04 3.907061519568711394e-01
9.922747156053346771e+02 7.805253684703020946e-09 4.830009891835907549e-04 3.863252170923281437e-01
1.043149728180628472e+03 6.643386581175492115e-09 4.349608834251258277e-04 3.820319907549831751e-01
1.096633158428801380e+03 5.654939693625455677e-09 3.917151416374658069e-04 3.778177494475248310e-01
1.152858742783748994e+03 4.814166940775970429e-09 3.527913063554141584e-04 3.736970740262985924e-01
1.211967074492957408e+03 4.098817874174863621e-09 3.177514514283298988e-04 3.696590515603003224e-01
1.274105955173854682e+03 3.490520942333768201e-09 2.862228403854304463e-04 3.657439439971668649e-01
1.339430764394840480e+03 2.973177680415426925e-09 2.578520129059991696e-04 3.619527928011310181e-01
1.408104848205140797e+03 2.533153694956202962e-09 2.323227797215642000e-04 3.582917275544780233e-01
1.480299927585014302e+03 2.158915496442809491e-09 2.093532839646012765e-04 3.547766726567939122e-01
1.556196527837648091e+03 1.840419022995993913e-09 1.886779911127274480e-04 3.513826376173512789e-01
1.635984429996447261e+03 1.569326560031555469e-09 1.700671681616152038e-04 3.481136735124396586e-01
1.719863145376471039e+03 1.338472007795692801e-09 1.533096157301390948e-04 3.449540295329853734e-01
1.808042414456641382e+03 1.141914722766268752e-09 1.382237005133684846e-04 3.419241485637800060e-01
1.900742731340188357e+03 9.744851204791846824e-10 1.246390747846472897e-04 3.390123240161725393e-01
1.998195895104759757e+03 8.318620607628874151e-10 1.124069593399256627e-04 3.362294606627924121e-01
2.100645589420852957e+03 7.101550583183705315e-10 1.013783140714008757e-04 3.334892226644598501e-01
2.208347991887921125e+03 6.062546071552608483e-10 9.143172828721077034e-05 3.307713173441534371e-01
2.321572414611807289e+03 5.175554893142805992e-10 8.246103729539720751e-05 3.280755626926751822e-01
2.440601977625289692e+03 4.418336477082602740e-10 7.437049259829073831e-05 3.254017781841961887e-01
2.565734316835632853e+03 3.771904197283925335e-10 6.707373992275917122e-05 3.227497847641453976e-01
2.697282328269386653e+03 3.220049298482152677e-10 6.049289751953724993e-05 3.201194048372296153e-01
2.835574950475434889e+03 2.748934475091301836e-10 5.455772489387531268e-05 3.175104622555458000e-01
2.980957987042702825e+03 2.346746912200233505e-10 4.920487309496877833e-05 3.149227823067797249e-01
3.133794971289250043e+03 2.003402088999794021e-10 4.437720856215199712e-05 3.123561917025100554e-01
3.294468075284922634e+03 1.710290917756316231e-10 4.002320331093592342e-05 3.098105185665850358e-01
3.463379065480592999e+03 1.460063878050537219e-10 3.609638495005841683e-05 3.072855924236186920e-01
3.640950307333554974e+03 1.246446733626300335e-10 3.255484065931383566e-05 3.047812441876323053e-01
3.827625821441170956e+03 1.064083211100312202e-10 2.936076983386581369e-05 3.022973061506164516e-01
4.023872393823642142e+03 9.084006958336217443e-11 2.648008062022759644e-05 2.998336119714476999e-01
4.230180743132199495e+03 7.754955773972105114e-11 2.388202603750971955e-05 2.973899966645505155e-01
4.447066747701334862e+03 6.620353697668430645e-11 2.153887580012233107e-05 2.949662965890851862e-01
4.675072735513344924e+03 5.651751519890385254e-11 1.942562033909654584e-05 2.925623494377825318e-01
4.914768840300775992e+03 4.824862341393129347e-11 1.751970386293690482e-05 2.901779942262125433e-01
5.166754427177720572e+03 4.118952599290447035e-11 1.580078360881313662e-05 2.878130712819710890e-01
5.431659591364801599e+03 3.516322190096082842e-11 1.425051271446955138e-05 2.854674222338693945e-01
5.710146733755425885e+03 3.001860654257622393e-11 1.285234439334950968e-05 2.831408900015282004e-01
6.002912217263044113e+03 2.562668293867234242e-11 1.159135532278429917e-05 2.808333187847553702e-01
6.310688108091153481e+03 2.187732723395102203e-11 1.045408636019410360e-05 2.785445540530197550e-01
6.634244006280128815e+03 1.867652743223995154e-11 9.428398887193385351e-06 2.762744425353284017e-01
6.974388970108182548e+03 1.594402612334909497e-11 8.503345248276088900e-06 2.740228322097051916e-01
7.331973539158482708e+03 1.361130809484483857e-11 7.669051901229395038e-06 2.717895722932338609e-01
7.707891861111141225e+03 1.161988236970434460e-11 6.916614032068987506e-06 2.695745132318616566e-01
8.103083927578147268e+03 9.919815593395339157e-12 6.238000509677334423e-06 2.673775066902953634e-01
8.518537924572025076e+03 8.468479996280124235e-12 5.625968165682742899e-06 2.651984055422538789e-01
8.955292703485578386e+03 7.229484537509437253e-12 5.073984484639429490e-06 2.630370638604898059e-01
9.414440378761499232e+03 6.171762429745640323e-12 4.576157879350314727e-06 2.608933369070793318e-01
9.897129058747319505e+03 5.268792165137922034e-12 4.127174807123383734e-06 2.587670811236081336e-01
1.040456571656430970e+04 4.497932510432478050e-12 3.722243055777661930e-06 2.566581541217383133e-01
1.093801920816896018e+04 3.839854796754126298e-12 3.357040594057595574e-06 2.545664146735553968e-01
1.149882344515380282e+04 3.278058269206826527e-12 3.027669440516078896e-06 2.524917227021676314e-01
1.208838073022117533e+04 2.798456344078075949e-12 2.730614058483939696e-06 2.504339392722362834e-01
1.270816526367042752e+04 2.389023399393348441e-12 2.462703833057402130e-06 2.483929265807365561e-01
1.335972682966652428e+04 2.039493242382002686e-12 2.221079229601039481e-06 2.463685479477503715e-01
1.404469467150771925e+04 1.741101693177017777e-12 2.003161272560135537e-06 2.443606678074016769e-01
1.476478156558243427e+04 1.486366830243903861e-12 1.806624018813167595e-06 2.423691516984125827e-01
1.552178810420236550e+04 1.268901387384207203e-12 1.629369731764649055e-06 2.403938662555448191e-01
1.631760719802116000e+04 1.083252598311380997e-12 1.469506491192817320e-06 2.384346792004184423e-01
1.715422880929701932e+04 9.247654730424875005e-13 1.325327999875959616e-06 2.364914593327652748e-01
1.803374492783486858e+04 7.894660778697545251e-13 1.195295371461097479e-06 2.345640765213711509e-01
1.895835480205053682e+04 6.739618922588215276e-13 1.078020705191745526e-06 2.326524016959539976e-01
1.993037043823734348e+04 5.753567441967054223e-13 9.722522721737714267e-07 2.307563068377156135e-01
2.095222238178608313e+04 4.911781910744221092e-13 8.768611550732153434e-07 2.288756649716202352e-01
2.202646579481454319e+04 4.193155252293437171e-13 7.908291986370616825e-07 2.270103501571018034e-01
2.315578684540369068e+04 3.579668496962229562e-13 7.132381424340644520e-07 2.251602374802567086e-01
2.434300942441707230e+04 3.055938971286465654e-13 6.432598198187455237e-07 2.233252030449621728e-01
2.559110220669883711e+04 2.608834590174109650e-13 5.801473185116306399e-07 2.215051239651917026e-01
2.690318607430719567e+04 2.227144580712027972e-13 5.232270084443241092e-07 2.196998783560735469e-01
2.828254192034512744e+04 1.901298381306697325e-13 4.718913517827600371e-07 2.179093453262894442e-01
2.973261885290210193e+04 1.623125667756942962e-13 4.255924183834554394e-07 2.161334049697227200e-01
3.125704281962085952e+04 1.385651489126501190e-13 3.838360374717414461e-07 2.143719383574808623e-01
3.285962567445517197e+04 1.182921376612724170e-13 3.461765231195091825e-07 2.126248275299288948e-01
3.454437470929026313e+04 1.009852040161816066e-13 3.122119172250687046e-07 2.108919554888396553e-01
3.631550267425979837e+04 8.621039091701376868e-14 2.815796992209396810e-07 2.091732061893679107e-01
3.817743831181556016e+04 7.359723213386199932e-14 2.539529167177753595e-07 2.074684645325660381e-01
4.013483743089039490e+04 6.282946313257723637e-14 2.290366957841732229e-07 2.057776163574845663e-01
4.219259454884566367e+04 5.363709100293220768e-14 2.065650936154817643e-07 2.041005484335733922e-01
4.435585513031406299e+04 4.578962460949505596e-14 1.862982599983930017e-07 2.024371484531006238e-01
4.663002845354139572e+04 3.909029521686502994e-14 1.680198772743062951e-07 2.007873050236324008e-01
4.902080113639969204e+04 3.337112267622303547e-14 1.515348514769620842e-07 1.991509076605746109e-01
5.153415135589398415e+04 2.848870346190346793e-14 1.366672300007473239e-07 1.975278467797692838e-01
5.417636379671867326e+04 2.432061494648862124e-14 1.232583235739595419e-07 1.959180136902019531e-01
5.695404536624281900e+04 2.076234575456678225e-14 1.111650124918741041e-07 1.943213005865929710e-01
5.987414171521994285e+04 1.772467522636870758e-14 1.002582190313668448e-07 1.927376005422677951e-01
6.294395460553275188e+04 1.513143628345307244e-14 9.042152974233943613e-08 1.911668075020793722e-01
6.617116016840114025e+04 1.291760560213699943e-14 8.154995291096094271e-08 1.896088162751737305e-01
6.956382809870861820e+04 1.102767320738986969e-14 7.354879793264472171e-08 1.880635225279984335e-01
7.313044183344273188e+04 9.414250606077125052e-15 6.633266463370251263e-08 1.865308227773047611e-01
7.687991976470644295e+04 8.036882559652927316e-15 5.982453175423404322e-08 1.850106143832239980e-01
8.082163754034375597e+04 6.861032702481708771e-15 5.395493486319169010e-08 1.835027955423912394e-01
8.496545150794286747e+04 5.857217571008906350e-15 4.866122493111791459e-08 1.820072652811732528e-01
8.932172336083906703e+04 5.000267330268066753e-15 4.388689964690729059e-08 1.805239234486983591e-01
9.390134604774527543e+04 4.268694661082276435e-15 3.958100034154071982e-08 1.790526707106371573e-01
9.871577101079767453e+04 3.644155983267974993e-15 3.569756808161171814e-08 1.775934085417399666e-01
1.037770368201258680e+05 3.110991505545366579e-15 3.219515312765311004e-08 1.761460392202572611e-01
1.090977992765488161e+05 2.655832569192250153e-15 2.903637252105127082e-08 1.747104658206194150e-01
1.146913630576689611e+05 2.267266439977810240e-15 2.618751107777473291e-08 1.732865922070271070e-01
1.205717149864963576e+05 1.935550143288246816e-15 2.361816153003899147e-08 1.718743230274207834e-01
1.267535590057915979e+05 1.652366167083485354e-15 2.130089997489039435e-08 1.704735637067727461e-01
1.332523529455816897e+05 1.410613907157022355e-15 1.921099316571303299e-08 1.690842204408327387e-01
1.400843471757866791e+05 1.204231625352735160e-15 1.732613452239695795e-08 1.677062001898450005e-01
1.472666252406089625e+05 1.028044456489435479e-15 1.562620604248461160e-08 1.663394106723152799e-01
1.548171465762921434e+05 8.776346528925332173e-16 1.409306357205878152e-08 1.649837603588407420e-01
1.627547914190663723e+05 7.492308130214721627e-16 1.271034314446489647e-08 1.636391584659731280e-01
1.710994080155731353e+05 6.396133166927362008e-16 1.146328631983046578e-08 1.623055149502121430e-01
1.798718622538203781e+05 5.460335957629318988e-16 1.033858266113039933e-08 1.609827405016831248e-01
1.890940898387710622e+05 4.661452160554198305e-16 9.324227665507932745e-09 1.596707465385260871e-01
1.987891511430313694e+05 3.979450424618065527e-16 8.409394634441824851e-09 1.583694452009621612e-01
2.089812888697938761e+05 3.397230119834023333e-16 7.584319115179255016e-09 1.570787493451114569e-01
2.196959886722229712e+05 2.900192553148824715e-16 6.840194680039339774e-09 1.557985725371667518e-01
2.309600428808625729e+05 2.475874918285163750e-16 6.169078931185328674e-09 1.545288290479656657e-01
2.428016174984180834e+05 2.113637801164360242e-16 5.563808727585393586e-09 1.532694338468859607e-01
2.552503226294341730e+05 1.804398405396514708e-16 5.017923729372934072e-09 1.520203025965760901e-01
2.683372865209793090e+05 1.540402808656440733e-16 4.525597443520634063e-09 1.507813516466083026e-01
2.820952333994774381e+05 1.315031539498186311e-16 4.081575034891953867e-09 1.495524980285771743e-01
2.965585652983192704e+05 1.122633599573417405e-16 3.681117238853084624e-09 1.483336594501936945e-01
3.117634480808650260e+05 9.583847695186556967e-17 3.319949776825099397e-09 1.471247542899047911e-01
3.277479018739408348e+05 8.181666456392582693e-17 2.994217734850693039e-09 1.459257015911677169e-01
3.445518961379595567e+05 6.984633743426420574e-17 2.700444418249018781e-09 1.447364210574295651e-01
3.622174496113909991e+05 5.962734950123988579e-17 2.435494243178096673e-09 1.435568330464155051e-01
3.807887353794944938e+05 5.090346808653211308e-17 2.196539269044628521e-09 1.423868585651830998e-01
4.003121913300411543e+05 4.345594907218765915e-17 1.981029014528940896e-09 1.412264192641878302e-01
4.208366362722213962e+05 3.709805207288419964e-17 1.786663235077256134e-09 1.400754374326870222e-01
4.424133920090965694e+05 3.167035807492301926e-17 1.611367371282570484e-09 1.389338359931452105e-01
4.650964116688389913e+05 2.703677213628900169e-17 1.453270406117137126e-09 1.378015384964516865e-01
4.889424146156553179e+05 2.308111091829083710e-17 1.310684894664549782e-09 1.366784691161720966e-01
5.140110282777408138e+05 1.970418948449084208e-17 1.182088953212576224e-09 1.355645526441005833e-01
5.403649372469085502e+05 1.682133432030964930e-17 1.066110015454806149e-09 1.344597144849111747e-01
5.680700400227193022e+05 1.436026021462820608e-17 9.615101824309600506e-10 1.333638806512207342e-01
5.971956137930564582e+05 1.225925776785405405e-17 8.671730098363562567e-10 1.322769777586935702e-01
6.278144876631795196e+05 1.046564607969009220e-17 7.820915916741201765e-10 1.311989330208339355e-01
6.600032247664229944e+05 8.934451819145918394e-18 7.053578130653826614e-10 1.301296742447075327e-01
6.938423137119094608e+05 7.627281555368971374e-18 6.361526575006174073e-10 1.290691298255046138e-01
7.294163698479967425e+05 6.511359074121617040e-18 5.737374650838061184e-10 1.280172287421056931e-01
7.668143468447235646e+05 5.558703541274469205e-18 5.174460484595199238e-10 1.269739005520346409e-01
8.061297591243179049e+05 4.745427906530467108e-18 4.666775822758260098e-10 1.259390753870868185e-01
8.474609156959623797e+05 4.051139955363598825e-18 4.208901902858922829e-10 1.249126839484193952e-01
8.909111659795242595e+05 3.458430991093176351e-18 3.795951616424386161e-10 1.238946575019676116e-01
9.365891582329371013e+05 2.952439326199559116e-18 3.423517346519133370e-10 1.228849278738454315e-01
9.846091112294379855e+05 2.520477637789822787e-18 3.087623923130389158e-10 1.218834274457748501e-01
1.035091099863994634e+06 2.151714843459977198e-18 2.784686194267488692e-10 1.208900891505612502e-01
1.088161355403086869e+06 1.836904520853388524e-18 2.511470759911093581e-10 1.199048464676003567e-01
1.143952581128624268e+06 1.568153061260590855e-18 2.265061460380309597e-10 1.189276334184262429e-01
1.202604284165272489e+06 1.338721743903440666e-18 2.042828250758452892e-10 1.179583845622910881e-01
1.264263124320930336e+06 1.142857768079862180e-18 1.842399129159240668e-10 1.169970349917821284e-01
1.329083280812643003e+06 9.756500064402306600e-19 1.661634819210684144e-10 1.160435203285260786e-01
1.397226837794951163e+06 8.329058625253807537e-19 1.498605936528347336e-10 1.150977767186730782e-01
1.468864189654704416e+06 7.110461448776173530e-19 1.351572395470637991e-10 1.141597408289335286e-01
1.544174467085782439e+06 6.070153217704343812e-19 1.218964836366564181e-10 1.132293498421244882e-01
1.623345985009134281e+06 5.182049062757812949e-19 1.099367874985905172e-10 1.123065414530146772e-01
1.706576713458170416e+06 4.423880506097808609e-19 9.915049954628670927e-11 1.113912538641584904e-01
1.794074772606963990e+06 3.776637097645876286e-19 8.942249254285550457e-11 1.104834257817528115e-01
1.886058953179090517e+06 3.224089743758149109e-19 8.064893479276817285e-11 1.095829964115814098e-01
1.982759263538399944e+06 2.752383776105066374e-19 7.273618189616073999e-11 1.086899054546961868e-01
2.084417504829733167e+06 2.349691557327071945e-19 6.559977723733298648e-11 1.078040931039288552e-01
2.191287875607731752e+06 2.005915912780873352e-19 5.916355053842740899e-11 1.069255000391377136e-01
2.303637607465630397e+06 1.712436952247640808e-19 5.335880485768788483e-11 1.060540674240259135e-01
2.421747633253435604e+06 1.461895933292225761e-19 4.812358335374507953e-11 1.051897369014186401e-01
2.545913289556382690e+06 1.248010746890988551e-19 4.340200799066873951e-11 1.043324505901329913e-01
2.676445055190230254e+06 1.065418398727177475e-19 3.914368312464039541e-11 1.034821510803288075e-01
2.813669327560023405e+06 9.095405365500153462e-20 3.530315760718667827e-11 1.026387814304293988e-01
2.957929238823618274e+06 7.764686517668744032e-20 3.183943966307664111e-11 1.018022851625971642e-01
3.109585513900805730e+06 6.628660768254985592e-20 2.871555936549790016e-11 1.009726062594719503e-01
