# [1] k:    [h/Mpc] 
# [2] P:    [Mpc^3/h^3] 
# [3] T:    [Mpc^3/h^3] 
# [4] Delta_k 
3.059023205018257859e-07 2.021366971904775198e-02 3.700445245695901394e+04 2.931323424952884891e-23
3.215862678579245412e-07 2.119475042808685247e-02 3.698677660744016612e+04 3.571009887069756185e-23
3.380743483904743061e-07 2.222344838687127441e-02 3.696910920117946807e+04 4.350291579920529754e-23
3.554077908890640533e-07 2.330207472268460908e-02 3.695145023407656117e+04 5.299631596891602136e-23
3.736299379885273404e-07 2.443305273453315676e-02 3.693379970203314588e+04 6.456140823365941890e-23
3.927863545481053003e-07 2.561892333773596250e-02 3.691615760115442390e+04 7.865028647601059063e-23
4.129249415873286729e-07 2.686235077195861867e-02 3.689852392734591558e+04 9.581370251978818092e-23
4.340960560635169786e-07 2.816612858717865153e-02 3.688089867658228468e+04 1.167225957066365527e-22
4.563526367904018199e-07 2.953318591973841042e-02 3.686328184484010853e+04 1.421943207515768500e-22
4.797503368127355169e-07 3.096659407309773626e-02 3.684567342809787806e+04 1.732245991583333819e-22
5.043476625678916271e-07 3.246957341798729912e-02 3.682807342233602685e+04 2.110264432149081026e-22
5.302061201824328858e-07 3.404550062734000571e-02 3.681048182346993417e+04 2.570775741560173290e-22
5.573903692694645323e-07 3.569791626299322063e-02 3.679289862761781114e+04 3.131781881329391269e-22
5.859683846113473662e-07 3.743053272937701959e-02 3.677532383069884963e+04 3.815213281213968704e-22
6.160116261320592563e-07 3.924724261433380074e-02 3.675775742863427877e+04 4.647786127084870527e-22
6.475952175842278093e-07 4.115212743485912456e-02 3.674019941754786851e+04 5.662046730013340111e-22
6.807981343976415384e-07 4.314946680601681323e-02 3.672264979336466058e+04 6.897643802074587772e-22
7.157034011589609116e-07 4.524374805613596423e-02 3.670510855201172672e+04 8.402878373985525249e-22
7.523982992164306405e-07 4.743967630879549618e-02 3.668757568961838115e+04 1.023659194274612874e-21
7.909745849287134463e-07 4.974218505263904022e-02 3.667005120211550820e+04 1.247046665898545891e-21
8.315287191035797356e-07 5.215644722584782123e-02 3.665253508550268452e+04 1.519182747174634701e-21
8.741621082001717898e-07 5.468788683758130792e-02 3.663502733571475983e+04 1.850705576957482991e-21
9.189813578979717484e-07 5.734219115483921159e-02 3.661752794895505940e+04 2.254574796203056539e-21
9.660985396665287929e-07 6.012532347778649228e-02 3.660003692102897185e+04 2.746578156430478436e-21
1.015631471002508262e-06 6.304353653898052412e-02 3.658255424794381543e+04 3.345948682677588181e-21
1.067704010034801725e-06 6.610338655100349292e-02 3.656507992584182648e+04 4.076116516452050385e-21
1.122446365234364056e-06 6.931174793485103680e-02 3.654761395066748082e+04 4.965624829128301088e-21
1.179995421003214005e-06 7.267582876499242839e-02 3.653015631836724788e+04 6.049245610139810591e-21
1.240495079956737545e-06 7.620318696423979132e-02 3.651270702508891554e+04 7.369338947492079331e-21
1.304096622755184042e-06 7.990174728222806944e-02 3.649526606678274402e+04 8.977508936319833331e-21
1.370959086384113674e-06 8.377981910059748016e-02 3.647783343946737295e+04 1.093662094740941009e-20
1.441249661829700436e-06 8.784611510072100338e-02 3.646040913909704977e+04 1.332325911289050487e-20
1.515144112143284134e-06 9.210977083933731546e-02 3.644299316182688926e+04 1.623072009567215154e-20
1.592827211940548929e-06 9.658036527110577807e-02 3.642558550361488597e+04 1.977266017210280407e-20
1.674493209434307728e-06 1.012679422700583226e-01 3.640818616042107897e+04 2.408753819766045849e-20
1.760346312156213177e-06 1.061830331958499296e-01 3.639079512840608368e+04 2.934402813661231574e-20
1.850601197581954108e-06 1.113366805523176295e-01 3.637341240359986114e+04 3.574761273732294763e-20
1.945483549936765273e-06 1.167404627955482832e-01 3.635603798183587060e+04 4.354861610883923038e-20
2.045230624523543909e-06 1.224065203503561655e-01 3.633867185934642475e+04 5.305198920379563296e-20
2.150091840984688092e-06 1.283475828815506259e-01 3.632131403210110147e+04 6.462923073021408261e-20
2.260329406981118614e-06 1.345769978946113332e-01 3.630396449607148679e+04 7.873290949974806212e-20
2.376218973848010330e-06 1.411087607244328745e-01 3.628662324742920464e+04 9.591435590800100445e-20
2.498050325866710336e-06 1.479575459745792743e-01 3.626929028208362433e+04 1.168452141253926214e-19
2.626128104876382668e-06 1.551387404900430866e-01 3.625196559621002962e+04 1.423436975081582302e-19
2.760772572037287162e-06 1.626684779231181155e-01 3.623464918585350824e+04 1.734065735771110929e-19
2.902320408650496801e-06 1.705636749792339701e-01 3.621734104686341743e+04 2.112481289016104468e-19
3.051125558036519890e-06 1.788420694280073997e-01 3.620004117545353074e+04 2.573476370817470263e-19
3.207560110577962700e-06 1.875222599495623699e-01 3.618274956770756398e+04 3.135071853945096017e-19
3.372015234139298021e-06 1.966237479186560833e-01 3.616546621954659349e+04 3.819221206309691313e-19
3.544902152190277809e-06 2.061669812215800035e-01 3.614819112712397327e+04 4.652668679474430436e-19
3.726653172078803499e-06 2.161734001913461489e-01 3.613092428643043968e+04 5.667994774735663774e-19
3.917722766024474580e-06 2.266654857795254441e-01 3.611366569355729735e+04 6.904889855612785368e-19
4.118588707535861475e-06 2.376668100621310287e-01 3.609641534459764080e+04 8.411705693651644136e-19
4.329753266093139866e-06 2.492020891965398000e-01 3.607917323554796167e+04 1.024734559943293528e-18
4.551744463083409039e-06 2.612972389536076245e-01 3.606193936257073801e+04 1.248356702658411705e-18
4.785117392129195949e-06 2.739794329359833691e-01 3.604471372160067403e+04 1.520778665992050556e-18
5.030455607111644826e-06 2.872771636337504986e-01 3.602749630877119489e+04 1.852649764295297101e-18
5.288372581359179674e-06 3.012203064340449599e-01 3.601028712018473016e+04 2.256943252758389646e-18
5.559513241650373021e-06 3.158401867394208251e-01 3.599308615184731752e+04 2.749463468126063946e-18
5.844555580866815540e-06 3.311696503483734233e-01 3.597589339986515552e+04 3.349463639956735753e-18
6.144212353328471540e-06 3.472431372469638733e-01 3.595870886034626164e+04 4.080398523374103687e-18
6.459232857050738118e-06 3.640967589815443661e-01 3.594153252930239250e+04 4.970841274675947419e-18
6.790404807379771878e-06 3.817683797939657175e-01 3.592436440291067265e+04 6.055600411716566301e-18
7.138556306691162195e-06 4.002977016814565636e-01 3.590720447712131136e+04 7.377080522177502494e-18
7.504557915077204533e-06 4.197263536019797958e-01 3.589005274808247486e+04 8.986939911919513797e-18
7.889324827200587103e-06 4.400979849954895218e-01 3.587290921191147936e+04 1.094810999253662632e-17
8.293819160757753291e-06 4.614583638472385951e-01 3.585577386462958384e+04 1.333725534867392964e-17
8.719052362274285227e-06 4.838554795181355117e-01 3.583864670239045518e+04 1.624777065240672866e-17
9.166087736248057605e-06 5.073396505536125201e-01 3.582152772121915768e+04 1.979343157728299939e-17
9.636043103964330830e-06 5.319636377388210491e-01 3.580441691727301077e+04 2.411284243154080958e-17
1.013009359863121538e-05 5.577827626276107287e-01 3.578731428661344398e+04 2.937485437318627754e-17
1.064947460382478790e-05 5.848550318333493037e-01 3.577021982530380774e+04 3.578516601243269526e-17
1.119548484259151579e-05 6.132412673529940017e-01 3.575313352950691478e+04 4.359436442716947935e-17
1.176948962493235138e-05 6.430052432056032607e-01 3.573605539525733911e+04 5.310772092394776931e-17
1.237292426178888029e-05 6.742138287179261225e-01 3.571898541868908069e+04 6.469712447460508706e-17
1.300729765406831334e-05 7.069371387535715590e-01 3.570192359593794390e+04 7.881561931991565903e-17
1.367419606568169201e-05 7.412486912340855438e-01 3.568486992307662877e+04 9.601511503374712165e-17
1.437528709002991615e-05 7.772255723118475235e-01 3.566782439621218509e+04 1.169679613570478852e-16
1.511232381985586521e-05 8.149486095532473273e-01 3.565078701142111095e+04 1.424932311875076067e-16
1.588714923088939049e-05 8.545025535344796808e-01 3.563375776484663947e+04 1.735887391614614486e-16
1.670170079024660794e-05 8.959762682441433368e-01 3.561673665263378643e+04 2.114700474724212296e-16
1.755801530110687162e-05 9.394629307246984418e-01 3.559972367083224526e+04 2.576179837121310788e-16
1.845823399578163895e-05 9.850602404202843942e-01 3.558271881562313501e+04 3.138365282708879635e-16
1.940460788991057802e-05 1.032870638661976814e+00 3.556572208309225971e+04 3.823233341783397466e-16
2.039950341117315543e-05 1.083001538822530252e+00 3.554873346932734421e+04 4.657556361024075719e-16
2.144540831659045798e-05 1.135565567643118001e+00 3.553175297051497910e+04 5.673949067946824622e-16
2.254493791321357228e-05 1.190680818252836559e+00 3.551478058271427290e+04 6.912143521225645198e-16
2.370084159775344190e-05 1.248471115499144579e+00 3.549781630211545416e+04 8.420542286502654733e-16
2.491600973150475266e-05 1.309066294122384511e+00 3.548086012478140037e+04 1.025811055295884376e-15
2.619348086775470484e-05 1.372602490464655878e+00 3.546391204687373101e+04 1.249668115620030862e-15
2.753644934974891994e-05 1.439222448314796843e+00 3.544697206455584092e+04 1.522376261337632173e-15
2.894827329821342076e-05 1.509075839598715385e+00 3.543004017392846436e+04 1.854595994020719247e-15
3.043248300840562692e-05 1.582319600647625890e+00 3.541311637112647441e+04 2.259314197408459849e-15
3.199278977769132648e-05 1.659118284771122553e+00 3.539620065222217818e+04 2.752351810879537227e-15
3.363309518572123809e-05 1.739644431975213790e+00 3.537929301348292211e+04 3.352982289744745010e-15
3.535750085041236633e-05 1.824078956564476384e+00 3.536239345098469494e+04 4.084685028600758585e-15
3.717031868412924126e-05 1.912611553615302107e+00 3.534550196085364587e+04 4.976063200181796998e-15
3.907608167571078754e-05 2.005441125154187265e+00 3.532861853924995376e+04 6.061961889062834085e-15
4.107955522530357004e-05 2.102776227016685873e+00 3.531174318231953657e+04 7.384830229468942480e-15
4.318574906034433776e-05 2.204835537401563350e+00 3.529487588621016039e+04 8.996380794883127413e-15
4.539992976248807967e-05 2.311848348164842193e+00 3.527801664707141754e+04 1.095961110704668819e-14
4.772763393680535859e-05 2.424055079959053227e+00 3.526116546105475572e+04 1.335126628766286111e-14
5.017468205617894183e-05 2.541707822374995818e+00 3.524432232431345619e+04 1.626483912093099589e-14
5.274719301551768723e-05 2.665070900299588708e+00 3.522748723300264101e+04 1.981422480309744920e-14
5.545159943218107865e-05 2.794421467764686362e+00 3.521066018329525832e+04 2.413817324776383900e-14
5.829466373087315435e-05 2.930050130603318426e+00 3.519384117130208324e+04 2.940571299296640866e-14
6.128349505322671351e-05 3.072261599365609719e+00 3.517703019323175977e+04 3.582275873778498998e-14
6.442556703436033705e-05 3.221375373875134951e+00 3.516022724524672958e+04 4.364016080459159978e-14
6.772873649085907528e-05 3.377726461035247763e+00 3.514343232347929734e+04 5.316351119100414236e-14
7.120126306690828879e-05 3.541666127488056315e+00 3.512664542411158618e+04 6.476508954244407597e-14
7.485182988770643921e-05 3.713562688773896614e+00 3.510986654329558223e+04 7.889841602762173562e-14
7.868956527180084881e-05 3.893802336828319000e+00 3.509309567724896624e+04 9.611598000801724025e-14
8.272406555663884206e-05 4.082790007587528969e+00 3.507633282209546451e+04 1.170908375354322620e-13
8.696541909440986997e-05 4.280950290772675970e+00 3.505957797402447613e+04 1.426429219533041323e-13
9.142423147818073699e-05 4.488728383778829212e+00 3.504283112921128486e+04 1.737710961134715755e-13
9.611165206140254191e-05 4.706591091882303068e+00 3.502609228383297159e+04 2.116921991710350850e-13
1.010394018371016720e-04 4.935027876990234930e+00 3.500936143406847987e+04 2.578886143447363397e-13
1.062198027464676133e-04 5.174551957291611437e+00 3.499263857609854313e+04 3.141662171260025754e-13
1.116658084901241013e-04 5.425701460280410338e+00 3.497592370610574289e+04 3.827249692044309854e-13
1.173910369191279803e-04 5.689040631743967680e+00 3.495921682028242503e+04 4.662449177145315858e-13
1.234098040866900780e-04 5.965161103417289112e+00 3.494251791479891108e+04 5.679909616203182949e-13
1.297371600457651012e-04 6.254683222189362901e+00 3.492582698585119215e+04 6.919404806893811199e-13
1.363889264820232711e-04 6.558257443797416819e+00 3.490914402962913300e+04 8.429388162283856092e-13
1.433817362763056455e-04 6.876565794177651902e+00 3.489246904232441011e+04 1.026888681518668026e-12
1.507330750954898936e-04 7.210323401740897253e+00 3.487580202013053349e+04 1.250980906241051167e-12
1.584613251157653230e-04 7.560280104021493308e+00 3.485914295925074111e+04 1.523975534978124811e-12
1.665858109876483387e-04 7.927222132288376244e+00 3.484249185586631938e+04 1.856544268281008711e-12
1.751268481576742783e-04 8.311973877954118350e+00 3.482584870618415880e+04 2.261687632758850820e-12
1.841057936675958640e-04 8.715399744683010042e+00 3.480921350640501623e+04 2.755243187877536564e-12
1.935450995581117185e-04 9.138406090409478821e+00 3.479258625273147481e+04 3.356504635914486149e-12
2.034683690106629794e-04 9.581943263609927541e+00 3.477596694136795122e+04 4.088976036846366106e-12
2.139004153676812446e-04 1.004700773841047123e+01 3.475935556852853915e+04 4.981290611373190197e-12
2.248673241788693637e-04 1.053464435329813398e+01 3.474275213040150993e+04 6.068330049220622472e-12
2.363965184286629729e-04 1.104594865854901364e+01 3.472615662321646232e+04 7.392588077919686046e-12
2.485168271079757005e-04 1.158206937750806809e+01 3.470956904317317822e+04 9.005831595597966844e-12
2.612585573016925852e-04 1.214421098740026217e+01 3.469298938648907642e+04 1.097112430361384533e-11
2.746535699721688829e-04 1.273363642536089912e+01 3.467641764937940752e+04 1.336529194529700910e-11
2.887353596282311993e-04 1.335166992581937606e+01 3.465985382806124835e+04 1.628192552008367153e-11
3.035391380788964293e-04 1.399969999559794154e+01 3.464329791875741648e+04 1.983503987242846329e-11
3.191019224812350285e-04 1.467918253339175116e+01 3.462674991768071777e+04 2.416353067427090544e-11
3.354626279025451924e-04 1.539164410068704392e+01 3.461020982105758594e+04 2.943660403012566738e-11
3.526621646282911485e-04 1.613868535140356997e+01 3.459367762511328328e+04 3.586039095475060224e-11
3.707435404591257876e-04 1.692198462800919856e+01 3.457715332607342862e+04 4.368600529162672620e-11
3.897519682527942697e-04 1.774330173217439821e+01 3.456063692016518326e+04 5.321936006632393962e-11
4.097349789798286580e-04 1.860420891513831165e+01 3.454387498850384145e+04 6.483217478240699196e-11
4.307425405757319271e-04 1.950705433531741306e+01 3.452726890535917482e+04 7.897965791839169644e-11
4.528271828868440083e-04 2.045411924998160202e+01 3.451101266146571288e+04 9.621626865307342305e-11
4.760441290223192071e-04 2.144727561366759971e+01 3.449485379553480743e+04 1.172152267711862564e-10
5.004514334406633081e-04 2.248864588378923557e+01 3.447869550325188902e+04 1.427970966514188118e-10
5.261101271161193775e-04 2.358046111568028635e+01 3.446245806656236527e+04 1.739612570796981360e-10
5.530843701478924991e-04 2.472488992298241683e+01 3.444595407416619855e+04 2.119233365269326522e-10
5.814416121938181326e-04 2.592420543283963497e+01 3.442902253066197591e+04 2.581630258819884609e-10
6.112527611296385451e-04 2.718085959424831088e+01 3.441157022308908927e+04 3.144821122948938825e-10
6.425923603556274889e-04 2.849739946764410803e+01 3.439350548794515635e+04 3.830735472168382768e-10
6.755387751939181127e-04 2.987634184016186722e+01 3.437466452329790627e+04 4.666040727254611218e-10
7.101743888426273075e-04 3.132040771925336742e+01 3.435495569524962048e+04 5.683196659418088355e-10
7.465858083767621441e-04 3.283225759605076632e+01 3.433420481223432580e+04 6.921658946718625317e-10
7.848640813110194670e-04 3.441480330579789637e+01 3.431232896583789989e+04 8.429443690114630376e-10
8.251049232659968648e-04 3.607104211629733470e+01 3.428923743118590937e+04 1.026494162522827209e-09
8.674089573071004124e-04 3.780369075368071208e+01 3.426466687058560638e+04 1.249902591569587779e-09
9.118819655546198935e-04 3.961611692213632097e+01 3.423862348955479683e+04 1.521801625849709247e-09
9.586351536941296880e-04 4.151117430881957659e+01 3.421084366844484612e+04 1.852658317609526046e-09
1.007785429048626679e-03 4.349240735116359957e+01 3.418132779356582614e+04 2.255214891312827220e-09
1.059455692907732439e-03 4.556303489124822192e+01 3.414990175453279517e+04 2.744930165760835932e-09
1.113775147844932919e-03 4.772609652685368786e+01 3.411630788490641862e+04 3.340555899041606443e-09
1.170879620791311689e-03 4.998512790169989017e+01 3.408045640470170474e+04 4.064880738331406839e-09
1.230911902673626282e-03 5.234348846002431799e+01 3.404217192835747846e+04 4.945541331460036435e-09
1.294022105466001958e-03 5.480459840734674515e+01 3.400128730827801337e+04 6.016062572842576891e-09
1.360368037548055848e-03 5.737185864006711711e+01 3.395762053100610501e+04 7.317090674995691028e-09
1.430115598308045934e-03 6.004843241815265031e+01 3.391091897580435761e+04 8.897855816900921216e-09
1.503439192977754080e-03 6.283835038530361317e+01 3.386117627352715499e+04 1.081814099464010780e-08
1.580522168736409397e-03 6.574444533884103237e+01 3.380804958017855824e+04 1.315016190399163014e-08
1.661557273174137529e-03 6.876974708509668233e+01 3.375127847141942766e+04 1.598135627987374152e-08
1.746747136261333697e-03 7.191790622642938047e+01 3.369077203550692502e+04 1.941768331333157947e-08
1.836304777029133936e-03 7.519185889723358684e+01 3.362627708064932813e+04 2.358714476887235103e-08
1.930454136227949345e-03 7.859393344578636231e+01 3.355743979642886552e+04 2.864426929428548866e-08
2.029430636295988157e-03 8.212794126820354279e+01 3.348426007016294898e+04 3.477633669222439601e-08
2.133481770037976965e-03 8.579506325990379878e+01 3.340621858917688223e+04 4.220844636159779581e-08
2.242867719486086112e-03 8.959836364697243027e+01 3.332323371608289017e+04 5.121312985414844239e-08
2.357862006490532136e-03 9.353974358069955031e+01 3.323503331587851426e+04 6.211858973185514740e-08
2.478752176666675511e-03 9.762097303432599915e+01 3.314137538531369501e+04 7.532041718958825392e-08
2.605840518408833982e-03 1.018422082901746535e+02 3.304180749380068301e+04 9.129385891376323301e-08
2.739444818768723561e-03 1.062054098843991738e+02 3.293624945730476611e+04 1.106125918234635520e-07
2.879899158088616417e-03 1.107105033742654285e+02 3.282435245291371393e+04 1.339648699907023845e-07
3.027554745376210416e-03 1.153569096081762808e+02 3.270577855309133520e+04 1.621772331093245656e-07
3.182780796510085389e-03 1.201438986373654529e+02 3.258025481197834961e+04 1.962420927967023363e-07
3.345965457471714814e-03 1.250696016597747899e+02 3.244743944161281615e+04 2.373484418755256273e-07
3.517516774912597243e-03 1.301327380767018838e+02 3.230715847371601558e+04 2.869229969193033797e-07
3.697863716483424691e-03 1.353292581792354099e+02 3.215897955883078248e+04 3.466687257774185392e-07
3.887457243476651579e-03 1.406555182446649326e+02 3.200263420892337308e+04 4.186237950382224952e-07
4.086771438464619106e-03 1.461064388093766411e+02 3.183779254437598138e+04 5.052201494174762600e-07
4.296304690752923532e-03 1.516755242511597714e+02 3.166408583096029906e+04 6.093558495760783062e-07
4.516580942613284376e-03 1.573572316086301157e+02 3.148136001165948619e+04 7.344907969740201103e-07
4.748150999412126434e-03 1.631411360112240345e+02 3.128908078743772421e+04 8.847229772491200096e-07
4.991593906910903912e-03 1.690190867719851724e+02 3.108707563683603439e+04 1.064936586004699242e-06
5.247518399182111472e-03 1.749789680580927040e+02 3.087492069949181314e+04 1.280908241371469288e-06
5.516564420761540903e-03 1.810098044309616796e+02 3.065242975245373236e+04 1.539495558932509604e-06
5.799404726842954938e-03 1.870974822961180735e+02 3.041926798048102137e+04 1.848793718631814648e-06
6.096746565516493986e-03 1.932236597423840863e+02 3.017490210622531231e+04 2.218324059038315252e-06
6.409333446257287764e-03 1.993727171874508315e+02 2.991916802996198021e+04 2.659344408205640797e-06
6.737946999086424568e-03 2.055248573555712994e+02 2.965171092760148531e+04 3.185058297724855675e-06
7.083408929053131541e-03 2.116609393993661854e+02 2.937236188822150507e+04 3.810990989728110629e-06
7.446583070925409317e-03 2.177535517808256600e+02 2.908051312673897701e+04 4.555191322544026067e-06
7.828377549226901017e-03 2.237806435254460382e+02 2.877607997053491272e+04 5.438862326219454014e-06
8.229747049021221908e-03 2.297155334854228386e+02 2.845879354959059128e+04 6.486644288513426062e-06
8.651695203121895217e-03 2.355238895214983756e+02 2.812805591640685452e+04 7.726963426426119386e-06
9.095277101697147801e-03 2.411785874755655357e+02 2.778385724465563180e+04 9.192990501427046130e-06
9.561601930544914862e-03 2.466418875053060447e+02 2.742568690805192091e+04 1.092267651216104042e-05
1.005183574463506743e-02 2.518776188895940322e+02 2.705327309216395224e+04 1.295973101805990837e-05
1.056720438385422289e-02 2.568493386220800971e+02 2.666644878461548433e+04 1.535426503155664336e-05
1.110899653824396448e-02 2.615129305209935637e+02 2.626476216898666462e+04 1.816301412573711845e-05
1.167856697039719623e-02 2.658269224166287472e+02 2.584802121079256176e+04 2.145052316610893801e-05
1.227733990307029038e-02 2.697463871778129487e+02 2.541596296546977101e+04 2.528941216224333513e-05
1.290681258048182248e-02 2.732240745188614710e+02 2.496831089360609622e+04 2.976091186182733825e-05
1.356855901220299469e-02 2.762120262510568409e+02 2.450484186930925352e+04 3.495537987869571983e-05
1.426423390900143431e-02 2.786637407942758955e+02 2.402546349411621122e+04 4.097284091595382050e-05
1.499557682048000690e-02 2.805308507970665914e+02 2.353004667522955788e+04 4.792260480216212751e-05
1.576441648485692182e-02 2.817604147765017615e+02 2.301830785151801683e+04 5.592215993039356518e-05
1.657267540176381518e-02 2.823141929554008698e+02 2.249058190294581436e+04 6.509997829767731853e-05
1.742237463949622076e-02 2.821446556443167992e+02 2.194679874355860011e+04 7.558996289265556721e-05
1.831563888873704443e-02 2.812139828602895477e+02 2.138723559630363161e+04 8.753331730443618831e-05
1.925470177538994923e-02 2.794890377370217038e+02 2.081227318876301069e+04 1.010753902542080356e-04
2.024191144580758314e-02 2.769472696427980623e+02 2.022258192944714392e+04 1.163648753353496403e-04
2.127973643838054069e-02 2.735686170849209020e+02 1.961878591367524496e+04 1.335473479480278397e-04
2.237077185616915750e-02 2.693491080284546797e+02 1.900192905445657743e+04 1.527667033932262133e-04
2.351774585601286785e-02 2.643030074594560119e+02 1.837350046960948748e+04 1.741644218542636878e-04
2.472352647034336062e-02 2.584511893109653329e+02 1.773499419821995980e+04 1.978700414813354847e-04
2.599112877875953478e-02 2.518351887391160915e+02 1.708838109992757381e+04 2.240072609573072482e-04
2.732372244729698585e-02 2.445183907252734343e+02 1.643612401479662003e+04 2.526977547928039116e-04
2.872463965424410307e-02 2.365800755646065454e+02 1.578096872073491249e+04 2.840613801868685897e-04
3.019738342232343442e-02 2.281220344418011337e+02 1.512617514887220204e+04 3.182331627333349054e-04
3.174563637807315680e-02 2.192656346099384166e+02 1.447543831064917140e+04 3.553799660286566589e-04
3.337326996033158216e-02 2.101469505929790387e+02 1.383276232190187693e+04 3.957214902747348468e-04
3.508435410085083278e-02 2.009189061283590263e+02 1.320257678724105062e+04 4.395735182954338752e-04
3.688316740124613496e-02 1.917392088158924821e+02 1.258939024347453233e+04 4.873778851249070091e-04
3.877420783172848273e-02 1.826778171321226125e+02 1.199480157655158109e+04 5.394918320959334046e-04
4.076220397837305304e-02 1.739242368663498439e+02 1.142434067862763732e+04 5.967649932756985149e-04
4.285212686704739649e-02 1.656884621363542749e+02 1.088424118102706416e+04 6.605104179570486398e-04
4.504920239356542677e-02 1.581006215531269561e+02 1.037814520245593121e+04 7.322597357665171268e-04
4.735892439114896407e-02 1.512287066776961240e+02 9.907657933634372966e+03 8.137855753945992922e-04
4.978706836787243073e-02 1.450682932930423874e+02 9.471986418695298198e+03 9.069689587819988567e-04
5.233970594844135349e-02 1.395517460950300688e+02 9.068247903365239836e+03 1.013676477919195568e-03
5.502322005641668845e-02 1.345631334159549795e+02 8.692000114686021334e+03 1.135623465651335517e-03
5.784432087484844831e-02 1.299922031088581775e+02 8.339043909955416893e+03 1.274587758031922808e-03
6.081006262522850592e-02 1.259136786495091087e+02 8.011152436599233624e+03 1.434397512038075367e-03
6.392786120671870020e-02 1.216773693114594010e+02 7.687132663751365726e+03 1.610462419298282514e-03
6.720551273976151097e-02 1.171658551407606979e+02 7.363103997115440507e+03 1.801714700834062058e-03
7.065121306044198912e-02 1.121251783992956632e+02 7.030932129583769893e+03 2.003236731518910369e-03
7.427357821434696361e-02 1.063687195254276361e+02 6.684504633089458366e+03 2.207939816416071375e-03
7.808166600116696332e-02 9.984981747547639941e+01 6.321742930974420233e+03 2.408045827445958256e-03
8.208499862391337165e-02 9.270204732182860141e+01 5.945779340517353376e+03 2.597472571888312723e-03
8.629358649938589920e-02 8.521801425552068565e+01 5.564559118636301719e+03 2.774196548306117130e-03
9.071795328942874881e-02 7.778801797046260447e+01 5.189462040641820749e+03 2.942135668179295116e-03
9.536916221556676621e-02 7.083656500807909140e+01 4.833877765577988612e+03 3.112803132520631545e-03
1.002588437228218304e-01 6.476147580809663395e+01 4.511554592564463746e+03 3.306397553072597251e-03
1.053992245618834284e-01 5.983584067834342335e+01 4.233011788140555836e+03 3.549309759339748255e-03
1.108031583623540345e-01 5.608808870058382468e+01 4.000414849423568285e+03 3.865425606473416216e-03
1.164841577735182265e-01 5.327728257644090348e+01 3.805762424198198005e+03 4.265922056249822625e-03
1.224564282530043596e-01 5.096189943887318208e+01 3.633242412861045068e+03 4.740898195260592751e-03
1.287349035878279091e-01 4.857713476288469678e+01 3.462489383781475681e+03 5.250384273046329771e-03
1.353352832366376823e-01 4.557910158188672511e+01 3.273831432247019166e+03 5.723598062562230450e-03
1.422740715865399574e-01 4.179707358635005221e+01 3.060182326495726102e+03 6.098084185555746259e-03
1.495686192226629019e-01 3.760152570760486412e+01 2.833205193184785458e+03 6.373781615403327494e-03
1.572371663136570008e-01 3.358269206266686524e+01 2.613569059468348314e+03 6.613805083216215547e-03
1.652988882216175348e-01 3.026457642232588796e+01 2.421834476724382512e+03 6.924918342740836105e-03
1.737739434504778357e-01 2.792957253848422638e+01 2.270963911470714720e+03 7.424864250935592387e-03
1.826835240527691917e-01 2.631640758512275369e+01 2.151752525035412873e+03 8.128211681092747942e-03
1.920499086207905493e-01 2.481740634731106709e+01 2.039661723574728285e+03 8.905718536051709933e-03
2.018965179946938526e-01 2.294613052368176298e+01 1.914412894746246820e+03 9.566789219178988349e-03
2.122479738267836202e-01 2.064848569817154456e+01 1.772661920751376556e+03 1.000205239699165048e-02
2.231301601484726449e-01 1.837793240915189585e+01 1.632416845637606002e+03 1.034288605786990063e-02
2.345702880938428103e-01 1.661033267358185839e+01 1.514861189070464889e+03 1.086094447178668695e-02
2.465969639416541459e-01 1.538726936358995445e+01 1.423198190360896206e+03 1.168947459402537407e-02
2.592402606459418002e-01 1.429500593065742997e+01 1.338991146608966801e+03 1.261716978090586527e-02
2.725317930340656614e-01 1.299935517790499340e+01 1.246371103237619764e+03 1.333041253076071644e-02
2.865047968602461026e-01 1.161392812102476668e+01 1.149944721993111216e+03 1.383710019371348597e-02
3.011942119122611450e-01 1.047526314316061580e+01 1.066033368406058798e+03 1.450023582782359287e-02
3.166367693791155569e-01 9.610018990399593619e+00 9.966699907838933541e+02 1.545533924450206639e-02
3.328710836981453314e-01 8.772551193155740279e+00 9.295080293246269321e+02 1.639171445197893859e-02
3.499377491112247163e-01 7.877978823213005910e+00 8.598021474099335819e+02 1.710241536890370201e-02
3.678794411715154977e-01 7.093671920490216110e+00 7.963933063820643383e+02 1.789195972464066239e-02
3.867410234545784475e-01 6.452485433433158057e+00 7.414066876325434805e+02 1.890854094469865063e-02
4.065696597406806001e-01 5.831245384554849309e+00 6.879780342470697860e+02 1.985347234065877944e-02
4.274149319488126375e-01 5.237549782733052162e+00 6.364421387548817393e+02 2.071798403362968069e-02
4.493289641173122684e-01 4.731212253234192033e+00 5.904484561818969723e+02 2.174382451155193463e-02
4.723665527411103904e-01 4.266316081022967666e+00 5.472971925975069780e+02 2.278036628429980226e-02
4.965853037915104462e-01 3.832423276160454861e+00 5.063308298362501318e+02 2.377526225370730703e-02
5.220457767611225153e-01 3.450718448075418721e+00 4.689789294975307712e+02 2.487170425252794789e-02
5.488116360941387439e-01 3.100420991081848765e+00 4.339201653288685634e+02 2.596335790259469978e-02
5.769498103806052214e-01 2.783609473917502353e+00 4.013327333125766359e+02 2.708274432169973517e-02
6.065306597127584354e-01 2.498882875388891200e+00 3.711712344400935990e+02 2.824713704413999577e-02
6.376281516219051149e-01 2.240300297510255501e+00 3.430484094179320778e+02 2.942245754996441337e-02
6.703200460357783275e-01 2.007999269384733942e+00 3.170187855051632368e+02 3.063941232519077837e-02
7.046880897188601001e-01 1.798150211905554352e+00 2.928310588075624992e+02 3.187770310474233315e-02
7.408182206818726412e-01 1.609433273890379823e+00 2.704217209820866969e+02 3.314959303074987290e-02
7.788007830715680813e-01 1.439540576937329508e+00 2.496421825571947863e+02 3.444873736702512568e-02
8.187307530781540166e-01 1.286788726667015714e+00 2.303883794647206571e+02 3.577674431976077957e-02
8.607079764252394405e-01 1.149542706698476024e+00 2.125545628744029898e+02 3.713324067994056704e-02
9.048374180361511421e-01 1.026343296641127445e+00 1.960447123308777009e+02 3.851896104077127958e-02
9.512294245009160765e-01 9.158336496479781985e-01 1.807665365560364990e+02 3.993398799469531635e-02
1.000000000000213163e+00 8.167648895637715789e-01 1.666323042833416253e+02 4.137779268407877631e-02
1.051271096376248826e+00 7.280182430064000565e-01 1.535616365370392771e+02 4.285057889265041914e-02
1.105170918075884856e+00 6.485512545303798726e-01 1.414766225797402228e+02 4.435094799727914289e-02
1.161834242728533306e+00 5.774747709517974448e-01 1.303106677287439084e+02 4.588130806932193967e-02
1.221402758160433644e+00 5.139196799904424129e-01 1.199946871710929912e+02 4.743972872400580021e-02
1.284025416688019838e+00 4.571437941743073941e-01 1.104693347262122813e+02 4.902797419900644521e-02
1.349858807576296504e+00 4.064246765407117934e-01 1.016731525052523750e+02 5.064252619693692531e-02
1.419067548593566874e+00 3.611693846098355531e-01 9.355621660941308448e+01 5.228659902656478120e-02
1.491824697641596753e+00 3.208075715769801439e-01 8.606774449568449370e+01 5.395954103377662014e-02
1.568312185490513100e+00 2.848260322454697624e-01 7.916056548421263983e+01 5.566054949832890952e-02
1.648721270700491237e+00 2.527648391659980676e-01 7.279110454503755534e+01 5.738899813105612091e-02
1.733253017867778301e+00 2.242207052992437888e-01 6.692043678398522388e+01 5.914688380018097436e-02
1.822118800390913007e+00 1.988131207661053279e-01 6.150980665144345494e+01 6.093199094194394483e-02
1.915540829014322100e+00 1.762093070572113562e-01 5.652456036673551409e+01 6.274416469830297605e-02
2.013752707470925607e+00 1.561148497310704264e-01 5.193328687597347937e+01 6.458518178494709883e-02
2.117000016613148627e+00 1.382563785311807514e-01 4.770536485899398116e+01 6.645352457346366537e-02
2.225540928492967474e+00 1.223943021888720811e-01 4.381332010059739446e+01 6.834995234791167718e-02
2.339646851926517890e+00 1.083092331696342836e-01 4.023085251815552965e+01 7.027270463201081008e-02
2.459603111157505406e+00 9.581084314060803186e-02 3.693471540981393275e+01 7.222374800097008940e-02
2.585709659316432152e+00 8.472312330476133857e-02 3.390231351435457441e+01 7.420129586873605576e-02
2.718281828459663263e+00 7.489243843972881454e-02 3.111345738445933407e+01 7.620644032012703628e-02
2.857651118063815776e+00 6.617910045325060830e-02 2.854898343242415493e+01 7.823817953211728571e-02
3.004166023947120401e+00 5.846011402223211945e-02 2.619153662408958283e+01 8.029744143399561440e-02
3.158192909690492378e+00 5.162367740833046642e-02 2.402462124708379321e+01 8.238253655862279312e-02
3.320116922737311960e+00 4.557178651867765939e-02 2.203337563497592555e+01 8.449411239040502397e-02
3.490342957462647444e+00 4.021701014686451803e-02 2.020406851913660518e+01 8.663319808768719932e-02
3.669296667620093988e+00 3.547952927347246266e-02 1.852353190962533347e+01 8.879665121271963779e-02
3.857425530697870641e+00 3.129109336078231968e-02 1.698033184289869979e+01 9.098790154565693233e-02
4.055199966845619564e+00 2.758855482722920999e-02 1.556328285948677959e+01 9.320431829808401014e-02
4.263114515169814212e+00 2.431687362608299374e-02 1.426236461186391580e+01 9.544627703062219526e-02
4.481689070339116121e+00 2.142711161764200220e-02 1.306833963228227447e+01 9.771451020188209879e-02
4.711470182591849465e+00 1.887538678558685692e-02 1.197257200419859835e+01 1.000081651963961316e-01
4.953032424396282885e+00 1.662287605056797860e-02 1.096714390053193355e+01 1.023269285770553177e-01
5.206979827181080545e+00 1.463515117249278644e-02 1.004476997663067017e+01 1.046707068895004200e-01
5.473947391728498424e+00 1.288175539265116847e-02 9.198771787001398081e+00 1.070402623554867622e-01
5.754602676007100293e+00 1.133542606027099740e-02 8.422910297351956288e+00 1.094344696053708710e-01
6.049647464414390718e+00 9.972112390706194818e-03 7.711480496422677078e+00 1.118529971763362607e-01
6.359819522603354258e+00 8.770595814363029222e-03 7.059267868911630828e+00 1.142967103563322373e-01
6.685894442280875261e+00 7.711885150724076370e-03 6.461395436880436272e+00 1.167641061327967106e-01
7.028687580590986528e+00 6.779391269758342463e-03 5.913469004775124382e+00 1.192569444485208352e-01
7.389056098932435646e+00 5.958158688196816231e-03 5.411328995852808355e+00 1.217724983361001267e-01
7.767901106308653603e+00 5.235215512850688660e-03 4.951264405872926488e+00 1.243128110665249059e-01
8.166169912569634093e+00 4.598939147061959637e-03 4.529795532929102642e+00 1.268770750119345425e-01
8.584858397179985445e+00 4.039069115063369589e-03 4.143728962806982885e+00 1.294645755835742984e-01
9.025013499436326470e+00 3.546555503946826390e-03 3.790137885577674393e+00 1.320749942644666719e-01
9.487735836360851494e+00 3.113438520995386646e-03 3.466352361804621918e+00 1.347095254471918357e-01
9.974182454817173138e+00 2.732648700362902069e-03 3.169898768923891552e+00 1.373681305657881990e-01
1.048556972473016025e+01 2.397881381548063254e-03 2.898466397929394311e+00 1.400470780050776243e-01
1.102317638064432792e+01 2.103696153913392399e-03 2.650006013826936346e+00 1.427491535112031529e-01
1.158834671922626214e+01 1.845247224239729162e-03 2.422610327581976808e+00 1.454753000560082832e-01
1.218249396070650370e+01 1.618223927788574063e-03 2.214504280644153056e+00 1.482236459856827171e-01
1.280710378266622662e+01 1.418843807170322045e-03 2.024069590995435153e+00 1.509932852669214898e-01
1.346373803500505772e+01 1.243799741032059142e-03 1.849840602654179378e+00 1.537863112020429190e-01
1.415403864537935341e+01 1.090133104718083888e-03 1.690440042996893988e+00 1.565996973537634451e-01
1.487973172487657614e+01 9.552761575570723352e-04 1.544633350921941872e+00 1.594353064347037996e-01
1.564263188419211659e+01 8.369337367054291823e-04 1.411261216387785566e+00 1.622896446131482928e-01
1.644464677110120832e+01 7.331338891143269381e-04 1.289301381013657988e+00 1.651684914308629848e-01
1.728778184057202338e+01 6.420887952299869725e-04 1.177772139608970647e+00 1.680672796282993431e-01
1.817414536944768244e+01 5.622459637392317102e-04 1.075790823020353448e+00 1.709852303941370999e-01
1.910595372823652127e+01 4.922509794095833403e-04 9.825595641448069406e-01 1.739254007456305651e-01
2.008553692319280515e+01 4.308946131806607859e-04 8.973297286773517234e-01 1.768852667570100790e-01
2.111534442254602695e+01 3.771182485484383040e-04 8.194193755454223238e-01 1.798632003077993147e-01
2.219795128144734164e+01 3.300013994801951397e-04 7.482147689686298175e-01 1.828625292134376523e-01
2.333606458094873304e+01 2.887221543367294771e-04 6.831394588112019717e-01 1.858802391406235710e-01
2.453253019711569394e+01 2.525651730219988602e-04 6.236730524160427613e-01 1.889168734226743529e-01
2.579033991719975205e+01 2.209001527894387370e-04 5.693367087885604638e-01 1.919718162433169950e-01
2.711263892066493852e+01 1.931744173373012232e-04 5.196930569444206949e-01 1.950451882498838718e-01
2.850273364377471097e+01 1.689019393715586763e-04 4.743406651776403415e-01 1.981364777616159700e-01
2.996410004740484823e+01 1.476540985315346493e-04 4.329091092073679703e-01 2.012423966552908949e-01
3.150039230875619012e+01 1.290606607824464340e-04 3.950679911690255230e-01 2.043675934955382356e-01
3.311545195870102276e+01 1.127904832721290029e-04 3.605056383907827566e-01 2.075079674140586916e-01
3.481331748761120082e+01 9.855625007810267209e-05 3.289416368326969486e-01 2.106641629599064480e-01
3.659823444368765877e+01 8.610478492730829143e-05 3.001175122265029582e-01 2.138345858294968538e-01
3.847466604904231957e+01 7.521502622796691882e-05 2.737984159279208685e-01 2.170198440547309038e-01
4.044730436007814234e+01 6.569176908157813141e-05 2.497669872048890460e-01 2.202165556486130604e-01
4.252108200007410943e+01 5.736649724918344451e-05 2.278293409442377071e-01 2.234300143384959358e-01
4.470118449331276622e+01 5.008739001641863276e-05 2.078000363238223236e-01 2.266500162063789792e-01
4.699306323159186860e+01 4.372586955163626092e-05 1.895184852332184866e-01 2.298846534291312527e-01
4.940244910554343960e+01 3.816614828546826871e-05 1.728313199226126917e-01 2.331277813273791577e-01
5.193536683484541783e+01 3.330781611832934086e-05 1.576003908223184702e-01 2.363774416467138428e-01
5.459815003315897997e+01 2.906355100151219098e-05 1.437008971807891000e-01 2.396363617486244046e-01
5.739745704546173499e+01 2.535587731541913452e-05 1.310163190528330079e-01 2.428996314429561487e-01
6.034028759737834946e+01 2.211762138349876176e-05 1.194417652658743279e-01 2.461675513757877742e-01
6.343400029814058882e+01 1.928967103261439376e-05 1.088805598139671316e-01 2.494372902093786315e-01
6.668633104094334385e+01 1.682037503236581065e-05 9.924455821094324559e-02 2.527064958565931052e-01
7.010541234670704114e+01 1.466464139110902422e-05 9.045352996451011540e-02 2.559742919855165777e-01
7.369979369961600923e+01 1.278285997772603854e-05 8.243369045270808326e-02 2.592370717810112413e-01
7.747846292528217305e+01 1.114051580619915804e-05 7.511805038344829266e-02 2.624934959416165281e-01
8.145086866499057976e+01 9.707302504569178170e-06 6.844502253556906946e-02 2.657394205253832964e-01
8.562694400222423496e+01 8.456825885918098858e-06 6.235872321858793033e-02 2.689731824631507728e-01
9.001713130054676526e+01 7.365879512291041654e-06 5.680764113518628478e-02 2.721888779048901030e-01
9.463240831495036787e+01 6.414298890506091744e-06 5.174518908828664582e-02 2.753842702498907058e-01
9.948431564196151555e+01 5.584435189755313587e-06 4.712875207263558103e-02 2.785565431730386843e-01
1.045849855771433994e+02 4.860692354005978259e-06 4.291867548168255830e-02 2.816932340178674443e-01
1.099471724521542768e+02 4.229809755963760500e-06 3.908036324151702157e-02 2.848021662880192428e-01
1.155842845272200918e+02 3.679767729419998371e-06 3.558027566620911714e-02 2.878637857030943437e-01
1.215104175187690743e+02 3.200441052647762241e-06 3.238955285423032043e-02 2.908845339910340333e-01
1.277403898460648861e+02 2.782744103486933886e-06 2.948068719562188522e-02 2.938517231821439757e-01
1.342897796849734675e+02 2.418809875300952462e-06 2.682889368861605603e-02 2.967569343587908581e-01
1.411749639215168770e+02 2.101756902910347052e-06 2.441147774538380069e-02 2.995889547029967348e-01
1.484131591026187778e+02 1.825636068292943286e-06 2.220807234309350037e-02 3.023442369385989648e-01
1.560224644864394463e+02 1.585197204561800640e-06 2.019976605364420807e-02 3.050106175472022119e-01
1.640219072999485945e+02 1.375898560233052112e-06 1.836956320683866967e-02 3.075829431797340585e-01
1.724314903169036768e+02 1.193721637267390441e-06 1.670160028011187861e-02 3.100438136766915931e-01
1.812722418752032070e+02 1.035202923494559847e-06 1.518169381601117314e-02 3.123846364338525583e-01
1.905662684586848457e+02 8.973122142966257670e-07 1.379685830455749593e-02 3.145950814695984143e-01
2.003368099748494728e+02 7.773773432398656886e-07 1.253502731578635086e-02 3.166535783339494703e-01
2.106082978667353416e+02 6.731111029076647277e-07 1.138554052056143205e-02 3.185542823852958172e-01
2.214064162042512862e+02 5.824935293456233900e-07 1.033848161331495617e-02 3.202815865211721125e-01
2.327581659077297047e+02 5.037633425563335218e-07 9.384808581354261298e-03 3.218189399656594674e-01
2.446919322642916654e+02 4.353829267713907325e-07 8.516257140441050449e-03 3.231473544970955292e-01
2.572375559058498879e+02 3.760266169245922266e-07 7.725441236909342396e-03 3.242589485022137064e-01
2.704264074262317763e+02 3.245209867655174347e-07 7.005454626844742280e-03 3.251324695802986775e-01
2.842914658240042627e+02 2.798535818048624338e-07 6.350110701416369387e-03 3.257561300359036460e-01
2.988674009671481713e+02 2.411368999076014955e-07 5.753718749003091867e-03 3.261140971522623611e-01
3.141906602857868620e+02 2.075999107879456996e-07 5.211122766164756094e-03 3.261949508388863328e-01
3.302995599097462787e+02 1.785683354925017077e-07 4.717597443678382685e-03 3.259858089617038157e-01
3.472343804788374655e+02 1.534555693983756021e-07 4.268850176149165815e-03 3.254775748264486235e-01
3.650374678654371792e+02 1.317514441782969635e-07 3.860985834254652711e-03 3.246668691515706140e-01
3.837533390612260860e+02 1.130082861204250104e-07 3.490411180972528751e-03 3.235467557150171203e-01
4.034287934928555046e+02 9.683812982160643571e-08 3.153882973912556283e-03 3.221197302856114719e-01
4.241130300448911044e+02 8.290231279400769577e-08 2.848437089146856234e-03 3.203920653719316558e-01
4.458577700826506316e+02 7.090465795438594119e-08 2.571352534178587054e-03 3.183713977286908858e-01
4.687173867825576963e+02 6.058804620265741811e-08 2.320163789313342637e-03 3.160751829491628140e-01
4.927490410934046849e+02 5.172753489969705736e-08 2.092603718099413004e-03 3.135229990091290553e-01
5.180128246684984106e+02 4.412703971700833862e-08 1.886598258121762210e-03 3.107395898795025091e-01
5.445719101260938260e+02 3.761602811350802632e-08 1.700256451485613902e-03 3.077576827337831777e-01
5.724927090138447738e+02 3.204509816751447490e-08 1.531826919486569804e-03 3.046083088992843080e-01
6.018450378722650385e+02 2.728464690418059802e-08 1.379713754910668558e-03 3.013301927286566873e-01
6.327022928124463306e+02 2.322174439339364495e-08 1.242447870701059902e-03 2.979636764097908785e-01
6.651416330445650829e+02 1.975772491495072771e-08 1.118665267078572390e-03 2.945435999746772726e-01
6.992441738160994191e+02 1.680725367684224101e-08 1.007119477593226798e-03 2.911076265501807980e-01
7.350951892421985576e+02 1.429621081998734593e-08 9.066590910771858127e-04 2.876881308217801858e-01
7.727843255353874383e+02 1.216028834133965834e-08 8.162184660726765030e-04 2.843079774729929121e-01
8.124058251677936369e+02 1.034417975114466418e-08 7.348241818414067567e-04 2.809864671121103386e-01
8.540587625264155349e+02 8.800252858986269900e-09 6.615823598002514103e-04 2.777337566287680359e-01
8.978472916506958654e+02 7.487757604341111126e-09 5.956801944813502024e-04 2.745550691977655666e-01
9.438809066718714575e+02 6.371756003765555996e-09 5.363740663160821267e-04 2.714444702946900434e-01
9.922747156053346771e+02 5.422727390772605825e-09 4.830009891835907549e-04 2.684008004222159793e-01
1.043149728180628472e+03 4.615516142907048892e-09 4.349608834251258277e-04 2.654180663568346255e-01
1.096633158428801380e+03 3.928789198727583414e-09 3.917151416374658069e-04 2.624902074181720280e-01
1.152858742783748994e+03 3.344659377908626474e-09 3.527913063554141584e-04 2.596273537073499615e-01
1.211967074492957408e+03 2.847668103297795151e-09 3.177514514283298988e-04 2.568219234272504647e-01
1.274105955173854682e+03 2.425051675021748369e-09 2.862228403854304463e-04 2.541018887072985510e-01
1.339430764394840480e+03 2.065625628135614519e-09 2.578520129059991696e-04 2.514679731084250580e-01
1.408104848205140797e+03 1.759917419929253251e-09 2.323227797215642000e-04 2.489244351794350774e-01
1.480299927585014302e+03 1.499914118085363287e-09 2.093532839646012765e-04 2.464823384528292971e-01
1.556196527837648091e+03 1.278637575362685295e-09 1.886779911127274480e-04 2.441243206974682001e-01
1.635984429996447261e+03 1.090295135291795601e-09 1.700671681616152038e-04 2.418531964128215472e-01
1.719863145376471039e+03 9.299081249185909203e-10 1.533096157301390948e-04 2.396580226690064042e-01
1.808042414456641382e+03 7.933492613067785537e-10 1.382237005133684846e-04 2.375530022319780610e-01
1.900742731340188357e+03 6.770269575067476534e-10 1.246390747846472897e-04 2.355300019081857932e-01
1.998195895104759757e+03 5.779390862188346367e-10 1.124069593399256627e-04 2.335965978266852927e-01
2.100645589420852957e+03 4.933827191275038742e-10 1.013783140714008757e-04 2.316928078602020491e-01
2.208347991887921125e+03 4.211975160328188473e-10 9.143172828721077034e-05 2.298045336001562633e-01
2.321572414611807289e+03 3.595734926142959674e-10 8.246103729539720751e-05 2.279316485950188542e-01
2.440601977625289692e+03 3.069654774050716068e-10 7.437049259829073831e-05 2.260740274238365877e-01
2.565734316835632853e+03 2.620543678941288209e-10 6.707373992275917122e-05 2.242315456878179181e-01
2.697282328269386653e+03 2.237140551208319755e-10 6.049289751953724993e-05 2.224040800020094522e-01
2.835574950475434889e+03 1.909831874232528684e-10 5.455772489387531268e-05 2.205915079870374718e-01
2.980957987042702825e+03 1.630410653396134770e-10 4.920487309496877833e-05 2.187937082609084094e-01
3.133794971289250043e+03 1.391870632474336874e-10 4.437720856215199712e-05 2.170105604308834035e-01
3.294468075284922634e+03 1.188230617549706783e-10 4.002320331093592342e-05 2.152419450854028415e-01
3.463379065480592999e+03 1.014384503517078626e-10 3.609638495005841683e-05 2.134877437860939753e-01
3.640950307333554974e+03 8.659732427174224372e-11 3.255484065931383566e-05 2.117478390598796778e-01
3.827625821441170956e+03 7.392755454193135291e-11 2.936076983386581369e-05 2.100221143910317723e-01
4.023872393823642142e+03 6.311145715542881072e-11 2.648008062022759644e-05 2.083104542134710246e-01
4.230180743132199495e+03 5.387782740766710980e-11 2.388202603750971955e-05 2.066127439028897783e-01
4.447066747701334862e+03 4.599513966254289510e-11 2.153887580012233107e-05 2.049288697692403238e-01
4.675072735513344924e+03 3.926574203835939726e-11 1.942562033909654584e-05 2.032587190489777706e-01
4.914768840300775992e+03 3.352090045023984899e-11 1.751970386293690482e-05 2.016021798976043999e-01
5.166754427177720572e+03 2.861656774236695969e-11 1.580078360881313662e-05 1.999591413821569796e-01
5.431659591364801599e+03 2.442977182456698050e-11 1.425051271446955138e-05 1.983294934736964110e-01
5.710146733755425885e+03 2.085553224878270092e-11 1.285234439334950968e-05 1.967131270400777898e-01
6.002912217263044113e+03 1.780422791107154467e-11 1.159135532278429917e-05 1.951099338385708926e-01
6.310688108091153481e+03 1.519934987647433654e-11 1.045408636019410360e-05 1.935198065085468599e-01
6.634244006280128815e+03 1.297558298070577436e-11 9.428398887193385351e-06 1.919426385644454058e-01
6.974388970108182548e+03 1.107716810636486144e-11 8.503345248276088900e-06 1.903783243884651089e-01
7.331973539158482708e+03 9.456504069152288134e-12 7.669051901229395038e-06 1.888267592236456960e-01
7.707891861111141225e+03 8.072954057501457186e-12 6.916614032068987506e-06 1.872878391667841536e-01
8.103083927578147268e+03 6.891826698104925421e-12 6.238000509677334423e-06 1.857614611614148425e-01
8.518537924572025076e+03 5.883506198400444001e-12 5.625968165682742899e-06 1.842475229910377488e-01
8.955292703485578386e+03 5.022709755039959338e-12 5.073984484639429490e-06 1.827459232721854732e-01
9.414440378761499232e+03 4.287853608488624188e-12 4.576157879350314727e-06 1.812565614476775444e-01
9.897129058747319505e+03 3.660511848087178738e-12 4.127174807123383734e-06 1.797793377798017900e-01
1.040456571656430970e+04 3.124954397570850485e-12 3.722243055777661930e-06 1.783141533437606618e-01
1.093801920816896018e+04 2.667752596402694211e-12 3.357040594057595574e-06 1.768609100209649621e-01
1.149882344515380282e+04 2.277442487207621400e-12 3.027669440516078896e-06 1.754195104925025672e-01
1.208838073022117533e+04 1.944237366513084812e-12 2.730614058483939696e-06 1.739898582325592191e-01
1.270816526367042752e+04 1.659782391247148154e-12 2.462703833057402130e-06 1.725718575019998535e-01
1.335972682966652428e+04 1.416945087952169848e-12 2.221079229601039481e-06 1.711654133419716894e-01
1.404469467150771925e+04 1.209636511906763563e-12 2.003161272560135537e-06 1.697704315676065168e-01
1.476478156558243427e+04 1.032658571866284158e-12 1.806624018813167595e-06 1.683868187614596668e-01
1.552178810420236550e+04 8.815736922226008617e-13 1.629369731764649055e-06 1.670144822675637686e-01
1.631760719802116000e+04 7.525935444611017403e-13 1.469506491192817320e-06 1.656533301850501294e-01
1.715422880929701932e+04 6.424840579539840079e-13 1.325327999875959616e-06 1.643032713620719010e-01
1.803374492783486858e+04 5.484843283108517678e-13 1.195295371461097479e-06 1.629642153895114465e-01
1.895835480205053682e+04 4.682373899840648178e-13 1.078020705191745526e-06 1.616360725953372157e-01
1.993037043823734348e+04 3.997311173031955701e-13 9.722522721737714267e-07 1.603187540380399401e-01
2.095222238178608313e+04 3.412477720883653029e-13 8.768611550732153434e-07 1.590121715012678405e-01
2.202646579481454319e+04 2.913209327832219240e-13 7.908291986370616825e-07 1.577162374873706252e-01
2.315578684540369068e+04 2.486987251472207932e-13 7.132381424340644520e-07 1.564308652119754117e-01
2.434300942441707230e+04 2.123124325427367798e-13 6.432598198187455237e-07 1.551559685978160796e-01
2.559110220669883711e+04 1.812496987491630026e-13 5.801473185116306399e-07 1.538914622693944301e-01
2.690318607430719567e+04 1.547316513838256629e-13 5.232270084443241092e-07 1.526372615467679883e-01
2.828254192034512744e+04 1.320933723211295673e-13 4.718913517827600371e-07 1.513932824402692001e-01
2.973261885290210193e+04 1.127672254197404266e-13 4.255924183834554394e-07 1.501594416447026570e-01
3.125704281962085952e+04 9.626862351543191292e-14 3.838360374717414461e-07 1.489356565338028349e-01
3.285962567445517197e+04 8.218387779835916834e-14 3.461765231195091825e-07 1.477218451546994105e-01
3.454437470929026313e+04 7.015982490800281493e-14 3.122119172250687046e-07 1.465179262224634293e-01
3.631550267425979837e+04 5.989497165365894866e-14 2.815796992209396810e-07 1.453238191145314051e-01
3.817743831181556016e+04 5.113193532191111731e-14 2.539529167177753595e-07 1.441394438655054788e-01
4.013483743089039490e+04 4.365099001769699054e-14 2.290366957841732229e-07 1.429647211616653923e-01
4.219259454884566367e+04 3.726455721906881629e-14 2.065650936154817643e-07 1.417995723356890447e-01
4.435585513031406299e+04 3.181250240075340919e-14 1.862982599983930017e-07 1.406439193613855665e-01
4.663002845354139572e+04 2.715811979325138218e-14 1.680198772743062951e-07 1.394976848484705545e-01
4.902080113639969204e+04 2.318470459862738892e-14 1.515348514769620842e-07 1.383607920373845224e-01
5.153415135589398415e+04 1.979262671413611026e-14 1.366672300007473239e-07 1.372331647941491262e-01
5.417636379671867326e+04 1.689683258972452978e-14 1.232583235739595419e-07 1.361147276053006061e-01
5.695404536624281900e+04 1.442471258053215648e-14 1.111650124918741041e-07 1.350054055727425706e-01
5.987414171521994285e+04 1.231428032005534583e-14 1.002582190313668448e-07 1.339051244087920978e-01
6.294395460553275188e+04 1.051261846323108227e-14 9.042152974233943613e-08 1.328138104312650281e-01
6.617116016840114025e+04 8.974551827724639114e-15 8.154995291096094271e-08 1.317313905584449607e-01
6.956382809870861820e+04 7.661514663565678976e-15 7.354879793264472171e-08 1.306577923042306355e-01
7.313044183344273188e+04 6.540583648834272242e-15 6.633266463370251263e-08 1.295929437732718237e-01
7.687991976470644295e+04 5.583652364568957221e-15 5.982453175423404322e-08 1.285367736561595087e-01
8.082163754034375597e+04 4.766726549535561181e-15 5.395493486319169010e-08 1.274892112246486242e-01
8.496545150794286747e+04 4.069322463954365635e-15 4.866122493111791459e-08 1.264501863269530957e-01
8.932172336083906703e+04 3.473953276646325670e-15 4.388689964690729059e-08 1.254196293829024644e-01
9.390134604774527543e+04 2.965690597201419468e-15 3.958100034154071982e-08 1.243974713796245635e-01
9.871577101079767453e+04 2.531790158908444920e-15 3.569756808161171814e-08 1.233836438663554608e-01
1.037770368201258680e+05 2.161372266816161962e-15 3.219515312765311004e-08 1.223780789505675842e-01
1.090977992765488161e+05 1.845148998358631510e-15 2.903637252105127082e-08 1.213807092928795156e-01
1.146913630576689611e+05 1.575191316374871379e-15 2.618751107777473291e-08 1.203914681026081873e-01
1.205717149864963576e+05 1.344730255057991349e-15 2.361816153003899147e-08 1.194102891335755423e-01
1.267535590057915979e+05 1.147987193727001801e-15 2.130089997489039435e-08 1.184371066794491639e-01
1.332523529455816897e+05 9.800289626891480006e-16 1.921099316571303299e-08 1.174718555693970018e-01
1.400843471757866791e+05 8.366441480861761765e-16 1.732613452239695795e-08 1.165144711637213643e-01
1.472666252406089625e+05 7.142374941717570908e-16 1.562620604248461160e-08 1.155648893495319213e-01
1.548171465762921434e+05 6.097397552444311828e-16 1.409306357205878152e-08 1.146230465364539569e-01
1.627547914190663723e+05 5.205307368477830811e-16 1.271034314446489647e-08 1.136888796523682077e-01
1.710994080155731353e+05 4.443735965597360819e-16 1.146328631983046578e-08 1.127623261392376036e-01
1.798718622538203781e+05 3.793587570162838466e-16 1.033858266113039933e-08 1.118433239487117148e-01
1.890940898387710622e+05 3.238560248381623519e-16 9.324227665507932745e-09 1.109318115382331993e-01
1.987891511430313694e+05 2.764737148786104346e-16 8.409394634441824851e-09 1.100277278669123393e-01
2.089812888697938761e+05 2.360237548676498001e-16 7.584319115179255016e-09 1.091310123912327540e-01
2.196959886722229712e+05 2.014918954818476058e-16 6.840194680039339774e-09 1.082416050610035124e-01
2.309600428808625729e+05 1.720122788811391448e-16 6.169078931185328674e-09 1.073594463155874423e-01
2.428016174984180834e+05 1.468457280384011078e-16 5.563808727585393586e-09 1.064844770796628121e-01
2.552503226294341730e+05 1.253612124867447045e-16 5.017923729372934072e-09 1.056166387595579015e-01
2.683372865209793090e+05 1.070200257513103811e-16 4.525597443520634063e-09 1.047558732388444575e-01
2.820952333994774381e+05 9.136227773022036901e-17 4.081575034891953867e-09 1.039021228749315989e-01
2.965585652983192704e+05 7.799536332994981713e-17 3.681117238853084624e-09 1.030553304949634735e-01
3.117634480808650260e+05 6.658411821711142964e-17 3.319949776825099397e-09 1.022154393920781390e-01
3.277479018739408348e+05 5.684241484962522574e-17 2.994217734850693039e-09 1.013823933214341444e-01
3.445518961379595567e+05 4.852598806522222017e-17 2.700444418249018781e-09 1.005561364967195725e-01
3.622174496113909991e+05 4.142631033418426491e-17 2.435494243178096673e-09 9.973661358618371442e-02
3.807887353794944938e+05 3.536536310397420554e-17 2.196539269044628521e-09 9.892376970920403745e-02
4.003121913300411543e+05 3.019117313093916297e-17 1.981029014528940896e-09 9.811755043215879268e-02
4.208366362722213962e+05 2.577400187699223258e-17 1.786663235077256134e-09 9.731790176523677505e-02
4.424133920090965694e+05 2.200309242286910751e-17 1.611367371282570484e-09 9.652477015854969700e-02
4.650964116688389913e+05 1.878389232996586872e-17 1.453270406117137126e-09 9.573810249880956857e-02
4.889424146156553179e+05 1.603568281596969543e-17 1.310684894664549782e-09 9.495784610533573866e-02
5.140110282777408138e+05 1.368955479819072083e-17 1.182088953212576224e-09 9.418394872696182751e-02
5.403649372469085502e+05 1.168668105520482321e-17 1.066110015454806149e-09 9.341635853832400138e-02
5.680700400227193022e+05 9.976841182894729955e-18 9.615101824309600506e-10 9.265502413642752455e-02
5.971956137930564582e+05 8.517162359318365894e-18 8.671730098363562567e-10 9.189989453724893564e-02
6.278144876631795196e+05 7.271044344105306276e-18 7.820915916741201765e-10 9.115091917211420869e-02
6.600032247664229944e+05 6.207241757711529446e-18 7.053578130653826614e-10 9.040804788472885101e-02
6.938423137119094608e+05 5.299080629306596028e-18 6.361526575006174073e-10 8.967123092740000856e-02
7.294163698479967425e+05 4.523789569017482466e-18 5.737374650838061184e-10 8.894041895795563868e-02
7.668143468447235646e+05 3.861928794131264554e-18 5.174460484595199238e-10 8.821556303623889761e-02
8.061297591243179049e+05 3.296902692619987975e-18 4.666775822758260098e-10 8.749661462106808618e-02
8.474609156959623797e+05 2.814543701873203311e-18 4.208901902858922829e-10 8.678352556682959740e-02
8.909111659795242595e+05 2.402757068774426213e-18 3.795951616424386161e-10 8.607624812029070205e-02
9.365891582329371013e+05 2.051217583760779682e-18 3.423517346519133370e-10 8.537473491740422971e-02
9.846091112294379855e+05 1.751110684724996828e-18 3.087623923130389158e-10 8.467893898013541254e-02
1.035091099863994634e+06 1.494911439154111835e-18 2.784686194267488692e-10 8.398881371331481938e-02
1.088161355403086869e+06 1.276195862664601176e-18 2.511470759911093581e-10 8.330431290151915635e-02
1.143952581128624268e+06 1.089479842902147888e-18 2.265061460380309597e-10 8.262539070597767210e-02
1.202604284165272489e+06 9.300816299559162546e-19 2.042828250758452892e-10 8.195200166150114207e-02
1.264263124320930336e+06 7.940044453481101379e-19 1.842399129159240668e-10 8.128410067343733170e-02
1.329083280812643003e+06 6.778362661164691130e-19 1.661634819210684144e-10 8.062164301468428829e-02
1.397226837794951163e+06 5.786642711566544372e-19 1.498605936528347336e-10 7.996458432255630633e-02
1.468864189654704416e+06 4.940018046418987484e-19 1.351572395470637991e-10 7.931288059602817353e-02
1.544174467085782439e+06 4.217260251815123145e-19 1.218964836366564181e-10 7.866648819264102088e-02
1.623345985009134281e+06 3.600246773274904221e-19 1.099367874985905172e-10 7.802536382561783834e-02
1.706576713458170416e+06 3.073506507666337825e-19 9.915049954628670927e-11 7.738946456096588988e-02
1.794074772606963990e+06 2.623831878078326684e-19 8.942249254285550457e-11 7.675874781460031993e-02
1.886058953179090517e+06 2.239947664744152732e-19 8.064893479276817285e-11 7.613317134952603260e-02
1.982759263538399944e+06 1.912228288217497604e-19 7.273618189616073999e-11 7.551269327283721688e-02
2.084417504829733167e+06 1.632456455932535288e-19 6.559977723733298648e-11 7.489727203329435423e-02
2.191287875607731752e+06 1.393617120368759944e-19 5.916355053842740899e-11 7.428686641801970914e-02
2.303637607465630397e+06 1.189721582544279054e-19 5.335880485768788483e-11 7.368143555029010860e-02
2.421747633253435604e+06 1.015657330326024408e-19 4.812358335374507953e-11 7.308093888625355472e-02
2.545913289556382690e+06 8.670598464221208370e-20 4.340200799066873951e-11 7.248533621275454752e-02
2.676445055190230254e+06 7.402031717090486206e-20 3.914368312464039541e-11 7.189458764410618097e-02
2.813669327560023405e+06 6.319064798923840404e-20 3.530315760718667827e-11 7.130865361994771778e-02
2.957929238823618274e+06 5.394543209100939082e-20 3.183943966307664111e-11 7.072749490210322731e-02
3.109585513900805730e+06 4.605285332698768538e-20 2.871555936549790016e-11 7.015107257231519011e-02
