# [1] k:    [h/Mpc] 
# [2] P:    [Mpc^3/h^3] 
# [3] T:    [Mpc^3/h^3] 
# [4] Delta_k 
3.059023205018257859e-07 5.926136186003010120e-02 3.700445245695901394e+04 8.593898120894949547e-23
3.215862678579245412e-07 6.213764210603978100e-02 3.698677660744016612e+04 1.046929687012600537e-22
3.380743483904743061e-07 6.515352407242770705e-02 3.696910920117946807e+04 1.275395349273854546e-22
3.554077908890640533e-07 6.831578339925140075e-02 3.695145023407656117e+04 1.553717806580643766e-22
3.736299379885273404e-07 7.163152458565937020e-02 3.693379970203314588e+04 1.892777030942940691e-22
3.927863545481053003e-07 7.510819695205064872e-02 3.691615760115442390e+04 2.305827270373281278e-22
4.129249415873286729e-07 7.875361137458476712e-02 3.689852392734591558e+04 2.809015173936447714e-22
4.340960560635169786e-07 8.257595783451661398e-02 3.688089867658228468e+04 3.422010984425464768e-22
4.563526367904018199e-07 8.658382381799464844e-02 3.686328184484010853e+04 4.168777472682159968e-22
4.797503368127355169e-07 9.078621360916147576e-02 3.684567342809787806e+04 5.078506672198785019e-22
5.043476625678916271e-07 9.519256851965654520e-02 3.682807342233602685e+04 6.186761032119451648e-22
5.302061201824328858e-07 9.981278809960313081e-02 3.681048182346993417e+04 7.536863597708106975e-22
5.573903692694645323e-07 1.046572523798986049e-01 3.679289862761781114e+04 9.181591562330686200e-22
5.859683846113473662e-07 1.097368451904144476e-01 3.677532383069884963e+04 1.118523939362488040e-21
6.160116261320592563e-07 1.150629786131678045e-01 3.675775742863427877e+04 1.362613218448192371e-21
6.475952175842278093e-07 1.206476186226191766e-01 3.674019941754786851e+04 1.659968747879232472e-21
6.807981343976415384e-07 1.265033119666101880e-01 3.672264979336466058e+04 2.022214526198325156e-21
7.157034011589609116e-07 1.326432143556868226e-01 3.670510855201172672e+04 2.463511192711998563e-21
7.523982992164306405e-07 1.390811200209254583e-01 3.668757568961838115e+04 3.001109584574378040e-21
7.909745849287134463e-07 1.458314927019540852e-01 3.667005120211550820e+04 3.656025093480115781e-21
8.315287191035797356e-07 1.529094981438203771e-01 3.665253508550268452e+04 4.453859183569948232e-21
8.741621082001717898e-07 1.603310381681133934e-01 3.663502733571475983e+04 5.425800184570376365e-21
9.189813578979717484e-07 1.681127864017572804e-01 3.661752794895505940e+04 6.609842482604247075e-21
9.660985396665287929e-07 1.762722257310298801e-01 3.660003692102897185e+04 8.052271767936544307e-21
1.015631471002508262e-06 1.848276875847042755e-01 3.658255424794381543e+04 9.809474400504351278e-21
1.067704010034801725e-06 1.937983931181501973e-01 3.656507992584182648e+04 1.195014162309612066e-20
1.122446365234364056e-06 2.032044963932408965e-01 3.654761395066748082e+04 1.455795478753805980e-20
1.179995421003214005e-06 2.130671296593587283e-01 3.653015631836724788e+04 1.773485656317440228e-20
1.240495079956737545e-06 2.234084508326518448e-01 3.651270702508891554e+04 2.160503600318619554e-20
1.304096622755184042e-06 2.342516932726384782e-01 3.649526606678274402e+04 2.631978324923210811e-20
1.370959086384113674e-06 2.456212179824941444e-01 3.647783343946737295e+04 3.206340365201862118e-20
1.441249661829700436e-06 2.575425683381021846e-01 3.646040913909704977e+04 3.906042249715497331e-20
1.515144112143284134e-06 2.700425274788532670e-01 3.644299316182688926e+04 4.758436197916704800e-20
1.592827211940548929e-06 2.831491784745808760e-01 3.642558550361488597e+04 5.796843352447915935e-20
1.674493209434307728e-06 2.968919674210091508e-01 3.640818616042107897e+04 7.061856344193297301e-20
1.760346312156213177e-06 3.113017695982858712e-01 3.639079512840608368e+04 8.602926108939151815e-20
1.850601197581954108e-06 3.264109588318876987e-01 3.637341240359986114e+04 1.048029498603341025e-19
1.945483549936765273e-06 3.422534802235938645e-01 3.635603798183587060e+04 1.276735166646936399e-19
2.045230624523543909e-06 3.588649264252113946e-01 3.633867185934642475e+04 1.555350004872184033e-19
2.150091840984688092e-06 3.762826175910274906e-01 3.632131403210110147e+04 1.894765414826922894e-19
2.260329406981118614e-06 3.945456852277477999e-01 3.630396449607148679e+04 2.308249568241884189e-19
2.376218973848010330e-06 4.136951601139033929e-01 3.628662324742920464e+04 2.811966076441645809e-19
2.498050325866710336e-06 4.337740644717846816e-01 3.626929028208362433e+04 3.425605846014481930e-19
2.626128104876382668e-06 4.548275086352234764e-01 3.625196559621002962e+04 4.173156820988699513e-19
2.760772572037287162e-06 4.769027923879796127e-01 3.623464918585350824e+04 5.083841701429174333e-19
2.902320408650496801e-06 5.000495112273516396e-01 3.621734104686341743e+04 6.193260295183236860e-19
3.051125558036519890e-06 5.243196678029552471e-01 3.620004117545353074e+04 7.544781158937260745e-19
3.207560110577962700e-06 5.497677887360454818e-01 3.618274956770756398e+04 9.191236929074946306e-19
3.372015234139298021e-06 5.764510471199952857e-01 3.616546621954659349e+04 1.119698961526722103e-18
3.544902152190277809e-06 6.044293909803553078e-01 3.614819112712397327e+04 1.364044659190917013e-18
3.726653172078803499e-06 6.337656779451903422e-01 3.613092428643043968e+04 1.661712563997475934e-18
3.917722766024474580e-06 6.645258164727130268e-01 3.611366569355729735e+04 2.024338885638029064e-18
4.118588707535861475e-06 6.967789139217466232e-01 3.609641534459764080e+04 2.466099139345452279e-18
4.329753266093139866e-06 7.305974318080108443e-01 3.607917323554796167e+04 3.004262284450713801e-18
4.551744463083409039e-06 7.660573486102240093e-01 3.606193936257073801e+04 3.659865789581091525e-18
4.785117392129195949e-06 8.032383304514605360e-01 3.604471372160067403e+04 4.458538013483201867e-18
5.030455607111644826e-06 8.422239100988325733e-01 3.602749630877119489e+04 5.431500049609752823e-18
5.288372581359179674e-06 8.831016746234846559e-01 3.601028712018473016e+04 6.616786197571702848e-18
5.559513241650373021e-06 9.259634621746478667e-01 3.599308615184731752e+04 8.060730771316318000e-18
5.844555580866815540e-06 9.709055683175149554e-01 3.597589339986515552e+04 9.819779365319544041e-18
6.144212353328471540e-06 1.018028962371600343e+00 3.595870886034626164e+04 1.196269538326058706e-17
6.459232857050738118e-06 1.067439514247981558e+00 3.594153252930239250e+04 1.457324808516876681e-17
6.790404807379771878e-06 1.119248232317185066e+00 3.592436440291067265e+04 1.775348723247014020e-17
7.138556306691162195e-06 1.173571512783217141e+00 3.590720447712131136e+04 2.162773234012941315e-17
7.504557915077204533e-06 1.230531401211083065e+00 3.589005274808247486e+04 2.634743248192829293e-17
7.889324827200587103e-06 1.290255866707435528e+00 3.587290921191147936e+04 3.209708662350146223e-17
8.293819160757753291e-06 1.352879089417362568e+00 3.585577386462958384e+04 3.910145591686392848e-17
8.719052362274285227e-06 1.418541761996960915e+00 3.583864670239045518e+04 4.763434989460249725e-17
9.166087736248057605e-06 1.487391405681640855e+00 3.582152772121915768e+04 5.802933002550177824e-17
9.636043103964330830e-06 1.559582701735335863e+00 3.580441691727301077e+04 7.069274904906996993e-17
1.013009359863121538e-05 1.635277838947459594e+00 3.578731428661344398e+04 8.611963581034933951e-17
1.064947460382478790e-05 1.714646878022122234e+00 3.577021982530380774e+04 1.049130465551082442e-16
1.119548484259151579e-05 1.797868133655310396e+00 3.575313352950691478e+04 1.278076391513453670e-16
1.176948962493235138e-05 1.885128575124409567e+00 3.573605539525733911e+04 1.556983917803829032e-16
1.237292426178888029e-05 1.976624246365276560e+00 3.571898541868908069e+04 1.896755887517092527e-16
1.300729765406831334e-05 2.072560706406124886e+00 3.570192359593794390e+04 2.310674410762031874e-16
1.367419606568169201e-05 2.173153491179445229e+00 3.568486992307662877e+04 2.814920078903590410e-16
1.437528709002991615e-05 2.278628597767115682e+00 3.566782439621218509e+04 3.429204484071571329e-16
1.511232381985586521e-05 2.389222992129630185e+00 3.565078701142111095e+04 4.177540769873435942e-16
1.588714923088939049e-05 2.505185141498992518e+00 3.563375776484663947e+04 5.089182335150190606e-16
1.670170079024660794e-05 2.626775572590928753e+00 3.561673665263378643e+04 6.199766385819503244e-16
1.755801530110687162e-05 2.754267456903094935e+00 3.559972367083224526e+04 7.552707037668588603e-16
1.845823399578163895e-05 2.887947224469875174e+00 3.558271881562313501e+04 9.200892428370400983e-16
1.940460788991057802e-05 3.028115207337588100e+00 3.556572208309225971e+04 1.120875218067189468e-15
2.039950341117315543e-05 3.175086314319914838e+00 3.554873346932734421e+04 1.365477603673517067e-15
2.144540831659045798e-05 3.329190738506808689e+00 3.553175297051497910e+04 1.663458212014445603e-15
2.254493791321357228e-05 3.490774699053614150e+00 3.551478058271427290e+04 2.026465476745270343e-15
2.370084159775344190e-05 3.660201219062743316e+00 3.549781630211545416e+04 2.468689804641900066e-15
2.491600973150475266e-05 3.837850941120937609e+00 3.548086012478140037e+04 3.007418296274236941e-15
2.619348086775470484e-05 4.024122982515836000e+00 3.546391204687373101e+04 3.663710520357176923e-15
2.753644934974891994e-05 4.219435831896020339e+00 3.544697206455584092e+04 4.463221758552569272e-15
2.894827329821342076e-05 4.424228289453874474e+00 3.543004017392846436e+04 5.437205902412537612e-15
3.043248300840562692e-05 4.638960452778918331e+00 3.541311637112647441e+04 6.623737207002983647e-15
3.199278977769132648e-05 4.864114750512793073e+00 3.539620065222217818e+04 8.069198660990351457e-15
3.363309518572123809e-05 5.100197026268929790e+00 3.537929301348292211e+04 9.830095155635907297e-15
3.535750085041236633e-05 5.347737674983933154e+00 3.536239345098469494e+04 1.197526233131508244e-14
3.717031868412924126e-05 5.607292834594227671e+00 3.534550196085364587e+04 1.458855744864939145e-14
3.907608167571078754e-05 5.879445635482901444e+00 3.532861853924995376e+04 1.777213747343195649e-14
4.107955522530357004e-05 6.164807510557021253e+00 3.531174318231953657e+04 2.165045251981420604e-14
4.318574906034433776e-05 6.464019568929779247e+00 3.529487588621016039e+04 2.637511076050724723e-14
4.539992976248807967e-05 6.777754036270246196e+00 3.527801664707141754e+04 3.213080497935904232e-14
4.772763393680535859e-05 7.106715765061238699e+00 3.526116546105475572e+04 3.914253244264854310e-14
5.017468205617894183e-05 7.451643818158196986e+00 3.524432232431345619e+04 4.768439032287069965e-14
5.274719301551768723e-05 7.813313129207017482e+00 3.522748723300264101e+04 5.809029049909980539e-14
5.545159943218107865e-05 8.192536243658425477e+00 3.521066018329525832e+04 7.076701258890550998e-14
5.829466373087315435e-05 8.590165144238424588e+00 3.519384117130208324e+04 8.621010547066877831e-14
6.128349505322671351e-05 9.007093165132472379e+00 3.517703019323175977e+04 1.050232589080039030e-13
6.442556703436033705e-05 9.444256998931384928e+00 3.516022724524672958e+04 1.279419025350848634e-13
6.772873649085907528e-05 9.902638801057763729e+00 3.514343232347929734e+04 1.558619547182486589e-13
7.120126306690828879e-05 1.038326839637155530e+01 3.512664542411158618e+04 1.898748451230178550e-13
7.485182988770643921e-05 1.088722559278580881e+01 3.510986654329558223e+04 2.313101800604839914e-13
7.868956527180084881e-05 1.141564260727835567e+01 3.509309567724896624e+04 2.817877184576288621e-13
8.272406555663884206e-05 1.196970660949127918e+01 3.507633282209546451e+04 3.432806902520286564e-13
8.696541909440986997e-05 1.255066238898811726e+01 3.505957797402447613e+04 4.181929324135116580e-13
9.142423147818073699e-05 1.315981515181483275e+01 3.504283112921128486e+04 5.094528579286408220e-13
9.611165206140254191e-05 1.379853345285444455e+01 3.502609228383297159e+04 6.206279311172627242e-13
1.010394018371016720e-04 1.446825227049528451e+01 3.500936143406847987e+04 7.560641242625945047e-13
1.062198027464676133e-04 1.517047623052937055e+01 3.499263857609854313e+04 9.210558070886443318e-13
1.116658084901241013e-04 1.590678298652434464e+01 3.497592370610574289e+04 1.122052710276554468e-12
1.173910369191279803e-04 1.667882676427127819e+01 3.495921682028242503e+04 1.366912053482510402e-12
1.234098040866900780e-04 1.748834207822614317e+01 3.494251791479891108e+04 1.665205693852300056e-12
1.297371600457651012e-04 1.833714762840620693e+01 3.492582698585119215e+04 2.028594301859815442e-12
1.363889264820232711e-04 1.922715038634873608e+01 3.490914402962913300e+04 2.471283191458469358e-12
1.433817362763056455e-04 2.016034987942133583e+01 3.489246904232441011e+04 3.010577623522869212e-12
1.507330750954898936e-04 2.113884268306625458e+01 3.487580202013053349e+04 3.667559290081826751e-12
1.584613251157653230e-04 2.216482713108810643e+01 3.485914295925074111e+04 4.467910423957700665e-12
1.665858109876483387e-04 2.324060825450707313e+01 3.484249185586631938e+04 5.442917749273911833e-12
1.751268481576742783e-04 2.436860296022297945e+01 3.482584870618415880e+04 6.630695518537004271e-12
1.841057936675958640e-04 2.555134546092726922e+01 3.480921350640501623e+04 8.077675446301171587e-12
1.935450995581117185e-04 2.679149296860932239e+01 3.479258625273147481e+04 9.840421782807648349e-12
2.034683690106629794e-04 2.809183166438993595e+01 3.477596694136795122e+04 1.198784248108114243e-11
2.139004153676812446e-04 2.945528295811664066e+01 3.475935556852853915e+04 1.460388289477125142e-11
2.248673241788693637e-04 3.088491005169810322e+01 3.474275213040150993e+04 1.779080730670505320e-11
2.363965184286629729e-04 3.238392482116922366e+01 3.472615662321646232e+04 2.167319656731686760e-11
2.485168271079757005e-04 3.395569503254025534e+01 3.470956904317317822e+04 2.640281811542160525e-11
2.612585573016925852e-04 3.560375190808173329e+01 3.469298938648907642e+04 3.216455875674905558e-11
2.746535699721688829e-04 3.733179805972022791e+01 3.467641764937940752e+04 3.918365211977470791e-11
2.887353596282311993e-04 3.914371580752917623e+01 3.465985382806124835e+04 4.773448331920166614e-11
3.035391380788964293e-04 4.104357590196516981e+01 3.464329791875741648e+04 5.815131501235799817e-11
3.191019224812350285e-04 4.303564666939371364e+01 3.462674991768071777e+04 7.084135414335656921e-11
3.354626279025451924e-04 4.512440360159313713e+01 3.461020982105758594e+04 8.630067017053628639e-11
3.526621646282911485e-04 4.731453941059788804e+01 3.459367762511328328e+04 1.051335870403119355e-10
3.707435404591257876e-04 4.961097457159608837e+01 3.457715332607342862e+04 1.280763069640301087e-10
3.897519682527942697e-04 5.201886837753381343e+01 3.456063692016518326e+04 1.560256894807041634e-10
4.097349789798286580e-04 5.454283027097703496e+01 3.454387498850384145e+04 1.900715220617512128e-10
4.307425405757319271e-04 5.718974445788919070e+01 3.452726890535917482e+04 2.315483607151612043e-10
4.528271828868440083e-04 5.996629900701026372e+01 3.451101266146571288e+04 2.820817393735601145e-10
4.760441290223192071e-04 6.287798201509495755e+01 3.449485379553480743e+04 3.436453679980277029e-10
5.004514334406633081e-04 6.593101598991063383e+01 3.447869550325188902e+04 4.186449335939813752e-10
5.261101271161193775e-04 6.913194182083077521e+01 3.446245806656236527e+04 5.100103617361057265e-10
5.530843701478924991e-04 7.248711733399677826e+01 3.444595407416619855e+04 6.213055673247203780e-10
5.814416121938181326e-04 7.600320676267787690e+01 3.442902253066197591e+04 7.568686294134994679e-10
6.112527611296385451e-04 7.968739860053977964e+01 3.441157022308908927e+04 9.219819317445677212e-10
6.425923603556274889e-04 8.354716018390763566e+01 3.439350548794515635e+04 1.123074652754928508e-09
6.755387751939181127e-04 8.758987009545323588e+01 3.437466452329790627e+04 1.367965005042636159e-09
7.101743888426273075e-04 9.182350564011252914e+01 3.435495569524962048e+04 1.666169371700585455e-09
7.465858083767621441e-04 9.625586670429406411e+01 3.433420481223432580e+04 2.029255158585477342e-09
7.848640813110194670e-04 1.008954900517057496e+02 3.431232896583789989e+04 2.471299470812582377e-09
8.251049232659968648e-04 1.057511629126877182e+02 3.428923743118590937e+04 3.009420993712541066e-09
8.674089573071004124e-04 1.108308500404291834e+02 3.426466687058560638e+04 3.664397944475968807e-09
9.118819655546198935e-04 1.161444246909649962e+02 3.423862348955479683e+04 4.461537072789879055e-09
9.586351536941296880e-04 1.217002531525299673e+02 3.421084366844484612e+04 5.431525125761518867e-09
1.007785429048626679e-03 1.275087268182869167e+02 3.418132779356582614e+04 6.611719079404936225e-09
1.059455692907732439e-03 1.335792825182580259e+02 3.414990175453279517e+04 8.047440276536208566e-09
1.113775147844932919e-03 1.399208315835606697e+02 3.411630788490641862e+04 9.793664124244367968e-09
1.170879620791311689e-03 1.465437396264169934e+02 3.408045640470170474e+04 1.191720116635366895e-08
1.230911902673626282e-03 1.534578556867772647e+02 3.404217192835747846e+04 1.449907505717348027e-08
1.294022105466001958e-03 1.606732069412878445e+02 3.400128730827801337e+04 1.763757229919767434e-08
1.360368037548055848e-03 1.681997639571444552e+02 3.395762053100610501e+04 2.145185729659774158e-08
1.430115598308045934e-03 1.760468006116875017e+02 3.391091897580435761e+04 2.608626046990637997e-08
1.503439192977754080e-03 1.842261337317559935e+02 3.386117627352715499e+04 3.171605042760115797e-08
1.580522168736409397e-03 1.927460683618792245e+02 3.380804958017855824e+04 3.855294530592251256e-08
1.661557273174137529e-03 2.016154871271266984e+02 3.375127847141942766e+04 4.685329040590842802e-08
1.746747136261333697e-03 2.108450926693442398e+02 3.369077203550692502e+04 5.692773124864434012e-08
1.836304777029133936e-03 2.204434929911973313e+02 3.362627708064932813e+04 6.915153659980297611e-08
1.930454136227949345e-03 2.304175142203362725e+02 3.355743979642886552e+04 8.397774533068645438e-08
2.029430636295988157e-03 2.407783304051921789e+02 3.348426007016294898e+04 1.019554144066245406e-07
2.133481770037976965e-03 2.515294036321500073e+02 3.340621858917688223e+04 1.237444782738911869e-07
2.242867719486086112e-03 2.626797174362822034e+02 3.332323371608289017e+04 1.501439304418581600e-07
2.357862006490532136e-03 2.742348455118321908e+02 3.323503331587851426e+04 1.821159777269595256e-07
2.478752176666675511e-03 2.861999769722152109e+02 3.314137538531369501e+04 2.208203933556155176e-07
2.605840518408833982e-03 2.985755699976338633e+02 3.304180749380068301e+04 2.676504802880456093e-07
2.739444818768723561e-03 3.113673723837164289e+02 3.293624945730476611e+04 3.242881140057966585e-07
2.879899158088616417e-03 3.245751658832140265e+02 3.282435245291371393e+04 3.927510811938255668e-07
3.027554745376210416e-03 3.381972525702751113e+02 3.270577855309133520e+04 4.754625869687402603e-07
3.182780796510085389e-03 3.522314924199275765e+02 3.258025481197834961e+04 5.753321309309904309e-07
3.345965457471714814e-03 3.666724065776857060e+02 3.244743944161281615e+04 6.958455390040110101e-07
3.517516774912597243e-03 3.815162406523797358e+02 3.230715847371601558e+04 8.411855829610412443e-07
3.697863716483424691e-03 3.967511219227989727e+02 3.215897955883078248e+04 1.016344933374074480e-06
3.887457243476651579e-03 4.123663679164847053e+02 3.200263420892337308e+04 1.227298978651159103e-06
4.086771438464619106e-03 4.283470869321546957e+02 3.183779254437598138e+04 1.481177564972006131e-06
4.296304690752923532e-03 4.446742354500678402e+02 3.166408583096029906e+04 1.786477072454867293e-06
4.516580942613284376e-03 4.613315629108287226e+02 3.148136001165948619e+04 2.153341056192433236e-06
4.748150999412126434e-03 4.782885062333441510e+02 3.128908078743772421e+04 2.593783772534756517e-06
4.991593906910903912e-03 4.955211696670729111e+02 3.108707563683603439e+04 3.122124446395800803e-06
5.247518399182111472e-03 5.129940326577064980e+02 3.087492069949181314e+04 3.755298659593680492e-06
5.516564420761540903e-03 5.306749179981075031e+02 3.065242975245373236e+04 4.513411204786747330e-06
5.799404726842954938e-03 5.485224482025994348e+02 3.041926798048102137e+04 5.420195100009379000e-06
6.096746565516493986e-03 5.664828494314677982e+02 3.017490210622531231e+04 6.503564499305241821e-06
6.409333446257287764e-03 5.845103290239947000e+02 2.991916802996198021e+04 7.796524504237632310e-06
6.737946999086424568e-03 6.025468463800223162e+02 2.965171092760148531e+04 9.337784526522674989e-06
7.083408929053131541e-03 6.205362853811702735e+02 2.937236188822150507e+04 1.117286070400041416e-05
7.446583070925409317e-03 6.383982823381275011e+02 2.908051312673897701e+04 1.335466766099250515e-05
7.828377549226901017e-03 6.560681893765796531e+02 2.877607997053491272e+04 1.594536731335095302e-05
8.229747049021221908e-03 6.734677841263752498e+02 2.845879354959059128e+04 1.901719874628487593e-05
8.651695203121895217e-03 6.904964134475224000e+02 2.812805591640685452e+04 2.265350043100574840e-05
9.095277101697147801e-03 7.070745561758252506e+02 2.778385724465563180e+04 2.695152064187145632e-05
9.561601930544914862e-03 7.230915686486903269e+02 2.742568690805192091e+04 3.202252209836344314e-05
1.005183574463506743e-02 7.384414074695862382e+02 2.705327309216395224e+04 3.799465016222123659e-05
1.056720438385422289e-02 7.530172309706437090e+02 2.666644878461548433e+04 4.501481763464519679e-05
1.110899653824396448e-02 7.666897016763754209e+02 2.626476216898666462e+04 5.324935885144420393e-05
1.167856697039719623e-02 7.793372336852497710e+02 2.584802121079256176e+04 6.288750301662810252e-05
1.227733990307029038e-02 7.908281120234518085e+02 2.541596296546977101e+04 7.414215361211262277e-05
1.290681258048182248e-02 8.010238108163194966e+02 2.496831089360609622e+04 8.725145862387704340e-05
1.356855901220299469e-02 8.097837287967282691e+02 2.450484186930925352e+04 1.024803236986790753e-04
1.426423390900143431e-02 8.169715351051637526e+02 2.402546349411621122e+04 1.201219959414757580e-04
1.499557682048000690e-02 8.224454289129565723e+02 2.353004667522955788e+04 1.404969440942232270e-04
1.576441648485692182e-02 8.260501991960437635e+02 2.301830785151801683e+04 1.639496143793551554e-04
1.657267540176381518e-02 8.276737366093916535e+02 2.249058190294581436e+04 1.908566541652439096e-04
1.742237463949622076e-02 8.271766961372470632e+02 2.194679874355860011e+04 2.216106331126367667e-04
1.831563888873704443e-02 8.244481991649456631e+02 2.138723559630363161e+04 2.566255243944589172e-04
1.925470177538994923e-02 8.193910967901928188e+02 2.081227318876301069e+04 2.963274536614203709e-04
2.024191144580758314e-02 8.119392762702340178e+02 2.022258192944714392e+04 3.411523528826266595e-04
2.127973643838054069e-02 8.020339223877076620e+02 1.961878591367524496e+04 3.915270122741598994e-04
2.237077185616915750e-02 7.896633901418341566e+02 1.900192905445657743e+04 4.478732964266692886e-04
2.351774585601286785e-02 7.748695008600801657e+02 1.837350046960948748e+04 5.106059894172780556e-04
2.472352647034336062e-02 7.577134516291969248e+02 1.773499419821995980e+04 5.801048643055095556e-04
2.599112877875953478e-02 7.383170130109749607e+02 1.708838109992757381e+04 6.567325743111302686e-04
2.732372244729698585e-02 7.168660137227810765e+02 1.643612401479662003e+04 7.408458382933828020e-04
2.872463965424410307e-02 6.935928835176337088e+02 1.578096872073491249e+04 8.327960472140644860e-04
3.019738342232343442e-02 6.687960483772404814e+02 1.512617514887220204e+04 9.329790619281188961e-04
3.174563637807315680e-02 6.428313263595181297e+02 1.447543831064917140e+04 1.041884084253334210e-03
3.337326996033158216e-02 6.160976535169720592e+02 1.383276232190187693e+04 1.160155219557341662e-03
3.508435410085083278e-02 5.890433635300840933e+02 1.320257678724105062e+04 1.288718263128889882e-03
3.688316740124613496e-02 5.621308151526362735e+02 1.258939024347453233e+04 1.428868563423026138e-03
3.877420783172848273e-02 5.355651089255608213e+02 1.199480157655158109e+04 1.581653461580049061e-03
4.076220397837305304e-02 5.099018278434547824e+02 1.142434067862763732e+04 1.749563869572100944e-03
4.285212686704739649e-02 4.857566214927223314e+02 1.088424118102706416e+04 1.936449315484132768e-03
4.504920239356542677e-02 4.635109940144457710e+02 1.037814520245593121e+04 2.146800149598658038e-03
4.735892439114896407e-02 4.433642794512568344e+02 9.907657933634372966e+03 2.385813270436874366e-03
4.978706836787243073e-02 4.253035071189910354e+02 9.471986418695298198e+03 2.659003358086270332e-03
5.233970594844135349e-02 4.091303874300271559e+02 9.068247903365239836e+03 2.971842787673695079e-03
5.502322005641668845e-02 3.945050380865765192e+02 8.692000114686021334e+03 3.329360480808113767e-03
5.784432087484844831e-02 3.811042277077175982e+02 8.339043909955416893e+03 3.736768602680649864e-03
6.081006262522850592e-02 3.691470266056974765e+02 8.011152436599233624e+03 4.205290340324196324e-03
6.392786120671870020e-02 3.567272401877656876e+02 7.687132663751365726e+03 4.721468071781228897e-03
6.720551273976151097e-02 3.435006228776741750e+02 7.363103997115440507e+03 5.282171339430251703e-03
7.065121306044198912e-02 3.287226348850283557e+02 7.030932129583769893e+03 5.872982911459116197e-03
7.427357821434696361e-02 3.118461549039977285e+02 6.684504633089458366e+03 6.473120529049842739e-03
7.808166600116696332e-02 2.927343845682918868e+02 6.321742930974420233e+03 7.059780689962373568e-03
8.208499862391337165e-02 2.717789321712197079e+02 5.945779340517353376e+03 7.615131945048312853e-03
8.629358649938589920e-02 2.498376420502590634e+02 5.564559118636301719e+03 8.133241900410355038e-03
9.071795328942874881e-02 2.280547740907320815e+02 5.189462040641820749e+03 8.625596880559315699e-03
9.536916221556676621e-02 2.076748739942841553e+02 4.833877765577988612e+03 9.125950675918655108e-03
1.002588437228218304e-01 1.898642505688470408e+02 4.511554592564463746e+03 9.693520502173506512e-03
1.053992245618834284e-01 1.754235354551673822e+02 4.233011788140555836e+03 1.040567758972356718e-02
1.108031583623540345e-01 1.644360755232200404e+02 4.000414849423568285e+03 1.133244921838163881e-02
1.164841577735182265e-01 1.561955036153759977e+02 3.805762424198198005e+03 1.250660341025962297e-02
1.224564282530043596e-01 1.494073864715248874e+02 3.633242412861045068e+03 1.389911319398647559e-02
1.287349035878279091e-01 1.424158602232455735e+02 3.462489383781475681e+03 1.539279738087395884e-02
1.353352832366376823e-01 1.336263859873982369e+02 3.273831432247019166e+03 1.678014040207867139e-02
1.422740715865399574e-01 1.225384374494312425e+02 3.060182326495726102e+03 1.787803890120008218e-02
1.495686192226629019e-01 1.102381533100744235e+02 2.833205193184785458e+03 1.868631396362883945e-02
1.572371663136570008e-01 9.845595056321198513e+01 2.613569059468348314e+03 1.939000200141027808e-02
1.652988882216175348e-01 8.872807559598732041e+01 2.421834476724382512e+03 2.030210730976843639e-02
1.737739434504778357e-01 8.188243539169911855e+01 2.270963911470714720e+03 2.176782213482329753e-02
1.826835240527691917e-01 7.715304417428012584e+01 2.151752525035412873e+03 2.382985872447768508e-02
1.920499086207905493e-01 7.275835206654856790e+01 2.039661723574728285e+03 2.610931197175017301e-02
2.018965179946938526e-01 6.727224512677187818e+01 1.914412894746246820e+03 2.804740384286383975e-02
2.122479738267836202e-01 6.053613222283543394e+01 1.772661920751376556e+03 2.932348527900189433e-02
2.231301601484726449e-01 5.387944484477466744e+01 1.632416845637606002e+03 3.032272327943047463e-02
2.345702880938428103e-01 4.869728994617151585e+01 1.514861189070464889e+03 3.184153938548497931e-02
2.465969639416541459e-01 4.511157798003324615e+01 1.423198190360896206e+03 3.427057993420107307e-02
2.592402606459418002e-01 4.190933813713635203e+01 1.338991146608966801e+03 3.699034734554487031e-02
2.725317930340656614e-01 3.811081816672597000e+01 1.246371103237619764e+03 3.908139450722682845e-02
2.865047968602461026e-01 3.404909680244104209e+01 1.149944721993111216e+03 4.056687445033493183e-02
3.011942119122611450e-01 3.071081937788394356e+01 1.066033368406058798e+03 4.251102023491989956e-02
3.166367693791155569e-01 2.817414258704233987e+01 9.966699907838933541e+02 4.531114163673533035e-02
3.328710836981453314e-01 2.571889903807787547e+01 9.295080293246269321e+02 4.805635667083463236e-02
3.499377491112247163e-01 2.309623933986358679e+01 8.598021474099335819e+02 5.013995182191428868e-02
3.678794411715154977e-01 2.079685007420360421e+01 7.963933063820643383e+02 5.245469597377808851e-02
3.867410234545784475e-01 1.891705363162870768e+01 7.414066876325434805e+02 5.543505472997161537e-02
4.065696597406806001e-01 1.709573509569615624e+01 6.879780342470697860e+02 5.820535434242291722e-02
4.274149319488126375e-01 1.535516990474935817e+01 6.364421387548817393e+02 6.073988374660620193e-02
4.493289641173122684e-01 1.387071646428030114e+01 5.904484561818969723e+02 6.374738830257165034e-02
4.723665527411103904e-01 1.250775859113414334e+01 5.472971925975069780e+02 6.678626634558057495e-02
4.965853037915104462e-01 1.123569474153087810e+01 5.063308298362501318e+02 6.970304943720224966e-02
5.220457767611225153e-01 1.011663282673406705e+01 4.689789294975307712e+02 7.291753977734151404e-02
5.488116360941387439e-01 9.089649372167054153e+00 4.339201653288685634e+02 7.611799189126257359e-02
5.769498103806052214e-01 8.160838215110812754e+00 4.013327333125766359e+02 7.939974946254002575e-02
6.065306597127584354e-01 7.326091916140689442e+00 3.711712344400935990e+02 8.281345412036841824e-02
6.376281516219051149e-01 6.567993266496426230e+00 3.430484094179320778e+02 8.625919627235087428e-02
6.703200460357783275e-01 5.886945466688400685e+00 3.170187855051632368e+02 8.982699956113335271e-02
7.046880897188601001e-01 5.271721160359636116e+00 2.928310588075624992e+02 9.345735461268508959e-02
7.408182206818726412e-01 4.718450878007314664e+00 2.704217209820866969e+02 9.718621385491528486e-02
7.788007830715680813e-01 4.220368504472546967e+00 2.496421825571947863e+02 1.009949761276988378e-01
8.187307530781540166e-01 3.772538753641700104e+00 2.303883794647206571e+02 1.048883562844223488e-01
8.607079764252394405e-01 3.370168171444035909e+00 2.125545628744029898e+02 1.088652601707402745e-01
9.048374180361511421e-01 3.008978693144065630e+00 1.960447123308777009e+02 1.129278414279484832e-01
9.512294245009160765e-01 2.684992387316875728e+00 1.807665365560364990e+02 1.170763421961770606e-01
1.000000000000213163e+00 2.394547865269384346e+00 1.666323042833416253e+02 1.213092119987411593e-01
1.051271096376248826e+00 2.134365166699579763e+00 1.535616365370392771e+02 1.256270482779389408e-01
1.105170918075884856e+00 1.901388076173232466e+00 1.414766225797402228e+02 1.300257506248574946e-01
1.161834242728533306e+00 1.693009821673520099e+00 1.303106677287439084e+02 1.345123788950330079e-01
1.221402758160433644e+00 1.506682386039263521e+00 1.199946871710929912e+02 1.390812736890514323e-01
1.284025416688019838e+00 1.340229863511739561e+00 1.104693347262122813e+02 1.437376073051031267e-01
1.349858807576296504e+00 1.191534251825078439e+00 1.016731525052523750e+02 1.484710649860224441e-01
1.419067548593566874e+00 1.058857193751365333e+00 9.355621660941308448e+01 1.532910702713076723e-01
1.491824697641596753e+00 9.405265768613013666e-01 8.606774449568449370e+01 1.581957126760860366e-01
1.568312185490513100e+00 8.350378134530312968e-01 7.916056548421263983e+01 1.631826388278385664e-01
1.648721270700491237e+00 7.410425126909701010e-01 7.279110454503755534e+01 1.682500126052976497e-01
1.733253017867778301e+00 6.573583390812236527e-01 6.692043678398522388e+01 1.734036883205193891e-01
1.822118800390913007e+00 5.828697339968741398e-01 6.150980665144345494e+01 1.786371705015037392e-01
1.915540829014322100e+00 5.166010751022843683e-01 5.652456036673551409e+01 1.839500051436788186e-01
2.013752707470925607e+00 4.576892137957134787e-01 5.193328687597347937e+01 1.893474011276108093e-01
2.117000016613148627e+00 4.053326976977822960e-01 4.770536485899398116e+01 1.948249091510314002e-01
2.225540928492967474e+00 3.588291058691700508e-01 4.381332010059739446e+01 2.003847552425638279e-01
2.339646851926517890e+00 3.175352496038727490e-01 4.023085251815552965e+01 2.060217781314767349e-01
2.459603111157505406e+00 2.808931344178327016e-01 3.693471540981393275e+01 2.117417433183797215e-01
2.585709659316432152e+00 2.483867470805759536e-01 3.390231351435457441e+01 2.175394129852971092e-01
2.718281828459663263e+00 2.195656680179435827e-01 3.111345738445933407e+01 2.234179888484190135e-01
2.857651118063815776e+00 1.940203671100708127e-01 2.854898343242415493e+01 2.293745338162784531e-01
3.004166023947120401e+00 1.713902532099610965e-01 2.619153662408958283e+01 2.354117683426143748e-01
3.158192909690492378e+00 1.513475519270853498e-01 2.402462124708379321e+01 2.415247393375187512e-01
3.320116922737311960e+00 1.336049400741184667e-01 2.203337563497592555e+01 2.477153450613385766e-01
3.490342957462647444e+00 1.179060914899581203e-01 2.020406851913660518e+01 2.539866027457757802e-01
3.669296667620093988e+00 1.040169970184826043e-01 1.852353190962533347e+01 2.603292995589598924e-01
3.857425530697870641e+00 9.173756336297075875e-02 1.698033184289869979e+01 2.667534907479423567e-01
4.055199966845619564e+00 8.088265780216433165e-02 1.556328285948677959e+01 2.732514635071609521e-01
4.263114515169814212e+00 7.129091685425109626e-02 1.426236461186391580e+01 2.798243188852718166e-01
4.481689070339116121e+00 6.281886628392763239e-02 1.306833963228227447e+01 2.864742042654752630e-01
4.711470182591849465e+00 5.533785512952313357e-02 1.197257200419859835e+01 2.931986199950880057e-01
4.953032424396282885e+00 4.873406395172582423e-02 1.096714390053193355e+01 2.999966471558634384e-01
5.206979827181080545e+00 4.290655786722711446e-02 1.004476997663067017e+01 3.068680117632813786e-01
5.473947391728498424e+00 3.776604537062049766e-02 9.198771787001398081e+00 3.138149484585468496e-01
5.754602676007100293e+00 3.323259927228001953e-02 8.422910297351956288e+00 3.208341579427895218e-01
6.049647464414390718e+00 2.923570876087161485e-02 7.711480496422677078e+00 3.279246684509523058e-01
6.359819522603354258e+00 2.571316636252619220e-02 7.059267868911630828e+00 3.350890167882263349e-01
6.685894442280875261e+00 2.260929474420945995e-02 6.461395436880436272e+00 3.423227965023167285e-01
7.028687580590986528e+00 1.987545877675517964e-02 5.913469004775124382e+00 3.496311672998996811e-01
7.389056098932435646e+00 1.746781276969174013e-02 5.411328995852808355e+00 3.570061344029666905e-01
7.767901106308653603e+00 1.534832641645155794e-02 4.951264405872926488e+00 3.644536881647403304e-01
8.166169912569634093e+00 1.348292520627649566e-02 4.529795532929102642e+00 3.719714608248106957e-01
8.584858397179985445e+00 1.184152802199430789e-02 4.143728962806982885e+00 3.795573573898704534e-01
9.025013499436326470e+00 1.039760281024198346e-02 3.790137885577674393e+00 3.872104440487848520e-01
9.487735836360851494e+00 9.127813474057118459e-03 3.466352361804621918e+00 3.949342224581989247e-01
9.974182454817173138e+00 8.011434129446916297e-03 3.169898768923891552e+00 4.027285795524777057e-01
1.048556972473016025e+01 7.029981108053985281e-03 2.898466397929394311e+00 4.105825751807000157e-01
1.102317638064432792e+01 6.167504503308371411e-03 2.650006013826936346e+00 4.185043764452540116e-01
1.158834671922626214e+01 5.409797676363642220e-03 2.422610327581976808e+00 4.264967479008403561e-01
1.218249396070650370e+01 4.744222849593267462e-03 2.214504280644153056e+00 4.345542023323580860e-01
1.280710378266622662e+01 4.159690815584585720e-03 2.024069590995435153e+00 4.426740834795492852e-01
1.346373803500505772e+01 3.646505931837542864e-03 1.849840602654179378e+00 4.508625283748226575e-01
1.415403864537935341e+01 3.195994259934895401e-03 1.690440042996893988e+00 4.591106642703052798e-01
1.487973172487657614e+01 2.800627834336439324e-03 1.544633350921941872e+00 4.674239521677940323e-01
1.564263188419211659e+01 2.453677818680817177e-03 1.411261216387785566e+00 4.757921490372769568e-01
1.644464677110120832e+01 2.149362945893726340e-03 1.289301381013657988e+00 4.842321990319309877e-01
1.728778184057202338e+01 1.882441781688889721e-03 1.177772139608970647e+00 4.927307121031118675e-01
1.817414536944768244e+01 1.648362814600376740e-03 1.075790823020353448e+00 5.012854049732102801e-01
1.910595372823652127e+01 1.443155242081385755e-03 9.825595641448069406e-01 5.099052400428314424e-01
2.008553692319280515e+01 1.263273910683041000e-03 8.973297286773517234e-01 5.185828178006334221e-01
2.111534442254602695e+01 1.105615224839173001e-03 8.194193755454223238e-01 5.273133650095922498e-01
2.219795128144734164e+01 9.674805525531988883e-04 7.482147689686298175e-01 5.361066379820297323e-01
2.333606458094873304e+01 8.464602569929798991e-04 6.831394588112019717e-01 5.449537994558837362e-01
2.453253019711569394e+01 7.404571421088243033e-04 6.236730524160427613e-01 5.538564423468779196e-01
2.579033991719975205e+01 6.476233198297037938e-04 5.693367087885604638e-01 5.628127612376139233e-01
2.711263892066493852e+01 5.663384831671014865e-04 5.196930569444206949e-01 5.718231098355242015e-01
2.850273364377471097e+01 4.951777231487450607e-04 4.743406651776403415e-01 5.808859880221726169e-01
2.996410004740484823e+01 4.328844333964918423e-04 4.329091092073679703e-01 5.899917558527674188e-01
3.150039230875619012e+01 3.783731814572982880e-04 3.950679911690255230e-01 5.991540417418655950e-01
3.311545195870102276e+01 3.306731403283356182e-04 3.605056383907827566e-01 6.083608229818830981e-01
3.481331748761120082e+01 2.889419724683818329e-04 3.289416368326969486e-01 6.176139892274583598e-01
3.659823444368765877e+01 2.524374291447393256e-04 3.001175122265029582e-01 6.269088663841314579e-01
3.847466604904231957e+01 2.205114137393346797e-04 2.737984159279208685e-01 6.362472370474928640e-01
4.044730436007814234e+01 1.925916349123137907e-04 2.497669872048890460e-01 6.456191860879330058e-01
4.252108200007410943e+01 1.681840457164861941e-04 2.278293409442377071e-01 6.550402333737683769e-01
4.470118449331276622e+01 1.468435462557500417e-04 2.078000363238223236e-01 6.644804636008793119e-01
4.699306323159186860e+01 1.281931788814277340e-04 1.895184852332184866e-01 6.739636009830446417e-01
4.940244910554343960e+01 1.118934837555687325e-04 1.728313199226126917e-01 6.834716308760689918e-01
5.193536683484541783e+01 9.765008388831261231e-05 1.576003908223184702e-01 6.929988121738221984e-01
5.459815003315897997e+01 8.520697314130210270e-05 1.437008971807891000e-01 7.025531408096691299e-01
5.739745704546173499e+01 7.433701261338153399e-05 1.310163190528330079e-01 7.121202213492522359e-01
6.034028759737834946e+01 6.484326609213074031e-05 1.194417652658743279e-01 7.217009352107560671e-01
6.343400029814058882e+01 5.655243165210644329e-05 1.088805598139671316e-01 7.312869816287712599e-01
6.668633104094334385e+01 4.931308096298526523e-05 9.924455821094324559e-02 7.408714648793245372e-01
7.010541234670704114e+01 4.299301572178981632e-05 9.045352996451011540e-02 7.504518157791146837e-01
7.369979369961600923e+01 3.747610905269136144e-05 8.243369045270808326e-02 7.600174600593415652e-01
7.747846292528217305e+01 3.266117175529147175e-05 7.511805038344829266e-02 7.695644712272110555e-01
8.145086866499057976e+01 2.845935322006194683e-05 6.844502253556906946e-02 7.790807002941038117e-01
8.562694400222423496e+01 2.479327237351690346e-05 6.235872321858793033e-02 7.885612715623009361e-01
9.001713130054676526e+01 2.159489381504670945e-05 5.680764113518628478e-02 7.979888764382718769e-01
9.463240831495036787e+01 1.880510035594754132e-05 5.174518908828664582e-02 8.073569577750027149e-01
9.948431564196151555e+01 1.637215009267331108e-05 4.712875207263558103e-02 8.166572588203045990e-01
1.045849855771433994e+02 1.425031933759128989e-05 4.291867548168255830e-02 8.258532422207496282e-01
1.099471724521542768e+02 1.240073128883905105e-05 3.908036324151702157e-02 8.349678445082392431e-01
1.155842845272200918e+02 1.078814732826715741e-05 3.558027566620911714e-02 8.439437374834513061e-01
1.215104175187690743e+02 9.382882869305604398e-06 3.238955285423032043e-02 8.527998066617744621e-01
1.277403898460648861e+02 8.158301168105406783e-06 2.948068719562188522e-02 8.614988541284418488e-01
1.342897796849734675e+02 7.091338152999992370e-06 2.682889368861605603e-02 8.700161977484792697e-01
1.411749639215168770e+02 6.161819110352702080e-06 2.441147774538380069e-02 8.783189643784693468e-01
1.484131591026187778e+02 5.352302732337678731e-06 2.220807234309350037e-02 8.863967543028131724e-01
1.560224644864394463e+02 4.647396858895073270e-06 2.019976605364420807e-02 8.942139071651707960e-01
1.640219072999485945e+02 4.033786224568156063e-06 1.836956320683866967e-02 9.017553146508017203e-01
1.724314903169036768e+02 3.499689610520803642e-06 1.670160028011187861e-02 9.089699638974672036e-01
1.812722418752032070e+02 3.034952875972001649e-06 1.518169381601117314e-02 9.158326635650883008e-01
1.905662684586848457e+02 2.630692228178063944e-06 1.379685830455749593e-02 9.223131287629341424e-01
2.003368099748494728e+02 2.279073551702254902e-06 1.253502731578635086e-02 9.283481203929344616e-01
2.106082978667353416e+02 1.973391333480945978e-06 1.138554052056143205e-02 9.339205034456524723e-01
2.214064162042512862e+02 1.707723550620238878e-06 1.033848161331495617e-02 9.389845218481118749e-01
2.327581659077297047e+02 1.476906576093771552e-06 9.384808581354261298e-03 9.434916529156922582e-01
2.446919322642916654e+02 1.276432509766655077e-06 8.516257140441050449e-03 9.473862279899734062e-01
2.572375559058498879e+02 1.102414837300554348e-06 7.725441236909342396e-03 9.506451401763474918e-01
2.704264074262317763e+02 9.514133700207376062e-07 7.005454626844742280e-03 9.532060828166628585e-01
2.842914658240042627e+02 8.204598477007649192e-07 6.350110701416369387e-03 9.550344973723122743e-01
2.988674009671481713e+02 7.069523387811353440e-07 5.753718749003091867e-03 9.560839663263108745e-01
3.141906602857868620e+02 6.086303776756265748e-07 5.211122766164756094e-03 9.563210088647188245e-01
3.302995599097462787e+02 5.235171492088134207e-07 4.717597443678382685e-03 9.557078578319737616e-01
3.472343804788374655e+02 4.498928771446505902e-07 4.268850176149165815e-03 9.542178440236154247e-01
3.650374678654371792e+02 3.862618771134955314e-07 3.860985834254652711e-03 9.518410602417149979e-01
3.837533390612260860e+02 3.313116831355752305e-07 3.490411180972528751e-03 9.485571712393471300e-01
4.034287934928555046e+02 2.839048788750633926e-07 3.153882973912556283e-03 9.443734939788156479e-01
4.241130300448911044e+02 2.430485916611945738e-07 2.848437089146856234e-03 9.393084178671791129e-01
4.458577700826506316e+02 2.078745052728835005e-07 2.571352534178587054e-03 9.333843319357593149e-01
4.687173867825576963e+02 1.776288116068539869e-07 2.320163789313342637e-03 9.266524115645810022e-01
4.927490410934046849e+02 1.516520357968279627e-07 2.092603718099413004e-03 9.191700544218229796e-01
5.180128246684984106e+02 1.293693082368591624e-07 1.886598258121762210e-03 9.110098035654495829e-01
5.445719101260938260e+02 1.102806706924208080e-07 1.700256451485613902e-03 9.022676067822007484e-01
5.724927090138447738e+02 9.394811455515974540e-08 1.531826919486569804e-03 8.930344400671593741e-01
6.018450378722650385e+02 7.999167671608583103e-08 1.379713754910668558e-03 8.834238334179543850e-01
6.327022928124463306e+02 6.808027521203876665e-08 1.242447870701059902e-03 8.735540599155176000e-01
6.651416330445650829e+02 5.792464713186110714e-08 1.118665267078572390e-03 8.635272617127527361e-01
6.992441738160994191e+02 4.927461247069345419e-08 1.007119477593226798e-03 8.534538575619637912e-01
7.350951892421985576e+02 4.191287056759423462e-08 9.066590910771858127e-04 8.434287618442565249e-01
7.727843255353874383e+02 3.565088663932038080e-08 8.162184660726765030e-04 8.335190080227563580e-01
8.124058251677936369e+02 3.032651606057102372e-08 7.348241818414067567e-04 8.237811805943890953e-01
8.540587625264155349e+02 2.580011330870392938e-08 6.615823598002514103e-04 8.142450569880148592e-01
8.978472916506958654e+02 2.195220952348450718e-08 5.956801944813502024e-04 8.049259502297275715e-01
9.438809066718714575e+02 1.868037538315719957e-08 5.363740663160821267e-04 7.958064617964687448e-01
9.922747156053346771e+02 1.589806376771110237e-08 4.830009891835907549e-04 7.868831923356448543e-01
1.043149728180628472e+03 1.353152476108184278e-08 4.349608834251258277e-04 7.781385712333104276e-01
1.096633158428801380e+03 1.151821522829066725e-08 3.917151416374658069e-04 7.695548301090725518e-01
1.152858742783748994e+03 9.805694485351650920e-09 3.527913063554141584e-04 7.611616678546432313e-01
1.211967074492957408e+03 8.348641897902055743e-09 3.177514514283298988e-04 7.529368565604626085e-01
1.274105955173854682e+03 7.109637529464195646e-09 2.862228403854304463e-04 7.449624034279360707e-01
1.339430764394840480e+03 6.055891360535363412e-09 2.578520129059991696e-04 7.372404297545198659e-01
1.408104848205140797e+03 5.159632294175588669e-09 2.323227797215642000e-04 7.297834205271183095e-01
1.480299927585014302e+03 4.397368441568262233e-09 2.093532839646012765e-04 7.226238112219258714e-01
1.556196527837648091e+03 3.748641641749809036e-09 1.886779911127274480e-04 7.157107001730621532e-01
1.635984429996447261e+03 3.196469292553641967e-09 1.700671681616152038e-04 7.090523387803893129e-01
1.719863145376471039e+03 2.726255185393359545e-09 1.533096157301390948e-04 7.026166451440537530e-01
1.808042414456641382e+03 2.325899171657356680e-09 1.382237005133684846e-04 6.964452581779382312e-01
1.900742731340188357e+03 1.984871627737898441e-09 1.246390747846472897e-04 6.905143334177378245e-01
1.998195895104759757e+03 1.694371076479770430e-09 1.124069593399256627e-04 6.848460821556975331e-01
2.100645589420852957e+03 1.446473216397145713e-09 1.013783140714008757e-04 6.792646519810990879e-01
2.208347991887921125e+03 1.234844476985081297e-09 9.143172828721077034e-05 6.737287099294634318e-01
2.321572414611807289e+03 1.054178442473061429e-09 8.246103729539720751e-05 6.682378852769221833e-01
2.440601977625289692e+03 8.999450613312883590e-10 7.437049259829073831e-05 6.627918103209952116e-01
2.565734316835632853e+03 7.682770589717048886e-10 6.707373992275917122e-05 6.573901203559212592e-01
2.697282328269386653e+03 6.558729690332988606e-10 6.049289751953724993e-05 6.520324536482560163e-01
2.835574950475434889e+03 5.599143518411317047e-10 5.455772489387531268e-05 6.467184514126600448e-01
2.980957987042702825e+03 4.779951243603683231e-10 4.920487309496877833e-05 6.414477577878601178e-01
3.133794971289250043e+03 4.080612296523481216e-10 4.437720856215199712e-05 6.362200198128271644e-01
3.294468075284922634e+03 3.483591330941041086e-10 4.002320331093592342e-05 6.310348874031014299e-01
3.463379065480592999e+03 2.973918539466689686e-10 3.609638495005841683e-05 6.258920133273606634e-01
3.640950307333554974e+03 2.538814298000630706e-10 3.255484065931383566e-05 6.207910531842847357e-01
3.827625821441170956e+03 2.167368727217380612e-10 2.936076983386581369e-05 6.157316653792586081e-01
4.023872393823642142e+03 1.850268136357895482e-10 2.648008062022759644e-05 6.107135111017972795e-01
4.230180743132199495e+03 1.579561490128285468e-10 2.388202603750971955e-05 6.057362543024515933e-01
4.447066747701334862e+03 1.348461043061399630e-10 2.153887580012233107e-05 6.007995616707859643e-01
4.675072735513344924e+03 1.151172142406723414e-10 1.942562033909654584e-05 5.959031026126366815e-01
4.914768840300775992e+03 9.827479320015774730e-11 1.751970386293690482e-05 5.910465492282535038e-01
5.166754427177720572e+03 8.389653139402153613e-11 1.580078360881313662e-05 5.862295762902747231e-01
5.431659591364801599e+03 7.162190578830892862e-11 1.425051271446955138e-05 5.814518612217079996e-01
5.710146733755425885e+03 6.114314028857407836e-11 1.285234439334950968e-05 5.767130840747352050e-01
6.002912217263044113e+03 5.219748850859145883e-11 1.159135532278429917e-05 5.720129275090765075e-01
6.310688108091153481e+03 4.456064562181744144e-11 1.045408636019410360e-05 5.673510767705497448e-01
6.634244006280128815e+03 3.804112410325249165e-11 9.428398887193385351e-06 5.627272196704526941e-01
6.974388970108182548e+03 3.247545233793385891e-11 8.503345248276088900e-06 5.581410465641322149e-01
7.331973539158482708e+03 2.772407570530348736e-11 7.669051901229395038e-06 5.535922503307032505e-01
7.707891861111141225e+03 2.366785736239533033e-11 6.916614032068987506e-06 5.490805263522812174e-01
8.103083927578147268e+03 2.020509098593565207e-11 6.238000509677334423e-06 5.446055724934011355e-01
8.518537924572025076e+03 1.724895057034521665e-11 5.625968165682742899e-06 5.401670890811641756e-01
8.955292703485578386e+03 1.472531333738187786e-11 5.073984484639429490e-06 5.357647788849126957e-01
9.414440378761499232e+03 1.257090116872903306e-11 4.576157879350314727e-06 5.313983470964528388e-01
9.897129058747319505e+03 1.073169395945987351e-11 4.127174807123383734e-06 5.270675013100644124e-01
1.040456571656430970e+04 9.161575108552952440e-12 3.722243055777661930e-06 5.227719515032870357e-01
1.093801920816896018e+04 7.821175183221631687e-12 3.357040594057595574e-06 5.185114100172590890e-01
1.149882344515380282e+04 6.676884762920516372e-12 3.027669440516078896e-06 5.142855915375699194e-01
1.208838073022117533e+04 5.700011710894406325e-12 2.730614058483939696e-06 5.100942130749706038e-01
1.270816526367042752e+04 4.866061742560071572e-12 2.462703833057402130e-06 5.059369939465566679e-01
1.335972682966652428e+04 4.154124251560267112e-12 2.221079229601039481e-06 5.018136557570138656e-01
1.404469467150771925e+04 3.546347993588780946e-12 2.003161272560135537e-06 4.977239223801545043e-01
1.476478156558243427e+04 3.027493481184309265e-12 1.806624018813167595e-06 4.936675199396824976e-01
1.552178810420236550e+04 2.584550866182227234e-12 1.629369731764649055e-06 4.896441767917604215e-01
1.631760719802116000e+04 2.206413728517823668e-12 1.469506491192817320e-06 4.856536235063090845e-01
1.715422880929701932e+04 1.883600591921872595e-12 1.325327999875959616e-06 4.816955928491916117e-01
1.803374492783486858e+04 1.608017183735608913e-12 1.195295371461097479e-06 4.777698197637649802e-01
1.895835480205053682e+04 1.372753477716805624e-12 1.078020705191745526e-06 4.738760413543363637e-01
1.993037043823734348e+04 1.171910430835650820e-12 9.722522721737714267e-07 4.700139968669188040e-01
2.095222238178608313e+04 1.000452069650733676e-12 8.768611550732153434e-07 4.661834276735039584e-01
2.202646579481454319e+04 8.540792174317423771e-13 7.908291986370616825e-07 4.623840772531339627e-01
2.315578684540369068e+04 7.291216958585942465e-13 7.132381424340644520e-07 4.586156911759999288e-01
2.434300942441707230e+04 6.224462983305869787e-13 6.432598198187455237e-07 4.548780170853508609e-01
2.559110220669883711e+04 5.313782274019262983e-13 5.801473185116306399e-07 4.511708046818415085e-01
2.690318607430719567e+04 4.536340264438083251e-13 5.232270084443241092e-07 4.474938057053203244e-01
2.828254192034512744e+04 3.872643238579101332e-13 4.718913517827600371e-07 4.438467739193466266e-01
2.973261885290210193e+04 3.306049541936236540e-13 4.255924183834554394e-07 4.402294650941788734e-01
3.125704281962085952e+04 2.822352305746375147e-13 3.838360374717414461e-07 4.366416369905262718e-01
3.285962567445517197e+04 2.409423221494335853e-13 3.461765231195091825e-07 4.330830493433220352e-01
3.454437470929026313e+04 2.056908433599050132e-13 3.122119172250687046e-07 4.295534638457343957e-01
3.631550267425979837e+04 1.755968925038386526e-13 2.815796992209396810e-07 4.260526441328194580e-01
3.817743831181556016e+04 1.499058886304082566e-13 2.539529167177753595e-07 4.225803557662766163e-01
4.013483743089039490e+04 1.279736510461379265e-13 2.290366957841732229e-07 4.191363662183589245e-01
4.219259454884566367e+04 1.092502470163575180e-13 2.065650936154817643e-07 4.157204448563952548e-01
4.435585513031406299e+04 9.326620265629509455e-14 1.862982599983930017e-07 4.123323629273488167e-01
4.663002845354139572e+04 7.962073126134634272e-14 1.680198772743062951e-07 4.089718935424997426e-01
4.902080113639969204e+04 6.797168391162803951e-14 1.515348514769620842e-07 4.056388116622537399e-01
5.153415135589398415e+04 5.802697037053270931e-14 1.366672300007473239e-07 4.023328940810620979e-01
5.417636379671867326e+04 4.953723516341228606e-14 1.232583235739595419e-07 3.990539194125678479e-01
5.695404536624281900e+04 4.228960519505878727e-14 1.111650124918741041e-07 3.958016680745152227e-01
5.987414171521994285e+04 3.610235213277383356e-14 1.002582190313668448e-07 3.925759222742278287e-01
6.294395460553275188e+04 3.082033571860098139e-14 9.042152974233943613e-08 3.893764659941924555e-01
6.617116016840114025e+04 2.631111375552043304e-14 8.154995291096094271e-08 3.862030849773238073e-01
6.956382809870861820e+04 2.246162122880870615e-14 7.354879793264472171e-08 3.830555667127225616e-01
7.313044183344273188e+04 1.917533529421999146e-14 6.633266463370251263e-08 3.799337004214273228e-01
7.687991976470644295e+04 1.636985504742483282e-14 5.982453175423404322e-08 3.768372770423036311e-01
8.082163754034375597e+04 1.397483538942215283e-14 5.395493486319169010e-08 3.737660892180456051e-01
8.496545150794286747e+04 1.193022318131105551e-14 4.866122493111791459e-08 3.707199312813750369e-01
8.932172336083906703e+04 1.018475146144195275e-14 4.388689964690729059e-08 3.676985992408525750e-01
9.390134604774527543e+04 8.694653968746192625e-15 3.958100034154071982e-08 3.647018907682045841e-01
9.871577101079767453e+04 7.422567739857460571e-15 3.569756808161171814e-08 3.617296051831245252e-01
1.037770368201258680e+05 6.336596263731771536e-15 3.219515312765311004e-08 3.587815434419081573e-01
1.090977992765488161e+05 5.409509702949381192e-15 2.903637252105127082e-08 3.558575081225435754e-01
1.146913630576689611e+05 4.618062128051130528e-15 2.618751107777473291e-08 3.529573034116555985e-01
1.205717149864963576e+05 3.942408645077847503e-15 2.361816153003899147e-08 3.500807350922225392e-01
1.267535590057915979e+05 3.365607801241010217e-15 2.130089997489039435e-08 3.472276105299136328e-01
1.332523529455816897e+05 2.873196791995842952e-15 1.921099316571303299e-08 3.443977386603493396e-01
1.400843471757866791e+05 2.452828818168081052e-15 1.732613452239695795e-08 3.415909299763041362e-01
1.472666252406089625e+05 2.093963500166850758e-15 1.562620604248461160e-08 3.388069965150110052e-01
1.548171465762921434e+05 1.787602586676127106e-15 1.409306357205878152e-08 3.360457518455937098e-01
1.627547914190663723e+05 1.526064330938220675e-15 1.271034314446489647e-08 3.333070110565673483e-01
1.710994080155731353e+05 1.302790877301922997e-15 1.146328631983046578e-08 3.305905907436035851e-01
1.798718622538203781e+05 1.112183828408387296e-15 1.033858266113039933e-08 3.278963089966531186e-01
1.890940898387710622e+05 9.494638700067447049e-16 9.324227665507932745e-09 3.252239853885171006e-01
1.987891511430313694e+05 8.105509335976207249e-16 8.409394634441824851e-09 3.225734409627613597e-01
2.089812888697938761e+05 6.919618920850630698e-16 7.584319115179255016e-09 3.199444982211244182e-01
2.196959886722229712e+05 5.907232232433865983e-16 6.840194680039339774e-09 3.173369811116501515e-01
2.309600428808625729e+05 5.042964511059539772e-16 6.169078931185328674e-09 3.147507150176324098e-01
2.428016174984180834e+05 4.305144957762409526e-16 5.563808727585393586e-09 3.121855267451801863e-01
2.552503226294341730e+05 3.675273356914791474e-16 5.017923729372934072e-09 3.096412445124852031e-01
2.683372865209793090e+05 3.137556198586665897e-16 4.525597443520634063e-09 3.071176979368938631e-01
2.820952333994774381e+05 2.678510669354231058e-16 4.081575034891953867e-09 3.046147180249239028e-01
2.965585652983192704e+05 2.286626581884419854e-16 3.681117238853084624e-09 3.021321371602349037e-01
3.117634480808650260e+05 1.952077766501246250e-16 3.319949776825099397e-09 2.996697890926692254e-01
3.277479018739408348e+05 1.666475688097013878e-16 2.994217734850693039e-09 2.972275089265898895e-01
3.445518961379595567e+05 1.422659110551702042e-16 2.700444418249018781e-09 2.948051331106543160e-01
3.622174496113909991e+05 1.214514534650102333e-16 2.435494243178096673e-09 2.924024994261807397e-01
3.807887353794944938e+05 1.036822907144402456e-16 2.196539269044628521e-09 2.900194469770744354e-01
4.003121913300411543e+05 8.851287573010280542e-17 1.981029014528940896e-09 2.876558161777402201e-01
4.208366362722213962e+05 7.556284796591088383e-17 1.786663235077256134e-09 2.853114487437209412e-01
4.424133920090965694e+05 6.450749617634341060e-17 1.611367371282570484e-09 2.829861876803020926e-01
4.650964116688389913e+05 5.506961655047753966e-17 1.453270406117137126e-09 2.806798772727706615e-01
4.889424146156553179e+05 4.701256205518993747e-17 1.310684894664549782e-09 2.783923630747067723e-01
5.140110282777408138e+05 4.013430870663840439e-17 1.182088953212576224e-09 2.761234918989238230e-01
5.403649372469085502e+05 3.426238998565557733e-17 1.066110015454806149e-09 2.738731118065742542e-01
5.680700400227193022e+05 2.924957238231910826e-17 9.615101824309600506e-10 2.716410720970937609e-01
5.971956137930564582e+05 2.497016363736126942e-17 8.671730098363562567e-10 2.694272232982299897e-01
6.278144876631795196e+05 2.131686111257246643e-17 7.820915916741201765e-10 2.672314171554358020e-01
6.600032247664229944e+05 1.819806126592651880e-17 7.053578130653826614e-10 2.650535066231545223e-01
6.938423137119094608e+05 1.553556276834278950e-17 6.361526575006174073e-10 2.628933458537458523e-01
7.294163698479967425e+05 1.326260567004088349e-17 5.737374650838061184e-10 2.607507901884539847e-01
7.668143468447235646e+05 1.132219744992766282e-17 5.174460484595199238e-10 2.586256961471279925e-01
8.061297591243179049e+05 9.665683975263088696e-18 4.666775822758260098e-10 2.565179214193167856e-01
8.474609156959623797e+05 8.251529539458310768e-18 4.208901902858922829e-10 2.544273248542688881e-01
8.909111659795242595e+05 7.044275388560882414e-18 3.795951616424386161e-10 2.523537664515962953e-01
9.365891582329371013e+05 6.013650622299347257e-18 3.423517346519133370e-10 2.502971073519063006e-01
9.846091112294379855e+05 5.133813176271808393e-18 3.087623923130389158e-10 2.482572098274913874e-01
1.035091099863994634e+06 4.382701853534796866e-18 2.784686194267488692e-10 2.462339372731136289e-01
1.088161355403086869e+06 3.741483158319039130e-18 2.511470759911093581e-10 2.442271541968530080e-01
1.143952581128624268e+06 3.194079061685337150e-18 2.265061460380309597e-10 2.422367262110391717e-01
1.202604284165272489e+06 2.726763858234301933e-18 2.042828250758452892e-10 2.402625200232483549e-01
1.264263124320930336e+06 2.327820005385122675e-18 1.842399129159240668e-10 2.383044034273757161e-01
1.329083280812643003e+06 1.987244315678472873e-18 1.661634819210684144e-10 2.363622452948858643e-01
1.397226837794951163e+06 1.696497135113007528e-18 1.498605936528347336e-10 2.344359155656144944e-01
1.468864189654704416e+06 1.448288218383464093e-18 1.351572395470637991e-10 2.325252852396959558e-01
1.544174467085782439e+06 1.236393931999562180e-18 1.218964836366564181e-10 2.306302263684920084e-01
1.623345985009134281e+06 1.055501201819885391e-18 1.099367874985905172e-10 2.287506120461287318e-01
1.706576713458170416e+06 9.010742921080729882e-19 9.915049954628670927e-11 2.268863164010111177e-01
1.794074772606963990e+06 7.692410757070993570e-19 8.942249254285550457e-11 2.250372145873839602e-01
1.886058953179090517e+06 6.566959436506854990e-19 8.064893479276817285e-11 2.232031827770713517e-01
1.982759263538399944e+06 5.606169197484160067e-19 7.273618189616073999e-11 2.213840981506800532e-01
2.084417504829733167e+06 4.785949018678119316e-19 6.559977723733298648e-11 2.195798388904942056e-01
2.191287875607731752e+06 4.085732556848999184e-19 5.916355053842740899e-11 2.177902841707939352e-01
2.303637607465630397e+06 3.487962462818234113e-19 5.335880485768788483e-11 2.160153141513745101e-01
2.421747633253435604e+06 2.977650145412492021e-19 4.812358335374507953e-11 2.142548099679269236e-01
2.545913289556382690e+06 2.541999944953309755e-19 4.340200799066873951e-11 2.125086537256620500e-01
2.676445055190230254e+06 2.170088292639753057e-19 3.914368312464039541e-11 2.107767284898412474e-01
2.813669327560023405e+06 1.852589811107529233e-19 3.530315760718667827e-11 2.090589182795043188e-01
2.957929238823618274e+06 1.581543488280371083e-19 3.183943966307664111e-11 2.073551080582539119e-01
3.109585513900805730e+06 1.350153061581781259e-19 2.871555936549790016e-11 2.056651837276123607e-01
