# [1] k:    [h/Mpc] 
# [2] P:    [Mpc^3/h^3] 
# [3] T:    [Mpc^3/h^3] 
# [4] Delta_k 
3.059023205018257859e-07 3.590560762268519418e-02 3.700445245695901394e+04 5.206919385467355255e-23
3.215862678579245412e-07 3.764830449438431870e-02 3.698677660744016612e+04 6.343196539964867662e-23
3.380743483904743061e-07 3.947558404251926001e-02 3.696910920117946807e+04 7.727437159305454859e-23
3.554077908890640533e-07 4.139155153004150239e-02 3.695145023407656117e+04 9.413752935888925951e-23
3.736299379885273404e-07 4.340051147090034922e-02 3.693379970203314588e+04 1.146806405677722691e-22
3.927863545481053003e-07 4.550697730128609036e-02 3.691615760115442390e+04 1.397067610617149351e-22
4.129249415873286729e-07 4.771568151882903813e-02 3.689852392734591558e+04 1.701941931063803327e-22
4.340960560635169786e-07 5.003158631548946383e-02 3.688089867658228468e+04 2.073347284483692868e-22
4.563526367904018199e-07 5.245989472573085038e-02 3.686328184484010853e+04 2.525802369408089771e-22
4.797503368127355169e-07 5.500606231593239276e-02 3.684567342809787806e+04 3.076994219468734008e-22
5.043476625678916271e-07 5.767580944115392044e-02 3.682807342233602685e+04 3.748469611604157929e-22
5.302061201824328858e-07 6.047513409656819772e-02 3.681048182346993417e+04 4.566477356429556270e-22
5.573903692694645323e-07 6.341032539374495680e-02 3.679289862761781114e+04 5.562994397048334170e-22
5.859683846113473662e-07 6.648797768881326009e-02 3.677532383069884963e+04 6.776975827552985259e-22
6.160116261320592563e-07 6.971500539828673348e-02 3.675775742863427877e+04 8.255877696270672927e-22
6.475952175842278093e-07 7.309865853415152548e-02 3.674019941754786851e+04 1.005751212198714382e-21
6.807981343976415384e-07 7.664653899064031994e-02 3.672264979336466058e+04 1.225230724161662316e-21
7.157034011589609116e-07 8.036661762373809026e-02 3.670510855201172672e+04 1.492606033397102114e-21
7.523982992164306405e-07 8.426725215984429140e-02 3.668757568961838115e+04 1.818329174258908509e-21
7.909745849287134463e-07 8.835720597096961837e-02 3.667005120211550820e+04 2.215133070604070367e-21
8.315287191035797356e-07 9.264566776412141991e-02 3.665253508550268452e+04 2.698529281687263541e-21
8.741621082001717898e-07 9.714227222450670662e-02 3.663502733571475983e+04 3.287414368343661225e-21
9.189813578979717484e-07 1.018571216630950182e-01 3.661752794895505940e+04 4.004808583182666248e-21
9.660985396665287929e-07 1.068008087094699382e-01 3.660003692102897185e+04 4.878755760855325021e-21
1.015631471002508262e-06 1.119844401129202194e-01 3.658255424794381543e+04 5.943419586630199304e-21
1.067704010034801725e-06 1.174196616952950661e-01 3.656507992584182648e+04 7.240419097486310559e-21
1.122446365234364056e-06 1.231186845130890911e-01 3.654761395066748082e+04 8.820455622075122166e-21
1.179995421003214005e-06 1.290943122925531650e-01 3.653015631836724788e+04 1.074529475893514535e-20
1.240495079956737545e-06 1.353599701966936852e-01 3.651270702508891554e+04 1.309018087091245415e-20
1.304096622755184042e-06 1.419297349842019162e-01 3.649526606678274402e+04 1.594677848094550886e-20
1.370959086384113674e-06 1.488183666368578517e-01 3.647783343946737295e+04 1.942675555273799301e-20
1.441249661829700436e-06 1.560413415190756992e-01 3.646040913909704977e+04 2.366614873062981811e-20
1.515144112143284134e-06 1.636148871501645619e-01 3.644299316182688926e+04 2.883068118203580622e-20
1.592827211940548929e-06 1.715560186586100044e-01 3.642558550361488597e+04 3.512224092230122163e-20
1.674493209434307728e-06 1.798825770106994293e-01 3.640818616042107897e+04 4.278677286918605925e-20
1.760346312156213177e-06 1.886132690950265978e-01 3.639079512840608368e+04 5.212389313699903598e-20
1.850601197581954108e-06 1.977677097472673173e-01 3.637341240359986114e+04 6.349860140360902033e-20
1.945483549936765273e-06 2.073664658168314079e-01 3.635603798183587060e+04 7.735554920250191810e-20
2.045230624523543909e-06 2.174311023800168940e-01 3.633867185934642475e+04 9.423642190806301265e-20
2.150091840984688092e-06 2.279842311820518830e-01 3.632131403210110147e+04 1.148011138901887238e-19
2.260329406981118614e-06 2.390495614405676039e-01 3.630396449607148679e+04 1.398535246089654233e-19
2.376218973848010330e-06 2.506519531147035074e-01 3.628662324742920464e+04 1.703729840490095339e-19
2.498050325866710336e-06 2.628174727507577302e-01 3.626929028208362433e+04 2.075525359465803187e-19
2.626128104876382668e-06 2.755734520518071662e-01 3.625196559621002962e+04 2.528455753620033488e-19
2.760772572037287162e-06 2.889485492771798891e-01 3.623464918585350824e+04 3.080226637020251759e-19
2.902320408650496801e-06 3.029728136260499416e-01 3.621734104686341743e+04 3.752407421706371038e-19
3.051125558036519890e-06 3.176777527565917691e-01 3.620004117545353074e+04 4.571274493010623065e-19
3.207560110577962700e-06 3.330964035651292066e-01 3.618274956770756398e+04 5.568838386164113341e-19
3.372015234139298021e-06 3.492634064074148226e-01 3.616546621954659349e+04 6.784095118006789722e-19
3.544902152190277809e-06 3.662150829307349587e-01 3.614819112712397327e+04 8.264550590046746901e-19
3.726653172078803499e-06 3.839895176687307954e-01 3.613092428643043968e+04 1.006807765327804258e-18
3.917722766024474580e-06 4.026266436091928136e-01 3.611366569355729735e+04 1.226517843021193526e-18
4.118588707535861475e-06 4.221683319078261554e-01 3.609641534459764080e+04 1.494174033076028036e-18
4.329753266093139866e-06 4.426584859558037599e-01 3.607917323554796167e+04 1.820239349812740176e-18
4.551744463083409039e-06 4.641431400216440850e-01 3.606193936257073801e+04 2.217460093184588306e-18
4.785117392129195949e-06 4.866705626645928540e-01 3.604471372160067403e+04 2.701364117501435785e-18
5.030455607111644826e-06 5.102913651879584789e-01 3.602749630877119489e+04 3.290867834669485487e-18
5.288372581359179674e-06 5.350586153396061917e-01 3.601028712018473016e+04 4.009015680306996740e-18
5.559513241650373021e-06 5.610279565345298591e-01 3.599308615184731752e+04 4.883880949455453792e-18
5.844555580866815540e-06 5.882577328720060006e-01 3.597589339986515552e+04 5.949663216739414658e-18
6.144212353328471540e-06 6.168091202118970440e-01 3.595870886034626164e+04 7.248025240384548878e-18
6.459232857050738118e-06 6.467462636120768771e-01 3.594153252930239250e+04 8.829721611359709536e-18
6.790404807379771878e-06 6.781364214491650833e-01 3.592436440291067265e+04 1.075658281375678045e-17
7.138556306691162195e-06 7.110501165106682953e-01 3.590720447712131136e+04 1.310393225534199512e-17
7.504557915077204533e-06 7.455612944507469253e-01 3.589005274808247486e+04 1.596353075374346532e-17
7.889324827200587103e-06 7.817474899123295629e-01 3.587290921191147936e+04 1.944716358116766821e-17
8.293819160757753291e-06 8.196900007172867042e-01 3.585577386462958384e+04 2.369101029002101966e-17
8.719052362274285227e-06 8.594740705243303358e-01 3.583864670239045518e+04 2.886096814172027697e-17
9.166087736248057605e-06 9.011890803302583519e-01 3.582152772121915768e+04 3.515913723724739507e-17
9.636043103964330830e-06 9.449287492902682661e-01 3.580441691727301077e+04 4.283172086257512750e-17
1.013009359863121538e-05 9.907913452613702487e-01 3.578731428661344398e+04 5.217864988182990065e-17
1.064947460382478790e-05 1.038879905580577079e+00 3.577021982530380774e+04 6.356530740898992825e-17
1.119548484259151579e-05 1.089302468559977921e+00 3.575313352950691478e+04 7.743681208995412131e-17
1.176948962493235138e-05 1.142172316198173609e+00 3.573605539525733911e+04 9.433541834481760209e-17
1.237292426178888029e-05 1.197608228698938015e+00 3.571898541868908069e+04 1.149217137703698567e-16
1.300729765406831334e-05 1.255734751323782428e+00 3.570192359593794390e+04 1.400004423329976052e-16
1.367419606568169201e-05 1.316682474197159891e+00 3.568486992307662877e+04 1.705519628135636528e-16
1.437528709002991615e-05 1.380588325703621999e+00 3.566782439621218509e+04 2.077705722555654258e-16
1.511232381985586521e-05 1.447595880113660582e+00 3.565078701142111095e+04 2.531111925256218741e-16
1.588714923088939049e-05 1.517855680152913722e+00 3.563375776484663947e+04 3.083462450252065286e-16
1.670170079024660794e-05 1.591525575214923327e+00 3.561673665263378643e+04 3.756349368536670816e-16
1.755801530110687162e-05 1.668771075984909924e+00 3.559972367083224526e+04 4.576076669046742660e-16
1.845823399578163895e-05 1.749765726304985058e+00 3.558271881562313501e+04 5.574688514447067218e-16
1.940460788991057802e-05 1.834691493046532562e+00 3.556572208309225971e+04 6.791221887368869421e-16
2.039950341117315543e-05 1.923739174934827822e+00 3.554873346932734421e+04 8.273232594766533125e-16
2.144540831659045798e-05 2.017108831218518805e+00 3.553175297051497910e+04 1.007865428378016763e-15
2.254493791321357228e-05 2.115010231108995331e+00 3.551478058271427290e+04 1.227806314016019083e-15
2.370084159775344190e-05 2.217663325087718906e+00 3.549781630211545416e+04 1.495743679953808104e-15
2.491600973150475266e-05 2.325298739028531347e+00 3.548086012478140037e+04 1.822151532027796103e-15
2.619348086775470484e-05 2.438158292361084722e+00 3.546391204687373101e+04 2.219789560316765327e-15
2.753644934974891994e-05 2.556495541344277811e+00 3.544697206455584092e+04 2.704201931338090410e-15
2.894827329821342076e-05 2.680576348709543755e+00 3.543004017392846436e+04 3.294324928895144051e-15
3.043248300840562692e-05 2.810679480975216471e+00 3.541311637112647441e+04 4.013227197042144388e-15
3.199278977769132648e-05 2.947097234723234482e+00 3.539620065222217818e+04 4.889011522133586200e-15
3.363309518572123809e-05 3.090136093330492439e+00 3.537929301348292211e+04 5.955913405864152510e-15
3.535750085041236633e-05 3.240117415467819395e+00 3.536239345098469494e+04 7.255639373635960704e-15
3.717031868412924126e-05 3.397378157119730790e+00 3.534550196085364587e+04 8.838997334711911096e-15
3.907608167571078754e-05 3.562271628606323404e+00 3.532861853924995376e+04 1.076788272676970497e-14
4.107955522530357004e-05 3.735168288340289244e+00 3.531174318231953657e+04 1.311769808574610671e-14
4.318574906034433776e-05 3.916456575121195716e+00 3.529487588621016039e+04 1.598030062502437308e-14
4.539992976248807967e-05 4.106543780822702772e+00 3.527801664707141754e+04 1.946759304848176531e-14
4.772763393680535859e-05 4.305856965436100303e+00 3.526116546105475572e+04 2.371589796676415946e-14
5.017468205617894183e-05 4.514843916525884460e+00 3.524432232431345619e+04 2.889128691817564783e-14
5.274719301551768723e-05 4.733974155253058314e+00 3.522748723300264101e+04 3.519607231225742920e-14
5.545159943218107865e-05 4.963739991230726289e+00 3.521066018329525832e+04 4.287671607426626923e-14
5.829466373087315435e-05 5.204657628550407367e+00 3.519384117130208324e+04 5.223346414905633756e-14
6.128349505322671351e-05 5.457268325558725763e+00 3.517703019323175977e+04 6.363208348996499167e-14
6.442556703436033705e-05 5.722139610837092327e+00 3.516022724524672958e+04 7.751816034492752235e-14
6.772873649085907528e-05 5.999866558243439840e+00 3.514343232347929734e+04 9.443451877862930550e-14
7.120126306690828879e-05 6.291073123862823913e+00 3.512664542411158618e+04 1.150424403426244777e-13
7.485182988770643921e-05 6.596413547793971155e+00 3.510986654329558223e+04 1.401475143956499880e-13
7.868956527180084881e-05 6.916573824034887963e+00 3.509309567724896624e+04 1.707311295971989194e-13
8.272406555663884206e-05 7.252273241613235832e+00 3.507633282209546451e+04 2.079888376130477973e-13
8.696541909440986997e-05 7.604266000639142931e+00 3.505957797402447613e+04 2.533770887224092275e-13
9.142423147818073699e-05 7.973342906701313737e+00 3.504283112921128486e+04 3.086701662753866915e-13
9.611165206140254191e-05 8.360333147538563381e+00 3.502609228383297159e+04 3.760295456423719989e-13
1.010394018371016720e-04 8.766106155937134048e+00 3.500936143406847987e+04 4.580883889823588496e-13
1.062198027464676133e-04 9.191573563044393325e+00 3.499263857609854313e+04 5.580544788361645838e-13
1.116658084901241013e-04 9.637691246487625207e+00 3.497592370610574289e+04 6.798356143471175832e-13
1.173910369191279803e-04 1.010546147790401861e+01 3.495921682028242503e+04 8.281923720042725011e-13
1.234098040866900780e-04 1.059593517467915724e+01 3.494251791479891108e+04 1.008924202513956683e-12
1.297371600457651012e-04 1.111021426102055010e+01 3.492582698585119215e+04 1.229096138563773529e-12
1.363889264820232711e-04 1.164945414358128950e+01 3.490914402962913300e+04 1.497314975761508058e-12
1.433817362763056455e-04 1.221486630726213996e+01 3.489246904232441011e+04 1.824065723011266641e-12
1.507330750954898936e-04 1.280772103699780473e+01 3.487580202013053349e+04 2.222121474589833799e-12
1.584613251157653230e-04 1.342935027165257544e+01 3.485914295925074111e+04 2.707042726335493704e-12
1.665858109876483387e-04 1.408115059640051747e+01 3.484249185586631938e+04 3.297785654834738343e-12
1.751268481576742783e-04 1.476458638040362459e+01 3.482584870618415880e+04 4.017443138016431806e-12
1.841057936675958640e-04 1.548119306671746820e+01 3.480921350640501623e+04 4.894147484550244719e-12
1.935450995581117185e-04 1.623258062190484807e+01 3.479258625273147481e+04 5.962170160883912763e-12
2.034683690106629794e-04 1.702043715307214100e+01 3.477596694136795122e+04 7.263261505614637798e-12
2.139004153676812446e-04 1.784653270046813134e+01 3.475935556852853915e+04 8.848282802305376134e-12
2.248673241788693637e-04 1.871272321411404604e+01 3.474275213040150993e+04 1.077919451048247298e-11
2.363965184286629729e-04 1.962095472354788228e+01 3.472615662321646232e+04 1.313147837731806095e-11
2.485168271079757005e-04 2.057326770980372643e+01 3.470956904317317822e+04 1.599708811323916036e-11
2.612585573016925852e-04 2.157180168971504486e+01 3.469298938648907642e+04 1.948804397719332241e-11
2.746535699721688829e-04 2.261880002264521394e+01 3.467641764937940752e+04 2.374081178828501289e-11
2.887353596282311993e-04 2.371661495054154756e+01 3.465985382806124835e+04 2.892163754486479706e-11
3.035391380788964293e-04 2.486771288261296320e+01 3.464329791875741648e+04 3.523304618797748377e-11
3.191019224812350285e-04 2.607467993647260585e+01 3.462674991768071777e+04 4.292175855389211201e-11
3.354626279025451924e-04 2.734022774828048696e+01 3.461020982105758594e+04 5.228833599937913980e-11
3.526621646282911485e-04 2.866719956482855736e+01 3.459367762511328328e+04 6.369892972002214877e-11
3.707435404591257876e-04 3.005857663133085111e+01 3.457715332607342862e+04 7.759959405716413258e-11
3.897519682527942697e-04 3.151748488924934222e+01 3.456063692016518326e+04 9.453372331849132158e-11
4.097349789798286580e-04 3.304671713360154683e+01 3.454387498850384145e+04 1.151616040737461257e-10
4.307425405757319271e-04 3.465044440586135721e+01 3.452726890535917482e+04 1.402918246318938494e-10
4.528271828868440083e-04 3.633271891077723126e+01 3.451101266146571288e+04 1.709092726453662113e-10
4.760441290223192071e-04 3.809686580731424499e+01 3.449485379553480743e+04 2.082097906192830271e-10
5.004514334406633081e-04 3.994665522351722586e+01 3.447869550325188902e+04 2.536509497428371894e-10
5.261101271161193775e-04 4.188605019027133380e+01 3.446245806656236527e+04 3.090079498215405070e-10
5.530843701478924991e-04 4.391890282307984705e+01 3.444595407416619855e+04 3.764401156834953492e-10
5.814416121938181326e-04 4.604925088512201370e+01 3.442902253066197591e+04 4.585758270933332534e-10
6.112527611296385451e-04 4.828144978141821753e+01 3.441157022308908927e+04 5.586156044576753117e-10
6.425923603556274889e-04 5.062002386374947349e+01 3.439350548794515635e+04 6.804547946104418969e-10
6.755387751939181127e-04 5.306944370933354094e+01 3.437466452329790627e+04 8.288303402246598615e-10
7.101743888426273075e-04 5.563454265260500620e+01 3.435495569524962048e+04 1.009508081075120236e-09
7.465858083767621441e-04 5.832004653266196215e+01 3.433420481223432580e+04 1.229496542157986043e-09
7.848640813110194670e-04 6.113112765197001863e+01 3.431232896583789989e+04 1.497324839188246934e-09
8.251049232659968648e-04 6.407311006712829737e+01 3.428923743118590937e+04 1.823364937628837848e-09
8.674089573071004124e-04 6.715081950764835028e+01 3.426466687058560638e+04 2.220206060712723583e-09
9.118819655546198935e-04 7.037023803749259798e+01 3.423862348955479683e+04 2.703181204441786736e-09
9.586351536941296880e-04 7.373643467048704281e+01 3.421084366844484612e+04 3.290883027949532345e-09
1.007785429048626679e-03 7.725570540243479911e+01 3.418132779356582614e+04 4.005945586219355921e-09
1.059455692907732439e-03 8.093376787304821107e+01 3.414990175453279517e+04 4.875828429639743343e-09
1.113775147844932919e-03 8.477602132980412364e+01 3.411630788490641862e+04 5.933840367422636369e-09
1.170879620791311689e-03 8.878874614820409761e+01 3.408045640470170474e+04 7.220460948068456338e-09
1.230911902673626282e-03 9.297790972003289767e+01 3.404217192835747846e+04 8.784781239491887431e-09
1.294022105466001958e-03 9.734958736753971209e+01 3.400128730827801337e+04 1.068635162127222673e-08
1.360368037548055848e-03 1.019098201141210609e+02 3.395762053100610501e+04 1.299737209362004032e-08
1.430115598308045934e-03 1.066642268688008670e+02 3.391091897580435761e+04 1.580529038444789756e-08
1.503439192977754080e-03 1.116199672771645339e+02 3.386117627352715499e+04 1.921629922519240849e-08
1.580522168736409397e-03 1.167820732463569300e+02 3.380804958017855824e+04 2.335867559241731812e-08
1.661557273174137529e-03 1.221559266312729903e+02 3.375127847141942766e+04 2.838773542058813917e-08
1.746747136261333697e-03 1.277480120088204671e+02 3.369077203550692502e+04 3.449169436725560938e-08
1.836304777029133936e-03 1.335635448441257438e+02 3.362627708064932813e+04 4.189792238529256074e-08
1.930454136227949345e-03 1.396066609898472848e+02 3.355743979642886552e+04 5.088090921709165082e-08
2.029430636295988157e-03 1.458841306413692962e+02 3.348426007016294898e+04 6.177332058852998237e-08
2.133481770037976965e-03 1.523980514270855906e+02 3.340621858917688223e+04 7.497500129798686418e-08
2.242867719486086112e-03 1.591538663418118347e+02 3.332323371608289017e+04 9.097005003202865438e-08
2.357862006490532136e-03 1.661549524068015842e+02 3.323503331587851426e+04 1.103414540747538217e-07
2.478752176666675511e-03 1.734044536313105880e+02 3.314137538531369501e+04 1.337919033592339555e-07
2.605840518408833982e-03 1.809026476201400158e+02 3.304180749380068301e+04 1.621655801286530115e-07
2.739444818768723561e-03 1.886530168800707372e+02 3.293624945730476611e+04 1.964815085703606604e-07
2.879899158088616417e-03 1.966554291782306905e+02 3.282435245291371393e+04 2.379622366431341764e-07
3.027554745376210416e-03 2.049088557657440219e+02 3.270577855309133520e+04 2.880759495080184311e-07
3.182780796510085389e-03 2.134120000322301394e+02 3.258025481197834961e+04 3.485854711662377951e-07
3.345965457471714814e-03 2.221615424184820142e+02 3.244743944161281615e+04 4.216028134568630523e-07
3.517516774912597243e-03 2.311552081928368523e+02 3.230715847371601558e+04 5.096622576949253717e-07
3.697863716483424691e-03 2.403858038441125302e+02 3.215897955883078248e+04 6.157887912401604084e-07
3.887457243476651579e-03 2.498468570157431259e+02 3.200263420892337308e+04 7.436028160684673795e-07
4.086771438464619106e-03 2.595293450399010453e+02 3.183779254437598138e+04 8.974242035311571011e-07
4.296304690752923532e-03 2.694217297216121096e+02 3.166408583096029906e+04 1.082400788257134749e-06
4.516580942613284376e-03 2.795141650804433198e+02 3.148136001165948619e+04 1.304678404524009933e-06
4.748150999412126434e-03 2.897881333847222436e+02 3.128908078743772421e+04 1.571536317621066404e-06
4.991593906910903912e-03 3.002291565425546196e+02 3.108707563683603439e+04 1.891650340170296282e-06
5.247518399182111472e-03 3.108157131604809820e+02 3.087492069949181314e+04 2.275281497847406654e-06
5.516564420761540903e-03 3.215283075310518939e+02 3.065242975245373236e+04 2.734610995637717352e-06
5.799404726842954938e-03 3.323418696302504145e+02 3.041926798048102137e+04 3.284018328147800702e-06
6.096746565516493986e-03 3.432238186612714230e+02 3.017490210622531231e+04 3.940416280213387268e-06
6.409333446257287764e-03 3.541464095089821740e+02 2.991916802996198021e+04 4.723802168620374359e-06
6.737946999086424568e-03 3.650744762077339942e+02 2.965171092760148531e+04 5.657629469710847742e-06
7.083408929053131541e-03 3.759740188077345806e+02 2.937236188822150507e+04 6.769475757379324422e-06
7.446583070925409317e-03 3.867963461043786424e+02 2.908051312673897701e+04 8.091401242170456274e-06
7.828377549226901017e-03 3.975022888795463132e+02 2.877607997053491272e+04 9.661068935692513168e-06
8.229747049021221908e-03 4.080444533231424771e+02 2.845879354959059128e+04 1.152224746166809437e-05
8.651695203121895217e-03 4.183618551439340649e+02 2.812805591640685452e+04 1.372543040231120994e-05
9.095277101697147801e-03 4.284063136111767562e+02 2.778385724465563180e+04 1.632953908969189878e-05
9.561601930544914862e-03 4.381107913195474453e+02 2.742568690805192091e+04 1.940198600680657036e-05
1.005183574463506743e-02 4.474110380988283850e+02 2.705327309216395224e+04 2.302041258700861844e-05
1.056720438385422289e-02 4.562423201176688963e+02 2.666644878461548433e+04 2.727383118555083867e-05
1.110899653824396448e-02 4.645262736581252057e+02 2.626476216898666462e+04 3.226302138643671533e-05
1.167856697039719623e-02 4.721892315695309890e+02 2.584802121079256176e+04 3.810263444533563889e-05
1.227733990307029038e-02 4.791513896418679792e+02 2.541596296546977101e+04 4.492166552272374878e-05
1.290681258048182248e-02 4.853288170381611621e+02 2.496831089360609622e+04 5.286440506135025273e-05
1.356855901220299469e-02 4.906363254709635839e+02 2.450484186930925352e+04 6.209135558614838860e-05
1.426423390900143431e-02 4.949913140314376392e+02 2.402546349411621122e+04 7.278019130433506219e-05
1.499557682048000690e-02 4.983078676350330625e+02 2.353004667522955788e+04 8.512507962183640917e-05
1.576441648485692182e-02 5.004919461525020097e+02 2.301830785151801683e+04 9.933471555546678896e-05
1.657267540176381518e-02 5.014756241425910730e+02 2.249058190294581436e+04 1.156373043336655454e-04
1.742237463949622076e-02 5.011744744625083854e+02 2.194679874355860011e+04 1.342706982730340669e-04
1.831563888873704443e-02 4.995213173528467223e+02 2.138723559630363161e+04 1.554857177706546727e-04
1.925470177538994923e-02 4.964572916896414085e+02 2.081227318876301069e+04 1.795405462352801036e-04
2.024191144580758314e-02 4.919423407120336265e+02 2.022258192944714392e+04 2.066993085830717413e-04
2.127973643838054069e-02 4.859408291249414447e+02 1.961878591367524496e+04 2.372205908733921885e-04
2.237077185616915750e-02 4.784457013897199431e+02 1.900192905445657743e+04 2.713599947999306792e-04
2.351774585601286785e-02 4.694822964477492633e+02 1.837350046960948748e+04 3.093688320749711225e-04
2.472352647034336062e-02 4.590876927345491367e+02 1.773499419821995980e+04 3.514772017383081836e-04
2.599112877875953478e-02 4.473356692837836022e+02 1.708838109992757381e+04 3.979048301648232546e-04
2.732372244729698585e-02 4.343388170451266888e+02 1.643612401479662003e+04 4.488678481856272942e-04
2.872463965424410307e-02 4.202379618661420864e+02 1.578096872073491249e+04 5.045791585353258260e-04
3.019738342232343442e-02 4.052139157610544657e+02 1.512617514887220204e+04 5.652786076177926736e-04
3.174563637807315680e-02 3.894822637783951791e+02 1.447543831064917140e+04 6.312625957850697724e-04
3.337326996033158216e-02 3.732847155400528436e+02 1.383276232190187693e+04 7.029213772242354783e-04
3.508435410085083278e-02 3.568929099809112699e+02 1.320257678724105062e+04 7.808158779979619026e-04
3.688316740124613496e-02 3.405869836262400554e+02 1.258939024347453233e+04 8.657309311222608850e-04
3.877420783172848273e-02 3.244912039466939859e+02 1.199480157655158109e+04 9.583011055447627612e-04
4.076220397837305304e-02 3.089421906955106465e+02 1.142434067862763732e+04 1.060035609037398826e-03
4.285212686704739649e-02 2.943129571108046889e+02 1.088424118102706416e+04 1.173266815352855177e-03
4.504920239356542677e-02 2.808346510698132192e+02 1.037814520245593121e+04 1.300715363205326956e-03
4.735892439114896407e-02 2.686280462047300261e+02 9.907657933634372966e+03 1.445529978734415430e-03
4.978706836787243073e-02 2.576852837643959333e+02 9.471986418695298198e+03 1.611051927364524428e-03
5.233970594844135349e-02 2.478862229369003387e+02 9.068247903365239836e+03 1.800596842552287498e-03
5.502322005641668845e-02 2.390249339217921545e+02 8.692000114686021334e+03 2.017211675639849280e-03
5.784432087484844831e-02 2.309055754698925398e+02 8.339043909955416893e+03 2.264054402622751698e-03
6.081006262522850592e-02 2.236608791355640733e+02 8.011152436599233624e+03 2.547924991257909978e-03
6.392786120671870020e-02 2.161359090052271199e+02 7.687132663751365726e+03 2.860669661774237552e-03
6.720551273976151097e-02 2.081220916307082121e+02 7.363103997115440507e+03 3.200391714880511471e-03
7.065121306044198912e-02 1.991683210513220672e+02 7.030932129583769893e+03 3.558355956983392729e-03
7.427357821434696361e-02 1.889431043294686106e+02 6.684504633089458366e+03 3.921970716085973821e-03
7.808166600116696332e-02 1.773635573006723973e+02 6.321742930974420233e+03 4.277419677845220244e-03
8.208499862391337165e-02 1.646669498028177827e+02 5.945779340517353376e+03 4.613899023442753246e-03
8.629358649938589920e-02 1.513730373935913462e+02 5.564559118636301719e+03 4.927814400658942634e-03
9.071795328942874881e-02 1.381751106956047295e+02 5.189462040641820749e+03 5.226125208467546045e-03
9.536916221556676621e-02 1.258272220665699024e+02 4.833877765577988612e+03 5.529282383476899487e-03
1.002588437228218304e-01 1.150360212544860730e+02 4.511554592564463746e+03 5.873164785776656578e-03
1.053992245618834284e-01 1.062865994661812721e+02 4.233011788140555836e+03 6.304650532116435301e-03
1.108031583623540345e-01 9.962945537255957618e+01 4.000414849423568285e+03 6.866168145110703586e-03
1.164841577735182265e-01 9.463661126262471157e+01 3.805762424198198005e+03 7.577571298512357154e-03
1.224564282530043596e-01 9.052378862382654745e+01 3.633242412861045068e+03 8.421272967457116634e-03
1.287349035878279091e-01 8.628772333144695494e+01 3.462489383781475681e+03 9.326274753498830020e-03
1.353352832366376823e-01 8.096230718816909189e+01 3.273831432247019166e+03 1.016684595527279217e-02
1.422740715865399574e-01 7.424427849208392161e+01 3.060182326495726102e+03 1.083204688015360247e-02
1.495686192226629019e-01 6.679171307520371670e+01 2.833205193184785458e+03 1.132176912635029023e-02
1.572371663136570008e-01 5.965304572970859454e+01 2.613569059468348314e+03 1.174812359712729473e-02
1.652988882216175348e-01 5.375906606719777159e+01 2.421834476724382512e+03 1.230075509739263391e-02
1.737739434504778357e-01 4.961139103263138850e+01 2.270963911470714720e+03 1.318881064899257369e-02
1.826835240527691917e-01 4.674592085076315584e+01 2.151752525035412873e+03 1.443816898919783077e-02
1.920499086207905493e-01 4.408324005015286673e+01 2.039661723574728285e+03 1.581925695818734573e-02
2.018965179946938526e-01 4.075928668537927990e+01 1.914412894746246820e+03 1.699351897439420334e-02
2.122479738267836202e-01 3.667797266829493452e+01 1.772661920751376556e+03 1.776667838049736728e-02
2.231301601484726449e-01 3.264478143607085059e+01 1.632416845637606002e+03 1.837210232687588179e-02
2.345702880938428103e-01 2.950498824554820843e+01 1.514861189070464889e+03 1.929233118161958332e-02
2.465969639416541459e-01 2.733245688846909260e+01 1.423198190360896206e+03 2.076405194712930766e-02
2.592402606459418002e-01 2.539226578073935414e+01 1.338991146608966801e+03 2.241191994124204154e-02
2.725317930340656614e-01 2.309079711171643368e+01 1.246371103237619764e+03 2.367885537018500977e-02
2.865047968602461026e-01 2.062985850009374644e+01 1.149944721993111216e+03 2.457888632280782679e-02
3.011942119122611450e-01 1.860724417636422245e+01 1.066033368406058798e+03 2.575681631819808082e-02
3.166367693791155569e-01 1.707030815837908477e+01 9.966699907838933541e+02 2.745336964052864925e-02
3.328710836981453314e-01 1.558271137153058561e+01 9.295080293246269321e+02 2.911665598361127746e-02
3.499377491112247163e-01 1.399367954545934367e+01 8.598021474099335819e+02 3.037907634640847968e-02
3.678794411715154977e-01 1.260051262939009931e+01 7.963933063820643383e+02 3.178154656739379247e-02
3.867410234545784475e-01 1.146157097568610261e+01 7.414066876325434805e+02 3.358730311290603066e-02
4.065696597406806001e-01 1.035806024534588587e+01 6.879780342470697860e+02 3.526578784157107654e-02
4.274149319488126375e-01 9.303476806385273079e+00 6.364421387548817393e+02 3.680142278883579560e-02
4.493289641173122684e-01 8.404067796961607328e+00 5.904484561818969723e+02 3.862362658437102497e-02
4.723665527411103904e-01 7.578271206005393168e+00 5.472971925975069780e+02 4.046483912489930862e-02
4.965853037915104462e-01 6.807545997854835385e+00 5.063308298362501318e+02 4.223207608876811819e-02
5.220457767611225153e-01 6.129522463514062380e+00 4.689789294975307712e+02 4.417968959674924839e-02
5.488116360941387439e-01 5.507287945148335417e+00 4.339201653288685634e+02 4.611879754518046631e-02
5.769498103806052214e-01 4.944534611203661889e+00 4.013327333125766359e+02 4.810716730194333768e-02
6.065306597127584354e-01 4.438773823152566855e+00 3.711712344400935990e+02 5.017548190249573187e-02
6.376281516219051149e-01 3.979452744475612036e+00 3.430484094179320778e+02 5.226320756040835069e-02
6.703200460357783275e-01 3.566815668568433129e+00 3.170187855051632368e+02 5.442488830720791648e-02
7.046880897188601001e-01 3.194060101540563412e+00 2.928310588075624992e+02 5.662446826826120216e-02
7.408182206818726412e-01 2.858841587420769326e+00 2.704217209820866969e+02 5.888373050303686435e-02
7.788007830715680813e-01 2.557060634256794973e+00 2.496421825571947863e+02 6.119140483589573243e-02
8.187307530781540166e-01 2.285727023107665179e+00 2.303883794647206571e+02 6.355034792875687011e-02
8.607079764252394405e-01 2.041936469029207224e+00 2.125545628744029898e+02 6.595989684922427820e-02
9.048374180361511421e-01 1.823096954069830522e+00 1.960447123308777009e+02 6.842135645761335261e-02
9.512294245009160765e-01 1.626798306738197031e+00 1.807665365560364990e+02 7.093487346314961139e-02
1.000000000000213163e+00 1.450822144235773825e+00 1.666323042833416253e+02 7.349950845428854240e-02
1.051271096376248826e+00 1.293181185745420958e+00 1.535616365370392771e+02 7.611562341273393761e-02
1.105170918075884856e+00 1.152023714250391295e+00 1.414766225797402228e+02 7.878073395964438341e-02
1.161834242728533306e+00 1.025770324042478476e+00 1.303106677287439084e+02 8.149911756004593610e-02
1.221402758160433644e+00 9.128772081362597213e-01 1.199946871710929912e+02 8.426734526515376744e-02
1.284025416688019838e+00 8.120260164981806250e-01 1.104693347262122813e+02 8.708855089612044242e-02
1.349858807576296504e+00 7.219334819889896560e-01 1.016731525052523750e+02 8.995648488979239576e-02
1.419067548593566874e+00 6.415463589428007651e-01 9.355621660941308448e+01 9.287685683334448439e-02
1.491824697641596753e+00 5.698515384653363158e-01 8.606774449568449370e+01 9.584850919144413672e-02
1.568312185490513100e+00 5.059374124875082313e-01 7.916056548421263983e+01 9.887001608949777531e-02
1.648721270700491237e+00 4.489870103771046450e-01 7.279110454503755534e+01 1.019402650480126515e-01
1.733253017867778301e+00 3.982839720473895229e-01 6.692043678398522388e+01 1.050628031105427379e-01
1.822118800390913007e+00 3.531523965558092115e-01 6.150980665144345494e+01 1.082336947639368635e-01
1.915540829014322100e+00 3.130011683479480000e-01 5.652456036673551409e+01 1.114526649333485303e-01
2.013752707470925607e+00 2.773073180886197475e-01 5.193328687597347937e+01 1.147228696046662388e-01
2.117000016613148627e+00 2.455852572972519743e-01 4.770536485899398116e+01 1.180416130095777588e-01
2.225540928492967474e+00 2.174093992198180836e-01 4.381332010059739446e+01 1.214102438668400313e-01
2.339646851926517890e+00 1.923900450613483248e-01 4.023085251815552965e+01 1.248256350366793999e-01
2.459603111157505406e+00 1.701891139817917897e-01 3.693471540981393275e+01 1.282912797530705584e-01
2.585709659316432152e+00 1.504939609794140876e-01 3.390231351435457441e+01 1.318040044973644020e-01
2.718281828459663263e+00 1.330316833063248383e-01 3.111345738445933407e+01 1.353657491433949978e-01
2.857651118063815776e+00 1.175541525474487342e-01 2.854898343242415493e+01 1.389747341496456179e-01
3.004166023947120401e+00 1.038428917081656716e-01 2.619153662408958283e+01 1.426326077999464093e-01
3.158192909690492378e+00 9.169930699505425553e-02 2.402462124708379321e+01 1.463363690882932278e-01
3.320116922737311960e+00 8.094931341746978981e-02 2.203337563497592555e+01 1.500871681433541549e-01
3.490342957462647444e+00 7.143760663755877038e-02 2.020406851913660518e+01 1.538868330624626746e-01
3.669296667620093988e+00 6.302240387011172340e-02 1.852353190962533347e+01 1.577297819231679166e-01
3.857425530697870641e+00 5.558247146179195325e-02 1.698033184289869979e+01 1.616221070551742411e-01
4.055199966845619564e+00 4.900564015696676212e-02 1.556328285948677959e+01 1.655591353804169996e-01
4.263114515169814212e+00 4.319414214064291185e-02 1.426236461186391580e+01 1.695415340084559797e-01
4.481689070339116121e+00 3.806104843523567399e-02 1.306833963228227447e+01 1.735706040079164070e-01
4.711470182591849465e+00 3.352841127165830798e-02 1.197257200419859835e+01 1.776448308751550909e-01
4.953032424396282885e+00 2.952726908710676459e-02 1.096714390053193355e+01 1.817636578508103062e-01
5.206979827181080545e+00 2.599646688612077677e-02 1.004476997663067017e+01 1.859269189315982673e-01
5.473947391728498424e+00 2.288190422860689535e-02 9.198771787001398081e+00 1.901359680545154085e-01
5.754602676007100293e+00 2.013515437884697001e-02 8.422910297351956288e+00 1.943888062217839496e-01
6.049647464414390718e+00 1.771349584942568181e-02 7.711480496422677078e+00 1.986848446549192015e-01
6.359819522603354258e+00 1.557923802578681412e-02 7.059267868911630828e+00 2.030256203677348603e-01
6.685894442280875261e+00 1.369864681187418776e-02 6.461395436880436272e+00 2.074084635541019739e-01
7.028687580590986528e+00 1.204225488176562282e-02 5.913469004775124382e+00 2.118365004061557033e-01
7.389056098932435646e+00 1.058349676162443145e-02 5.411328995852808355e+00 2.163048870027779735e-01
7.767901106308653603e+00 9.299330435159935612e-03 4.951264405872926488e+00 2.208172528129105916e-01
8.166169912569634093e+00 8.169110645921464145e-03 4.529795532929102642e+00 2.253721632445437328e-01
8.584858397179985445e+00 7.174611677250841354e-03 4.143728962806982885e+00 2.299683489713355011e-01
9.025013499436326470e+00 6.299758139255294716e-03 3.790137885577674393e+00 2.346052442105373004e-01
9.487735836360851494e+00 5.530411026102391783e-03 3.466352361804621918e+00 2.392849705655948900e-01
9.974182454817173138e+00 4.854012822491752220e-03 3.169898768923891552e+00 2.440074595316647776e-01
1.048556972473016025e+01 4.259364539358024247e-03 2.898466397929394311e+00 2.487660826285031379e-01
1.102317638064432792e+01 3.736802357495164987e-03 2.650006013826936346e+00 2.535657881860936547e-01
1.158834671922626214e+01 3.277718678561744332e-03 2.422610327581976808e+00 2.584082512084053818e-01
1.218249396070650370e+01 2.874456454686458683e-03 2.214504280644153056e+00 2.632901470706547897e-01
1.280710378266622662e+01 2.520296894439134731e-03 2.024069590995435153e+00 2.682098663829192708e-01
1.346373803500505772e+01 2.209365547345969790e-03 1.849840602654179378e+00 2.731711274849522031e-01
1.415403864537935341e+01 1.936406998756041303e-03 1.690440042996893988e+00 2.781685545063101728e-01
1.487973172487657614e+01 1.696860162518104564e-03 1.544633350921941872e+00 2.832054561895124833e-01
1.564263188419211659e+01 1.486648133367667090e-03 1.411261216387785566e+00 2.882756264298574345e-01
1.644464677110120832e+01 1.302268124655611226e-03 1.289301381013657988e+00 2.933893314462837631e-01
1.728778184057202338e+01 1.140544426662209532e-03 1.177772139608970647e+00 2.985384584007200193e-01
1.817414536944768244e+01 9.987193439910612390e-04 1.075790823020353448e+00 3.037216238880712238e-01
1.910595372823652127e+01 8.743870244356417853e-04 9.825595641448069406e-01 3.089442580980829578e-01
2.008553692319280515e+01 7.653995104616945558e-04 8.973297286773517234e-01 3.142018777731570567e-01
2.111534442254602695e+01 6.698763781113364251e-04 8.194193755454223238e-01 3.194915908775673441e-01
2.219795128144734164e+01 5.861825650345628457e-04 7.482147689686298175e-01 3.248193086207610825e-01
2.333606458094873304e+01 5.128581068989257344e-04 6.831394588112019717e-01 3.301796766326374755e-01
2.453253019711569394e+01 4.486323427525904938e-04 6.236730524160427613e-01 3.355736600379449763e-01
2.579033991719975205e+01 3.923856637656810147e-04 5.693367087885604638e-01 3.410001649602240059e-01
2.711263892066493852e+01 3.431363492160951307e-04 5.196930569444206949e-01 3.464594057057254206e-01
2.850273364377471097e+01 3.000210672320932442e-04 4.743406651776403415e-01 3.519504733742439551e-01
2.996410004740484823e+01 2.622784580653738924e-04 4.329091092073679703e-01 3.574675272617470756e-01
3.150039230875619012e+01 2.292508737892499286e-04 3.950679911690255230e-01 3.630188246287876508e-01
3.311545195870102276e+01 2.003501042725500309e-04 3.605056383907827566e-01 3.685970810895952687e-01
3.481331748761120082e+01 1.750657893026214365e-04 3.289416368326969486e-01 3.742034415587626728e-01
3.659823444368765877e+01 1.529482110377173036e-04 3.001175122265029582e-01 3.798350740696189720e-01
3.847466604904231957e+01 1.336046970494668700e-04 2.737984159279208685e-01 3.854930586712181917e-01
4.044730436007814234e+01 1.166885042383241684e-04 2.497669872048890460e-01 3.911713879290006912e-01
4.252108200007410943e+01 1.019002966579620948e-04 2.278293409442377071e-01 3.968794651081740121e-01
4.470118449331276622e+01 8.897039467698644277e-05 2.078000363238223236e-01 4.025991649558258723e-01
4.699306323159186860e+01 7.767040507257935429e-05 1.895184852332184866e-01 4.083448616321909697e-01
4.940244910554343960e+01 6.779465400663530112e-05 1.728313199226126917e-01 4.141056403232044048e-01
5.193536683484541783e+01 5.916478269090976957e-05 1.576003908223184702e-01 4.198780225751558848e-01
5.459815003315897997e+01 5.162568068473204403e-05 1.437008971807891000e-01 4.256668530091773928e-01
5.739745704546173499e+01 4.503972779165767599e-05 1.310163190528330079e-01 4.314634096384402095e-01
6.034028759737834946e+01 3.928760319036370374e-05 1.194417652658743279e-01 4.372682265015571668e-01
6.343400029814058882e+01 3.426430573440465363e-05 1.088805598139671316e-01 4.430762742840406720e-01
6.668633104094334385e+01 2.987808717431587947e-05 9.924455821094324559e-02 4.488833749658202033e-01
7.010541234670704114e+01 2.604885045788480545e-05 9.045352996451011540e-02 4.546879719156501909e-01
7.369979369961600923e+01 2.270623597967740754e-05 8.243369045270808326e-02 4.604836583360067404e-01
7.747846292528217305e+01 1.978893465716296258e-05 7.511805038344829266e-02 4.662680552213256391e-01
8.145086866499057976e+01 1.724311318272544040e-05 6.844502253556906946e-02 4.720338016739716869e-01
8.562694400222423496e+01 1.502188747583073995e-05 6.235872321858793033e-02 4.777779435787560813e-01
9.001713130054676526e+01 1.308403586485221772e-05 5.680764113518628478e-02 4.834899939075663067e-01
9.463240831495036787e+01 1.139374009461091048e-05 5.174518908828664582e-02 4.891659797792465292e-01
9.948431564196151555e+01 9.919650489229221035e-06 4.712875207263558103e-02 4.948008985462869491e-01
1.045849855771433994e+02 8.634063723375536996e-06 4.291867548168255830e-02 5.003726127512519994e-01
1.099471724521542768e+02 7.513424901423358442e-06 3.908036324151702157e-02 5.058950193092450753e-01
1.155842845272200918e+02 6.536383450980715608e-06 3.558027566620911714e-02 5.113333838880474991e-01
1.215104175187690743e+02 5.684953907583567980e-06 3.238955285423032043e-02 5.166991489500667445e-01
1.277403898460648861e+02 4.942997450877996030e-06 2.948068719562188522e-02 5.219697768132435245e-01
1.342897796849734675e+02 4.296539891249569192e-06 2.682889368861605603e-02 5.271303129266552423e-01
1.411749639215168770e+02 3.733357659596908722e-06 2.441147774538380069e-02 5.321608399250605803e-01
1.484131591026187778e+02 3.242883318123008828e-06 2.220807234309350037e-02 5.370550567702118139e-01
1.560224644864394463e+02 2.815790978218021931e-06 2.019976605364420807e-02 5.417913573646075953e-01
1.640219072999485945e+02 2.444013111869168924e-06 1.836956320683866967e-02 5.463605877974384573e-01
1.724314903169036768e+02 2.120411647868334197e-06 1.670160028011187861e-02 5.507318401084790871e-01
1.812722418752032070e+02 1.838834338221457315e-06 1.518169381601117314e-02 5.548898512267508298e-01
1.905662684586848457e+02 1.593898620556626823e-06 1.379685830455749593e-02 5.588162719721245786e-01
2.003368099748494728e+02 1.380857916899367515e-06 1.253502731578635086e-02 5.624727866837638812e-01
2.106082978667353416e+02 1.195649453236146609e-06 1.138554052056143205e-02 5.658490135056645221e-01
2.214064162042512862e+02 1.034685160989278553e-06 1.033848161331495617e-02 5.689172294906805760e-01
2.327581659077297047e+02 8.948364727398037094e-07 9.384808581354261298e-03 5.716480354414243958e-01
2.446919322642916654e+02 7.733721165701467132e-07 8.516257140441050449e-03 5.740077025176639758e-01
2.572375559058498879e+02 6.679373092881530019e-07 7.725441236909342396e-03 5.759822305839799039e-01
2.704264074262317763e+02 5.764476900079779800e-07 7.005454626844742280e-03 5.775338689314843954e-01
2.842914658240042627e+02 4.971048325094428073e-07 6.350110701416369387e-03 5.786416790382081787e-01
2.988674009671481713e+02 4.283322638478796375e-07 5.753718749003091867e-03 5.792775371975846799e-01
3.141906602857868620e+02 3.687604004052948326e-07 5.211122766164756094e-03 5.794211578655346084e-01
3.302995599097462787e+02 3.171915182718155173e-07 4.717597443678382685e-03 5.790496584651801948e-01
3.472343804788374655e+02 2.725836297375389090e-07 4.268850176149165815e-03 5.781468805087495166e-01
3.650374678654371792e+02 2.340305211344325685e-07 3.860985834254652711e-03 5.767068213673743893e-01
3.837533390612260860e+02 2.007369881842155202e-07 3.490411180972528751e-03 5.747171602071403651e-01
4.034287934928555046e+02 1.720138866725805074e-07 3.153882973912556283e-03 5.721823302703699099e-01
4.241130300448911044e+02 1.472596493149282597e-07 2.848437089146856234e-03 5.691134734345616453e-01
4.458577700826506316e+02 1.259481757897653509e-07 2.571352534178587054e-03 5.655241548920849626e-01
4.687173867825576963e+02 1.076227445988080442e-07 2.320163789313342637e-03 5.614453810703551317e-01
4.927490410934046849e+02 9.188378939659341857e-08 2.092603718099413004e-03 5.569119283917759455e-01
5.180128246684984106e+02 7.838300494919685586e-08 1.886598258121762210e-03 5.519677496527914951e-01
5.445719101260938260e+02 6.681747374623371432e-08 1.700256451485613902e-03 5.466709782387109140e-01
5.724927090138447738e+02 5.692181266566204196e-08 1.531826919486569804e-03 5.410767351977201489e-01
6.018450378722650385e+02 4.846580751944603205e-08 1.379713754910668558e-03 5.352538067240654174e-01
6.327022928124463306e+02 4.124886050343361797e-08 1.242447870701059902e-03 5.292738527780139757e-01
6.651416330445650829e+02 3.509571137618206488e-08 1.118665267078572390e-03 5.231987598223264424e-01
6.992441738160994191e+02 2.985477966759115218e-08 1.007119477593226798e-03 5.170954289924133418e-01
7.350951892421985576e+02 2.539440602959616100e-08 9.066590910771858127e-04 5.110213675479591267e-01
7.727843255353874383e+02 2.160035994609213702e-08 8.162184660726765030e-04 5.050171901010656050e-01
8.124058251677936369e+02 1.837440031847033742e-08 7.348241818414067567e-04 4.991171803853556854e-01
8.540587625264155349e+02 1.563191793113257612e-08 6.615823598002514103e-04 4.933393801171030990e-01
8.978472916506958654e+02 1.330052831831439714e-08 5.956801944813502024e-04 4.876930672387846388e-01
9.438809066718714575e+02 1.131817102577414130e-08 5.363740663160821267e-04 4.821677002352791064e-01
9.922747156053346771e+02 9.632408397095392647e-09 4.830009891835907549e-04 4.767612194876956200e-01
1.043149728180628472e+03 8.198556417849532284e-09 4.349608834251258277e-04 4.714629792135172082e-01
1.096633158428801380e+03 6.978721101237136709e-09 3.917151416374658069e-04 4.662622138063781674e-01
1.152858742783748994e+03 5.941129390352914239e-09 3.527913063554141584e-04 4.611769173980226344e-01
1.211967074492957408e+03 5.058322164050053780e-09 3.177514514283298988e-04 4.561936224174417132e-01
1.274105955173854682e+03 4.307627220504927140e-09 2.862228403854304463e-04 4.513620158496030044e-01
1.339430764394840480e+03 3.669177558061628615e-09 2.578520129059991696e-04 4.466833829581541293e-01
1.408104848205140797e+03 3.126147068127965764e-09 2.323227797215642000e-04 4.421652882172634191e-01
1.480299927585014302e+03 2.664302352825618694e-09 2.093532839646012765e-04 4.378273838158907028e-01
1.556196527837648091e+03 2.271248106390692571e-09 1.886779911127274480e-04 4.336388291660867034e-01
1.635984429996447261e+03 1.936694814193978154e-09 1.700671681616152038e-04 4.296046236724631595e-01
1.719863145376471039e+03 1.651798843186339244e-09 1.533096157301390948e-04 4.257053293728845778e-01
1.808042414456641382e+03 1.409228887191406789e-09 1.382237005133684846e-04 4.219661746869617924e-01
1.900742731340188357e+03 1.202605198565735371e-09 1.246390747846472897e-04 4.183727125963942473e-01
1.998195895104759757e+03 1.026595088769673061e-09 1.124069593399256627e-04 4.149384006039983919e-01
2.100645589420852957e+03 8.763973373974855134e-10 1.013783140714008757e-04 4.115566922609488199e-01
2.208347991887921125e+03 7.481745250874949335e-10 9.143172828721077034e-05 4.082025445179821022e-01
2.321572414611807289e+03 6.387115707723951211e-10 8.246103729539720751e-05 4.048757327588334287e-01
2.440601977625289692e+03 5.452637813227291344e-10 7.437049259829073831e-05 4.015760341978536485e-01
2.565734316835632853e+03 4.654880306345794393e-10 6.707373992275917122e-05 3.983032278650623370e-01
2.697282328269386653e+03 3.973840076786788109e-10 6.049289751953724993e-05 3.950570945913635112e-01
2.835574950475434889e+03 3.392440603542273802e-10 5.455772489387531268e-05 3.918374169938753093e-01
2.980957987042702825e+03 2.896103775234986731e-10 4.920487309496877833e-05 3.886439794613656407e-01
3.133794971289250043e+03 2.472384356021647114e-10 4.437720856215199712e-05 3.854765681398187871e-01
3.294468075284922634e+03 2.110657931587619858e-10 4.002320331093592342e-05 3.823349709180909328e-01
3.463379065480592999e+03 1.801854510737119170e-10 3.609638495005841683e-05 3.792189774137132985e-01
3.640950307333554974e+03 1.538231102858884222e-10 3.255484065931383566e-05 3.761283789588746873e-01
3.827625821441170956e+03 1.313177568833992601e-10 2.936076983386581369e-05 3.730629685863062761e-01
4.023872393823642142e+03 1.121050877260244389e-10 2.648008062022759644e-05 3.700225410156035566e-01
4.230180743132199495e+03 9.570336101017388010e-11 2.388202603750971955e-05 3.670068926392340281e-01
4.447066747701334862e+03 8.170131699132502467e-11 2.153887580012233107e-05 3.640158215091940375e-01
4.675072735513344924e+03 6.974786598567828602e-11 1.942562033909654584e-05 3.610491273232301901e-01
4.914768840300775992e+03 5.954328508648957668e-11 1.751970386293690482e-05 3.581066114115954435e-01
5.166754427177720572e+03 5.083170285983189422e-11 1.580078360881313662e-05 3.551880767237043934e-01
5.431659591364801599e+03 4.339468357979847299e-11 1.425051271446955138e-05 3.522933278147926672e-01
5.710146733755425885e+03 3.704575013320860983e-11 1.285234439334950968e-05 3.494221708330745302e-01
6.002912217263044113e+03 3.162570826005905984e-11 1.159135532278429917e-05 3.465744135066342047e-01
6.310688108091153481e+03 2.699865488898988947e-11 1.045408636019410360e-05 3.437498651304355946e-01
6.634244006280128815e+03 2.304857048009394631e-11 9.428398887193385351e-06 3.409483365538297783e-01
6.974388970108182548e+03 1.967640993079389100e-11 8.503345248276088900e-06 3.381696401675707286e-01
7.331973539158482708e+03 1.679761910175818366e-11 7.669051901229395038e-06 3.354135898915272529e-01
7.707891861111141225e+03 1.434001469171459981e-11 6.916614032068987506e-06 3.326800011621001696e-01
8.103083927578147268e+03 1.224197430081283606e-11 6.238000509677334423e-06 3.299686909197525053e-01
8.518537924572025076e+03 1.045089129987793841e-11 5.625968165682742899e-06 3.272794775969810055e-01
8.955292703485578386e+03 8.921855762645439687e-12 5.073984484639429490e-06 3.246121811060010409e-01
9.414440378761499232e+03 7.616528386472517216e-12 4.576157879350314727e-06 3.219666228267640817e-01
9.897129058747319505e+03 6.502179166000541099e-12 4.127174807123383734e-06 3.193426255948458303e-01
1.040456571656430970e+04 5.550866715321456802e-12 3.722243055777661930e-06 3.167400136898049778e-01
1.093801920816896018e+04 4.738737660810415668e-12 3.357040594057595574e-06 3.141586128232706221e-01
1.149882344515380282e+04 4.045428537493747298e-12 3.027669440516078896e-06 3.115982501273408811e-01
1.208838073022117533e+04 3.453555191989658612e-12 2.730614058483939696e-06 3.090587541428962970e-01
1.270816526367042752e+04 2.948276889228289538e-12 2.462703833057402130e-06 3.065399548081981784e-01
1.335972682966652428e+04 2.516924193282922794e-12 2.221079229601039481e-06 3.040416834475256902e-01
1.404469467150771925e+04 2.148681291733495456e-12 2.003161272560135537e-06 3.015637727599896345e-01
1.476478156558243427e+04 1.834314798103861344e-12 1.806624018813167595e-06 2.991060568078774407e-01
1.552178810420236550e+04 1.565942232329977555e-12 1.629369731764649055e-06 2.966683710060912249e-01
1.631760719802116000e+04 1.336834374083122566e-12 1.469506491192817320e-06 2.942505521108175204e-01
1.715422880929701932e+04 1.141246533131392441e-12 1.325327999875959616e-06 2.918524382087326896e-01
1.803374492783486858e+04 9.742745059776911971e-13 1.195295371461097479e-06 2.894738687058253102e-01
1.895835480205053682e+04 8.317316070122299198e-13 1.078020705191745526e-06 2.871146843173726371e-01
1.993037043823734348e+04 7.100436908267741927e-13 9.722522721737714267e-07 2.847747270562808186e-01
2.095222238178608313e+04 6.061595334752281776e-13 8.768611550732153434e-07 2.824538402235557411e-01
2.202646579481454319e+04 5.174743255516972456e-13 7.908291986370616825e-07 2.801518683968350909e-01
2.315578684540369068e+04 4.417643587489465763e-13 7.132381424340644520e-07 2.778686574207534510e-01
2.434300942441707230e+04 3.771312682087514559e-13 6.432598198187455237e-07 2.756040543959816236e-01
2.559110220669883711e+04 3.219544325929509887e-13 5.801473185116306399e-07 2.733579076697428278e-01
2.690318607430719567e+04 2.748503383412102986e-13 5.232270084443241092e-07 2.711300668247785817e-01
2.828254192034512744e+04 2.346378892126852738e-13 4.718913517827600371e-07 2.689203826699674837e-01
2.973261885290210193e+04 2.003087912732963077e-13 4.255924183834554394e-07 2.667287072300186246e-01
3.125704281962085952e+04 1.710022707585792600e-13 3.838360374717414461e-07 2.645548937356264618e-01
3.285962567445517197e+04 1.459834908828025666e-13 3.461765231195091825e-07 2.623987966136392957e-01
3.454437470929026313e+04 1.246251264137957399e-13 3.122119172250687046e-07 2.602602714773720738e-01
3.631550267425979837e+04 1.063916340109983090e-13 2.815796992209396810e-07 2.581391751167015913e-01
3.817743831181556016e+04 9.082582391890118347e-14 2.539529167177753595e-07 2.560353654888302133e-01
4.013483743089039490e+04 7.753739631157926202e-14 2.290366957841732229e-07 2.539487017085372278e-01
4.219259454884566367e+04 6.619315484709603726e-14 2.065650936154817643e-07 2.518790440388011809e-01
4.435585513031406299e+04 5.650865204455271836e-14 1.862982599983930017e-07 2.498262538814439992e-01
4.663002845354139572e+04 4.824105699854586148e-14 1.680198772743062951e-07 2.477901937678504973e-01
4.902080113639969204e+04 4.118306659486645087e-14 1.515348514769620842e-07 2.457707273497641565e-01
5.153415135589398415e+04 3.515770755620746714e-14 1.366672300007473239e-07 2.437677193901501838e-01
5.417636379671867326e+04 3.001389898347604758e-14 1.232583235739595419e-07 2.417810357541960442e-01
5.695404536624281900e+04 2.562266412706563362e-14 1.111650124918741041e-07 2.398105434001681358e-01
5.987414171521994285e+04 2.187389640145420963e-14 1.002582190313668448e-07 2.378561103706132995e-01
6.294395460553275188e+04 1.867359855356103313e-14 9.042152974233943613e-08 2.359176057836242513e-01
6.617116016840114025e+04 1.594152575927776875e-14 8.154995291096094271e-08 2.339948998239116951e-01
6.956382809870861820e+04 1.360917355081807595e-14 7.354879793264472171e-08 2.320878637341752537e-01
7.313044183344273188e+04 1.161806012379310442e-14 6.633266463370251263e-08 2.301963698064709296e-01
7.687991976470644295e+04 9.918259954290726062e-15 5.982453175423404322e-08 2.283202913736614437e-01
8.082163754034375597e+04 8.467151957617083900e-15 5.395493486319169010e-08 2.264595028009353528e-01
8.496545150794286747e+04 7.228350799817435359e-15 4.866122493111791459e-08 2.246138794774424907e-01
8.932172336083906703e+04 6.170794565484812810e-15 4.388689964690729059e-08 2.227832978077000925e-01
9.390134604774527543e+04 5.267965905916550897e-15 3.958100034154071982e-08 2.209676352039176839e-01
9.871577101079767453e+04 4.497227138478499945e-15 3.569756808161171814e-08 2.191667700767794547e-01
1.037770368201258680e+05 3.839252625451072773e-15 3.219515312765311004e-08 2.173805818285666491e-01
1.090977992765488161e+05 3.277544199607925125e-15 2.903637252105127082e-08 2.156089508441143554e-01
1.146913630576689611e+05 2.798017486311299931e-15 2.618751107777473291e-08 2.138517584829168205e-01
1.205717149864963576e+05 2.388648749463190903e-15 2.361816153003899147e-08 2.121088870716698604e-01
1.267535590057915979e+05 2.039173406251283022e-15 2.130089997489039435e-08 2.103802198960003089e-01
1.332523529455816897e+05 1.740828651218385191e-15 1.921099316571303299e-08 2.086656411927475807e-01
1.400843471757866791e+05 1.486133736156306467e-15 1.732613452239695795e-08 2.069650361422022689e-01
1.472666252406089625e+05 1.268702396526007491e-15 1.562620604248461160e-08 2.052782908604291467e-01
1.548171465762921434e+05 1.083082721151242053e-15 1.409306357205878152e-08 2.036052923916376878e-01
1.627547914190663723e+05 9.246204500507793142e-16 1.271034314446489647e-08 2.019459287006161452e-01
1.710994080155731353e+05 7.893422727155839594e-16 1.146328631983046578e-08 2.003000886653187318e-01
1.798718622538203781e+05 6.738562006294557449e-16 1.033858266113039933e-08 1.986676620690562278e-01
1.890940898387710622e+05 5.752665159619214217e-16 9.324227665507932745e-09 1.970485395935856476e-01
1.987891511430313694e+05 4.911011638358326224e-16 8.409394634441824851e-09 1.954426128117735251e-01
2.089812888697938761e+05 4.192497675929107074e-16 7.584319115179255016e-09 1.938497741799737328e-01
2.196959886722229712e+05 3.579107128432467430e-16 6.840194680039339774e-09 1.922699170308371508e-01
2.309600428808625729e+05 3.055459734740857815e-16 6.169078931185328674e-09 1.907029355666064463e-01
2.428016174984180834e+05 2.608425469149680808e-16 5.563808727585393586e-09 1.891487248515957842e-01
2.552503226294341730e+05 2.226795316840258832e-16 5.017923729372934072e-09 1.876071808056745116e-01
2.683372865209793090e+05 1.901000217083415904e-16 4.525597443520634063e-09 1.860782001964410570e-01
2.820952333994774381e+05 1.622871126960625502e-16 4.081575034891953867e-09 1.845616806331727699e-01
2.965585652983192704e+05 1.385434189357013624e-16 3.681117238853084624e-09 1.830575205595375010e-01
3.117634480808650260e+05 1.182735869258430882e-16 3.319949776825099397e-09 1.815656192469535801e-01
3.277479018739408348e+05 1.009693673778239420e-16 2.994217734850693039e-09 1.800858767875239130e-01
3.445518961379595567e+05 8.619687128513377841e-17 2.700444418249018781e-09 1.786181940878401875e-01
3.622174496113909991e+05 7.358569051482869966e-17 2.435494243178096673e-09 1.771624728619339839e-01
3.807887353794944938e+05 6.281961012989722570e-17 2.196539269044628521e-09 1.757186156251734355e-01
4.003121913300411543e+05 5.362867956067147894e-17 1.981029014528940896e-09 1.742865256869395307e-01
4.208366362722213962e+05 4.578244381768958329e-17 1.786663235077256134e-09 1.728661071449540676e-01
4.424133920090965694e+05 3.908416502307605555e-17 1.611367371282570484e-09 1.714572648783753983e-01
4.650964116688389913e+05 3.336588937094271672e-17 1.453270406117137126e-09 1.700599045418963451e-01
4.889424146156553179e+05 2.848423582430854066e-17 1.310684894664549782e-09 1.686739325586503746e-01
5.140110282777408138e+05 2.431680095425229306e-17 1.182088953212576224e-09 1.672992561147222390e-01
5.403649372469085502e+05 2.075908977498711905e-17 1.066110015454806149e-09 1.659357831525474780e-01
5.680700400227193022e+05 1.772189561845383698e-17 9.615101824309600506e-10 1.645834223648195982e-01
5.971956137930564582e+05 1.512906335083802231e-17 8.671730098363562567e-10 1.632420831884486279e-01
6.278144876631795196e+05 1.291557984548334603e-17 7.820915916741201765e-10 1.619116757981347576e-01
6.600032247664229944e+05 1.102594383253022021e-17 7.053578130653826614e-10 1.605921111010880364e-01
6.938423137119094608e+05 9.412774250365959386e-18 6.361526575006174073e-10 1.592833007303189885e-01
7.294163698479967425e+05 8.035622204694366347e-18 5.737374650838061184e-10 1.579851570391660187e-01
7.668143468447235646e+05 6.859956745912374335e-18 5.174460484595199238e-10 1.566975930950674223e-01
8.061297591243179049e+05 5.856299034105502886e-18 4.666775822758260098e-10 1.554205226741656176e-01
8.474609156959623797e+05 4.999483181479397276e-18 4.208901902858922829e-10 1.541538602552485759e-01
8.909111659795242595e+05 4.268025238522180463e-18 3.795951616424386161e-10 1.528975210140929020e-01
9.365891582329371013e+05 3.643584501722863231e-18 3.423517346519133370e-10 1.516514208177877354e-01
9.846091112294379855e+05 3.110503635585743067e-18 3.087623923130389158e-10 1.504154762190941796e-01
1.035091099863994634e+06 2.655416077880780929e-18 2.784686194267488692e-10 1.491896044508614627e-01
1.088161355403086869e+06 2.266910884140446699e-18 2.511470759911093581e-10 1.479737234204820673e-01
1.143952581128624268e+06 1.935246607656165457e-18 2.265061460380309597e-10 1.467677517043975977e-01
1.202604284165272489e+06 1.652107040751524864e-18 2.042828250758452892e-10 1.455716085426437822e-01
1.264263124320930336e+06 1.410392692746536916e-18 1.842399129159240668e-10 1.443852138334413560e-01
1.329083280812643003e+06 1.204042776095700200e-18 1.661634819210684144e-10 1.432084881278948840e-01
1.397226837794951163e+06 1.027883237146146555e-18 1.498605936528347336e-10 1.420413526244197200e-01
1.468864189654704416e+06 8.774970210211741228e-19 1.351572395470637991e-10 1.408837291638508349e-01
1.544174467085782439e+06 7.491133176166001487e-19 1.218964836366564181e-10 1.397355402239467970e-01
1.623345985009134281e+06 6.395130116538641621e-19 1.099367874985905172e-10 1.385967089142621234e-01
1.706576713458170416e+06 5.459479660244296733e-19 9.915049954628670927e-11 1.374671589710060593e-01
1.794074772606963990e+06 4.660721145225674723e-19 8.942249254285550457e-11 1.363468147519294738e-01
1.886058953179090517e+06 3.978826361740047247e-19 8.064893479276817285e-11 1.352356012313198075e-01
1.982759263538399944e+06 3.396697361540301960e-19 7.273618189616073999e-11 1.341334439946715029e-01
2.084417504829733167e+06 2.899737740970365689e-19 6.559977723733298648e-11 1.330402692343809756e-01
2.191287875607731752e+06 2.475486648179693956e-19 5.916355053842740899e-11 1.319560037438806677e-01
2.303637607465630397e+06 2.113306337583076973e-19 5.335880485768788483e-11 1.308805749137125218e-01
2.421747633253435604e+06 1.804115437160115272e-19 4.812358335374507953e-11 1.298139107256996716e-01
2.545913289556382690e+06 1.540161240572849382e-19 4.340200799066873951e-11 1.287559397490834201e-01
2.676445055190230254e+06 1.314825314445885366e-19 3.914368312464039541e-11 1.277065911347858851e-01
2.813669327560023405e+06 1.122457546630828382e-19 3.530315760718667827e-11 1.266657946116097888e-01
2.957929238823618274e+06 9.582344743026925423e-20 3.183943966307664111e-11 1.256334804806549521e-01
3.109585513900805730e+06 8.180383396220809829e-20 2.871555936549790016e-11 1.246095796112932363e-01
