# [1] k:    [h/Mpc] 
# [2] P:    [Mpc^3/h^3] 
# [3] T:    [Mpc^3/h^3] 
# [4] Delta_k 
3.059023205018257859e-07 8.523280027524849922e-01 3.700445245695901394e+04 1.236019522896093275e-21
3.215862678579245412e-07 8.936961745340946672e-01 3.698677660744016612e+04 1.505749211874894753e-21
3.380743483904743061e-07 9.370721715120243767e-01 3.696910920117946807e+04 1.834340515720707502e-21
3.554077908890640533e-07 9.825534444969932224e-01 3.695145023407656117e+04 2.234638478359088268e-21
3.736299379885273404e-07 1.030242174123731091e+00 3.693379970203314588e+04 2.722291246444455821e-21
3.927863545481053003e-07 1.080245500427132743e+00 3.691615760115442390e+04 3.316361774964568815e-21
4.129249415873286729e-07 1.132675763526760138e+00 3.689852392734591558e+04 4.040073021874790982e-21
4.340960560635169786e-07 1.187650756030587340e+00 3.688089867658228468e+04 4.921715762525568968e-21
4.563526367904018199e-07 1.245293987670551550e+00 3.686328184484010853e+04 5.995754511350892902e-21
4.797503368127355169e-07 1.305734962786050390e+00 3.684567342809787806e+04 7.304174782726052407e-21
5.043476625678916271e-07 1.369109471275264722e+00 3.682807342233602685e+04 8.898124357094530614e-21
5.302061201824328858e-07 1.435559893662702535e+00 3.681048182346993417e+04 1.083991271146462158e-20
5.573903692694645323e-07 1.505235520999490317e+00 3.679289862761781114e+04 1.320544677473666752e-20
5.859683846113473662e-07 1.578292890237961155e+00 3.677532383069884963e+04 1.608719822401977530e-20
6.160116261320592563e-07 1.654896135929998735e+00 3.675775742863427877e+04 1.959781831789802872e-20
6.475952175842278093e-07 1.735217358999253445e+00 3.674019941754786851e+04 2.387454157488254328e-20
6.807981343976415384e-07 1.819437013356895561e+00 3.672264979336466058e+04 2.908455044152782435e-20
7.157034011589609116e-07 1.907744311335252130e+00 3.670510855201172672e+04 3.543151066291644638e-20
7.523982992164306405e-07 2.000337648803973245e+00 3.668757568961838115e+04 4.316353283110859093e-20
7.909745849287134463e-07 2.097425050856011275e+00 3.667005120211550820e+04 5.258287133695794727e-20
8.315287191035797356e-07 2.199224639194632402e+00 3.665253508550268452e+04 6.405773987170826566e-20
8.741621082001717898e-07 2.305965122162164427e+00 3.663502733571475983e+04 7.803670535907892257e-20
9.189813578979717484e-07 2.417886308610257995e+00 3.661752794895505940e+04 9.506622299725418933e-20
9.660985396665287929e-07 2.535239646583234752e+00 3.660003692102897185e+04 1.158119978713239519e-19
1.015631471002508262e-06 2.658288788308842410e+00 3.658255424794381543e+04 1.410850081977722006e-19
1.067704010034801725e-06 2.787310182529612490e+00 3.656507992584182648e+04 1.718732074750478298e-19
1.122446365234364056e-06 2.922593695538936664e+00 3.654761395066748082e+04 2.093801448156083719e-19
1.179995421003214005e-06 3.064443262436252979e+00 3.653015631836724788e+04 2.550720131827989254e-19
1.240495079956737545e-06 3.213177569998627803e+00 3.651270702508891554e+04 3.107349647057510085e-19
1.304096622755184042e-06 3.369130772593997847e+00 3.649526606678274402e+04 3.785449335889575520e-19
1.370959086384113674e-06 3.532653242953091688e+00 3.647783343946737295e+04 4.611526960976567101e-19
1.441249661829700436e-06 3.704112359311354297e+00 3.646040913909704977e+04 5.617874927056454960e-19
1.515144112143284134e-06 3.883893330833541047e+00 3.644299316182688926e+04 6.843832631411294054e-19
1.592827211940548929e-06 4.072400062966151424e+00 3.642558550361488597e+04 8.337324289864767517e-19
1.674493209434307728e-06 4.270056064909272031e+00 3.640818616042107897e+04 1.015673235418989769e-18
1.760346312156213177e-06 4.477305401143315322e+00 3.639079512840608368e+04 1.237317975509579225e-18
1.850601197581954108e-06 4.694613689013949376e+00 3.637341240359986114e+04 1.507331018615606998e-18
1.945483549936765273e-06 4.922469144787127604e+00 3.635603798183587060e+04 1.836267511371514768e-18
2.045230624523543909e-06 5.161383680657833040e+00 3.633867185934642475e+04 2.236985991589058348e-18
2.150091840984688092e-06 5.411894054668196397e+00 3.632131403210110147e+04 2.725151044483762436e-18
2.260329406981118614e-06 5.674563076681311102e+00 3.630396449607148679e+04 3.319845650865521222e-18
2.376218973848010330e-06 5.949980872884275129e+00 3.628662324742920464e+04 4.044317164701804390e-18
2.498050325866710336e-06 6.238766211453314448e+00 3.626929028208362433e+04 4.926886081097685421e-18
2.626128104876382668e-06 6.541567892880546076e+00 3.625196559621002962e+04 6.002053119884875458e-18
2.760772572037287162e-06 6.859066207475833288e+00 3.623464918585350824e+04 7.311847901712589971e-18
2.902320408650496801e-06 7.191974463705792964e+00 3.621734104686341743e+04 8.907471938271627594e-18
3.051125558036519890e-06 7.541040590964781742e+00 3.620004117545353074e+04 1.085130016348614882e-17
3.207560110577962700e-06 7.907048819731691935e+00 3.618274956770756398e+04 1.321931924731393677e-17
3.372015234139298021e-06 8.290821443436104943e+00 3.616546621954659349e+04 1.610409800936046778e-17
3.544902152190277809e-06 8.693220666038289579e+00 3.614819112712397327e+04 1.961840604978625096e-17
3.726653172078803499e-06 9.115150538928642021e+00 3.613092428643043968e+04 2.389962205333561339e-17
3.917722766024474580e-06 9.557558992137614950e+00 3.611366569355729735e+04 2.911510409371435017e-17
4.118588707535861475e-06 1.002143996396282333e+01 3.609641534459764080e+04 3.546873186938368042e-17
4.329753266093139866e-06 1.050783563394640296e+01 3.607917323554796167e+04 4.320887661506047330e-17
4.551744463083409039e-06 1.101783876443781374e+01 3.606193936257073801e+04 5.263811024362795482e-17
4.785117392129195949e-06 1.155259515542267401e+01 3.604471372160067403e+04 6.412503325866418567e-17
5.030455607111644826e-06 1.211330621899011639e+01 3.602749630877119489e+04 7.811868380899110788e-17
5.288372581359179674e-06 1.270123167835729916e+01 3.601028712018473016e+04 9.516609114952299847e-17
5.559513241650373021e-06 1.331769239797711180e+01 3.599308615184731752e+04 1.159336596966628651e-16
5.844555580866815540e-06 1.396407335119776150e+01 3.597589339986515552e+04 1.412332196091149263e-16
6.144212353328471540e-06 1.464182673175459115e+01 3.595870886034626164e+04 1.720537622411243418e-16
6.459232857050738118e-06 1.535247521626230949e+01 3.594153252930239250e+04 2.096001010470542174e-16
6.790404807379771878e-06 1.609761538535575909e+01 3.592436440291067265e+04 2.553399692447653057e-16
7.138556306691162195e-06 1.687892131031805576e+01 3.590720447712131136e+04 3.110613953332195452e-16
7.504557915077204533e-06 1.769814831450662851e+01 3.589005274808247486e+04 3.789425993621006213e-16
7.889324827200587103e-06 1.855713691676315591e+01 3.587290921191147936e+04 4.616371422681403348e-16
8.293819160757753291e-06 1.945781696634325897e+01 3.585577386462958384e+04 5.623776568795509456e-16
8.719052362274285227e-06 2.040221197885320237e+01 3.583864670239045518e+04 6.851022155713063058e-16
9.166087736248057605e-06 2.139244368211014091e+01 3.582152772121915768e+04 8.346082744186793096e-16
9.636043103964330830e-06 2.243073678321856690e+01 3.580441691727301077e+04 1.016740211748581975e-15
1.013009359863121538e-05 2.351942396645388200e+01 3.578731428661344398e+04 1.238617792169129256e-15
1.064947460382478790e-05 2.466095113409931017e+01 3.577021982530380774e+04 1.508914487051383559e-15
1.119548484259151579e-05 2.585788290168041215e+01 3.575313352950691478e+04 1.838196531353236851e-15
1.176948962493235138e-05 2.711290835945377964e+01 3.573605539525733911e+04 2.239335970904399991e-15
1.237292426178888029e-05 2.842884711417591959e+01 3.571898541868908069e+04 2.728013846753735243e-15
1.300729765406831334e-05 2.980865562365451993e+01 3.570192359593794390e+04 3.323333186617852471e-15
1.367419606568169201e-05 3.125543383876979320e+01 3.568486992307662877e+04 4.048565766049275927e-15
1.437528709002991615e-05 3.277243216814178339e+01 3.566782439621218509e+04 4.932061831184348810e-15
1.511232381985586521e-05 3.436305878055852503e+01 3.565078701142111095e+04 6.008358345211829641e-15
1.588714923088939049e-05 3.603088726213003667e+01 3.563375776484663947e+04 7.319529081371636836e-15
1.670170079024660794e-05 3.777966464478924280e+01 3.561673665263378643e+04 8.916829339221731427e-15
1.755801530110687162e-05 3.961331982435794430e+01 3.559972367083224526e+04 1.086269957817575330e-14
1.845823399578163895e-05 4.153597238789038926e+01 3.558271881562313501e+04 1.323320629305807393e-14
1.940460788991057802e-05 4.355194186847129600e+01 3.556572208309225971e+04 1.612101554814792520e-14
2.039950341117315543e-05 4.566575744990256425e+01 3.554873346932734421e+04 1.963901540925048848e-14
2.144540831659045798e-05 4.788216814246761288e+01 3.553175297051497910e+04 2.392472887911750876e-14
2.254493791321357228e-05 5.020615345173172983e+01 3.551478058271427290e+04 2.914568984291453864e-14
2.370084159775344190e-05 5.264293456644456626e+01 3.549781630211545416e+04 3.550599217708879770e-14
2.491600973150475266e-05 5.519798608802493334e+01 3.548086012478140037e+04 4.325426803317483879e-14
2.619348086775470484e-05 5.787704833073427579e+01 3.546391204687373101e+04 5.269340717911271072e-14
2.753644934974891994e-05 6.068614021791191959e+01 3.544697206455584092e+04 6.419239733797472551e-14
2.894827329821342076e-05 6.363157280417834016e+01 3.543004017392846436e+04 7.820074837805888941e-14
3.043248300840562692e-05 6.671996345449510102e+01 3.541311637112647441e+04 9.526606421459853621e-14
3.199278977769132648e-05 6.995825071073323898e+01 3.539620065222217818e+04 1.160554493293491174e-13
3.363309518572123809e-05 7.335370988117469437e+01 3.537929301348292211e+04 1.413815867184965109e-13
3.535750085041236633e-05 7.691396938411428152e+01 3.536239345098469494e+04 1.722345066823559975e-13
3.717031868412924126e-05 8.064702788717838189e+01 3.534550196085364587e+04 2.098202883459846058e-13
3.907608167571078754e-05 8.456127227752524789e+01 3.532861853924995376e+04 2.556082067967031578e-13
4.107955522530357004e-05 8.866549650406422245e+01 3.531174318231953657e+04 3.113881688795085464e-13
4.318574906034433776e-05 9.296892133447333606e+01 3.529487588621016039e+04 3.793406828883710188e-13
4.539992976248807967e-05 9.748121507106515082e+01 3.527801664707141754e+04 4.621220973552705882e-13
4.772763393680535859e-05 1.022125152721079644e+02 3.526116546105475572e+04 5.629684410276558932e-13
5.017468205617894183e-05 1.071734515274005020e+02 3.524432232431345619e+04 6.858219232686014213e-13
5.274719301551768723e-05 1.123751693392724604e+02 3.522748723300264101e+04 8.354850399380333393e-13
5.545159943218107865e-05 1.178293551627668023e+02 3.521066018329525832e+04 1.017808308947142257e-12
5.829466373087315435e-05 1.235482626605136858e+02 3.519384117130208324e+04 1.239918974296396097e-12
6.128349505322671351e-05 1.295447402335315985e+02 3.517703019323175977e+04 1.510499618942959121e-12
6.442556703436033705e-05 1.358322598861766153e+02 3.516022724524672958e+04 1.840127577790815267e-12
6.772873649085907528e-05 1.424249474931074246e+02 3.514343232347929734e+04 2.241688418903902859e-12
7.120126306690828879e-05 1.493376145358443523e+02 3.512664542411158618e+04 2.730879656442589473e-12
7.485182988770643921e-05 1.565857913784054460e+02 3.510986654329558223e+04 3.326824386063311538e-12
7.868956527180084881e-05 1.641857621594791112e+02 3.509309567724896624e+04 4.052818830597289089e-12
8.272406555663884206e-05 1.721546013758067488e+02 3.507633282209546451e+04 4.937243018428618117e-12
8.696541909440986997e-05 1.805102122440751202e+02 3.505957797402447613e+04 6.014670194233585789e-12
9.142423147818073699e-05 1.892713669225239528e+02 3.504283112921128486e+04 7.327218330224251208e-12
9.611165206140254191e-05 1.984577486856088058e+02 3.502609228383297159e+04 8.926196570220262154e-12
1.010394018371016720e-04 2.080899961454933589e+02 3.500936143406847987e+04 1.087411096808057375e-11
1.062198027464676133e-04 2.181897496198474187e+02 3.499263857609854313e+04 1.324710792731426364e-11
1.116658084901241013e-04 2.287796997501301348e+02 3.497592370610574289e+04 1.613795085897380782e-11
1.173910369191279803e-04 2.398836384796980497e+02 3.495921682028242503e+04 1.965964641910867599e-11
1.234098040866900780e-04 2.515265125056165232e+02 3.494251791479891108e+04 2.394986207987355176e-11
1.297371600457651012e-04 2.637344793258686195e+02 3.492582698585119215e+04 2.917630772277981816e-11
1.363889264820232711e-04 2.765349660057569281e+02 3.490914402962913300e+04 3.554329162712412573e-11
1.433817362763056455e-04 2.899567307971035461e+02 3.489246904232441011e+04 4.329970713547254584e-11
1.507330750954898936e-04 3.040299277480641535e+02 3.487580202013053349e+04 5.274876220487491296e-11
1.584613251157653230e-04 3.187861744489585476e+02 3.485914295925074111e+04 6.425983218413562551e-11
1.665858109876483387e-04 3.342586230654481483e+02 3.484249185586631938e+04 7.828289915682232871e-11
1.751268481576742783e-04 3.504820348208007204e+02 3.482584870618415880e+04 9.536614230234699768e-11
1.841057936675958640e-04 3.674928580917334671e+02 3.480921350640501623e+04 1.161773669037511041e-10
1.935450995581117185e-04 3.853293102954085043e+02 3.479258625273147481e+04 1.415301096892176200e-10
2.034683690106629794e-04 4.040314637507104294e+02 3.477596694136795122e+04 1.724154409975301769e-10
2.139004153676812446e-04 4.236413357070310326e+02 3.475935556852853915e+04 2.100407069538988530e-10
2.248673241788693637e-04 4.442029827415885848e+02 3.474275213040150993e+04 2.558767261355425742e-10
2.363965184286629729e-04 4.657625997408990770e+02 3.472615662321646232e+04 3.117152857052784073e-10
2.485168271079757005e-04 4.883686236829051381e+02 3.470956904317317822e+04 3.797391846057559102e-10
2.612585573016925852e-04 5.120718424592556630e+02 3.469298938648907642e+04 4.626075618934638359e-10
2.746535699721688829e-04 5.369255089775667784e+02 3.467641764937940752e+04 5.635598458009979660e-10
2.887353596282311993e-04 5.629854608023222227e+02 3.465985382806124835e+04 6.865423870273571924e-10
3.035391380788964293e-04 5.903102456026517757e+02 3.464329791875741648e+04 8.363627265093805914e-10
3.191019224812350285e-04 6.189612526880822543e+02 3.462674991768071777e+04 1.018877528192832935e-09
3.354626279025451924e-04 6.490028509298144854e+02 3.461020982105758594e+04 1.241221523332318118e-09
3.526621646282911485e-04 6.805025333747560126e+02 3.459367762511328328e+04 1.512086416034791523e-09
3.707435404591257876e-04 7.135310688790054883e+02 3.457715332607342862e+04 1.842060652814541329e-09
3.897519682527942697e-04 7.481626611009722865e+02 3.456063692016518326e+04 2.244043338174817735e-09
4.097349789798286580e-04 7.844636054623739483e+02 3.454387498850384145e+04 2.733708367378639038e-09
4.307425405757319271e-04 8.225329142257572812e+02 3.452726890535917482e+04 3.330250025220476059e-09
4.528271828868440083e-04 8.624667787052005679e+02 3.451101266146571288e+04 4.057047593693133115e-09
4.760441290223192071e-04 9.043441315880240836e+02 3.449485379553480743e+04 4.942488005130590793e-09
5.004514334406633081e-04 9.482544682461024195e+02 3.447869550325188902e+04 6.021171112391697185e-09
5.261101271161193775e-04 9.942918631826354385e+02 3.446245806656236527e+04 7.335236642524669709e-09
5.530843701478924991e-04 1.042547757989359525e+03 3.444595407416619855e+04 8.935942689735020805e-09
5.814416121938181326e-04 1.093118001166106069e+03 3.442902253066197591e+04 1.088568178331246343e-08
6.112527611296385451e-04 1.146105981400825613e+03 3.441157022308908927e+04 1.326042793808527148e-08
6.425923603556274889e-04 1.201619097842915835e+03 3.439350548794515635e+04 1.615264897194620896e-08
6.755387751939181127e-04 1.259763473140159249e+03 3.437466452329790627e+04 1.967479052096642477e-08
7.101743888426273075e-04 1.320653841078111782e+03 3.435495569524962048e+04 2.396372220036252961e-08
7.465858083767621441e-04 1.384402383715970927e+03 3.433420481223432580e+04 2.918581251098261484e-08
7.848640813110194670e-04 1.451131881268918278e+03 3.431232896583789989e+04 3.554352576533732223e-08
8.251049232659968648e-04 1.520968716294668411e+03 3.428923743118590937e+04 4.328307187861683121e-08
8.674089573071004124e-04 1.594027442052969718e+03 3.426466687058560638e+04 5.270329407350414927e-08
9.118819655546198935e-04 1.670450060892953388e+03 3.423862348955479683e+04 6.416816730332272959e-08
9.586351536941296880e-04 1.750356901162092527e+03 3.421084366844484612e+04 7.811904446736412714e-08
1.007785429048626679e-03 1.833897417329577593e+03 3.418132779356582614e+04 9.509321319715679995e-08
1.059455692907732439e-03 1.921207334836617747e+03 3.414990175453279517e+04 1.157425088267542984e-07
1.113775147844932919e-03 2.012414821123426464e+03 3.411630788490641862e+04 1.408576165084038522e-07
1.170879620791311689e-03 2.107668959864176486e+03 3.408045640470170474e+04 1.713994405411838485e-07
1.230911902673626282e-03 2.207111405119563642e+03 3.404217192835747846e+04 2.085333056372790285e-07
1.294022105466001958e-03 2.310886373005722362e+03 3.400128730827801337e+04 2.536728198498757252e-07
1.360368037548055848e-03 2.419137265451961412e+03 3.395762053100610501e+04 3.085318681694433002e-07
1.430115598308045934e-03 2.531997464228514218e+03 3.391091897580435761e+04 3.751862864392350102e-07
1.503439192977754080e-03 2.649636925139675895e+03 3.386117627352715499e+04 4.561568797558624343e-07
1.580522168736409397e-03 2.772175095693810817e+03 3.380804958017855824e+04 5.544886894505471939e-07
1.661557273174137529e-03 2.899739730465688353e+03 3.375127847141942766e+04 6.738686081560432332e-07
1.746747136261333697e-03 3.032484760466380067e+03 3.369077203550692502e+04 8.187645027630254701e-07
1.836304777029133936e-03 3.170533990507137332e+03 3.362627708064932813e+04 9.945736855758702962e-07
1.930454136227949345e-03 3.313985597537731337e+03 3.355743979642886552e+04 1.207811999366773855e-06
2.029430636295988157e-03 3.463000292586107207e+03 3.348426007016294898e+04 1.466376269520244722e-06
2.133481770037976965e-03 3.617627869195330732e+03 3.340621858917688223e+04 1.779758019532971934e-06
2.242867719486086112e-03 3.777997533280782591e+03 3.332323371608289017e+04 2.159448793316205757e-06
2.357862006490532136e-03 3.944189448637783244e+03 3.323503331587851426e+04 2.619287554207021224e-06
2.478752176666675511e-03 4.116278247818376258e+03 3.314137538531369501e+04 3.175954769320826747e-06
2.605840518408833982e-03 4.294270520610659332e+03 3.304180749380068301e+04 3.849489652945641449e-06
2.739444818768723561e-03 4.478248934827423909e+03 3.293624945730476611e+04 4.664081820795174695e-06
2.879899158088616417e-03 4.668210351522216115e+03 3.282435245291371393e+04 5.648752139774779500e-06
3.027554745376210416e-03 4.864130350234479010e+03 3.270577855309133520e+04 6.838352417410853449e-06
3.182780796510085389e-03 5.065978152002116985e+03 3.258025481197834961e+04 8.274728603671904911e-06
3.345965457471714814e-03 5.273674957064972659e+03 3.244743944161281615e+04 1.000801567612192473e-05
3.517516774912597243e-03 5.487166767799186346e+03 3.230715847371601558e+04 1.209837245324832718e-05
3.697863716483424691e-03 5.706282824498276568e+03 3.215897955883078248e+04 1.461760614304405288e-05
3.887457243476651579e-03 5.930869486237880665e+03 3.200263420892337308e+04 1.765165791708614795e-05
4.086771438464619106e-03 6.160712572755969632e+03 3.183779254437598138e+04 2.130307296440753887e-05
4.296304690752923532e-03 6.395538190158834368e+03 3.166408583096029906e+04 2.569405068221276516e-05
4.516580942613284376e-03 6.635112614374019358e+03 3.148136001165948619e+04 3.097048100251828220e-05
4.748150999412126434e-03 6.878996271131740286e+03 3.128908078743772421e+04 3.730515926444543886e-05
4.991593906910903912e-03 7.126845479208787765e+03 3.108707563683603439e+04 4.490403207449829249e-05
5.247518399182111472e-03 7.378149363354237721e+03 3.087492069949181314e+04 5.401067585706914863e-05
5.516564420761540903e-03 7.632445134090546162e+03 3.065242975245373236e+04 6.491424828984890857e-05
5.799404726842954938e-03 7.889137678706521910e+03 3.041926798048102137e+04 7.795609009174151837e-05
6.096746565516493986e-03 8.147453593622401058e+03 3.017490210622531231e+04 9.353767727372283146e-05
6.409333446257287764e-03 8.406734264762750172e+03 2.991916802996198021e+04 1.121337065253919484e-04
6.737946999086424568e-03 8.666144921760191210e+03 2.965171092760148531e+04 1.343009169182142460e-04
7.083408929053131541e-03 8.924878473154116364e+03 2.937236188822150507e+04 1.606939454304933616e-04
7.446583070925409317e-03 9.181779086195252603e+03 2.908051312673897701e+04 1.920738379553527998e-04
7.828377549226901017e-03 9.435916961232240283e+03 2.877607997053491272e+04 2.293346397850782789e-04
8.229747049021221908e-03 9.686167063091581440e+03 2.845879354959059128e+04 2.735153313494881572e-04
8.651695203121895217e-03 9.931081745497742304e+03 2.812805591640685452e+04 3.258145302721176194e-04
9.095277101697147801e-03 1.016951729333975345e+04 2.778385724465563180e+04 3.876309122643069836e-04
9.561601930544914862e-03 1.039988237140365163e+04 2.742568690805192091e+04 4.605647161410267461e-04
1.005183574463506743e-02 1.062065180791589228e+04 2.705327309216395224e+04 5.464589957371082099e-04
1.056720438385422289e-02 1.083028894994566690e+04 2.666644878461548433e+04 6.474267280496310987e-04
1.110899653824396448e-02 1.102693359805268301e+04 2.626476216898666462e+04 7.658602207775647847e-04
1.167856697039719623e-02 1.120883704000079524e+04 2.584802121079256176e+04 9.044810676280718191e-04
1.227733990307029038e-02 1.137410488192120101e+04 2.541596296546977101e+04 1.066351358195868036e-03
1.290681258048182248e-02 1.152074477199521061e+04 2.496831089360609622e+04 1.254896261779773559e-03
1.356855901220299469e-02 1.164673450902069817e+04 2.450484186930925352e+04 1.473925790396591988e-03
1.426423390900143431e-02 1.175011331103861994e+04 2.402546349411621122e+04 1.727657577786690518e-03
1.499557682048000690e-02 1.182884172412326734e+04 2.353004667522955788e+04 2.020700773557889893e-03
1.576441648485692182e-02 1.188068742188198848e+04 2.301830785151801683e+04 2.358009384024049859e-03
1.657267540176381518e-02 1.190403798888686106e+04 2.249058190294581436e+04 2.745000549276973775e-03
1.742237463949622076e-02 1.189688929200219172e+04 2.194679874355860011e+04 3.187320412172376088e-03
1.831563888873704443e-02 1.185764661681003781e+04 2.138723559630363161e+04 3.690922952109276095e-03
1.925470177538994923e-02 1.178491271682021579e+04 2.081227318876301069e+04 4.261936931799018176e-03
2.024191144580758314e-02 1.167773672387479928e+04 2.022258192944714392e+04 4.906632153569825440e-03
2.127973643838054069e-02 1.153527272665531382e+04 1.961878591367524496e+04 5.631146938260945568e-03
2.237077185616915750e-02 1.135735324065001441e+04 1.900192905445657743e+04 6.441548763782002120e-03
2.351774585601286785e-02 1.114457976213562142e+04 1.837350046960948748e+04 7.343803272381700838e-03
2.472352647034336062e-02 1.089783245972601435e+04 1.773499419821995980e+04 8.343372559482135908e-03
2.599112877875953478e-02 1.061886270153807891e+04 1.708838109992757381e+04 9.445472493986648357e-03
2.732372244729698585e-02 1.031034317369572636e+04 1.643612401479662003e+04 1.065523359371155915e-02
2.872463965424410307e-02 9.975616802870779793e+03 1.578096872073491249e+04 1.197770974785639965e-02
3.019738342232343442e-02 9.618975708126568861e+03 1.512617514887220204e+04 1.341859443495882140e-02
3.174563637807315680e-02 9.245537451482065080e+03 1.447543831064917140e+04 1.498492361226332580e-02
3.337326996033158216e-02 8.861039740579912177e+03 1.383276232190187693e+04 1.668596114115150283e-02
3.508435410085083278e-02 8.471930745668956661e+03 1.320257678724105062e+04 1.853502229526285752e-02
3.688316740124613496e-02 8.084860352961682111e+03 1.258939024347453233e+04 2.055073745579193145e-02
3.877420783172848273e-02 7.702778426061107893e+03 1.199480157655158109e+04 2.274817003259452936e-02
4.076220397837305304e-02 7.333675651129097787e+03 1.142434067862763732e+04 2.516314562872146859e-02
4.285212686704739649e-02 6.986406623569900148e+03 1.088424118102706416e+04 2.785103017707073886e-02
4.504920239356542677e-02 6.666458336128946030e+03 1.037814520245593121e+04 3.087640625164719127e-02
4.735892439114896407e-02 6.376697715604818768e+03 9.907657933634372966e+03 3.431401837397467930e-02
4.978706836787243073e-02 6.116938210811696081e+03 9.471986418695298198e+03 3.824318156681440206e-02
5.233970594844135349e-02 5.884327916851022565e+03 9.068247903365239836e+03 4.274260240078477102e-02
5.502322005641668845e-02 5.673978468168029394e+03 8.692000114686021334e+03 4.788460946531462176e-02
5.784432087484844831e-02 5.481240981431645196e+03 8.339043909955416893e+03 5.374416685518563358e-02
6.081006262522850592e-02 5.309266240826360445e+03 8.011152436599233624e+03 6.048269233549839752e-02
6.392786120671870020e-02 5.130638355473155571e+03 7.687132663751365726e+03 6.790663132558115433e-02
6.720551273976151097e-02 4.940406204856898512e+03 7.363103997115440507e+03 7.597095994126241980e-02
7.065121306044198912e-02 4.727861427026414276e+03 7.030932129583769893e+03 8.446832198940086578e-02
7.427357821434696361e-02 4.485135036267820396e+03 6.684504633089458366e+03 9.309981611850791372e-02
7.808166600116696332e-02 4.210259526694302622e+03 6.321742930974420233e+03 1.015374703935825601e-01
8.208499862391337165e-02 3.908867214270616842e+03 5.945779340517353376e+03 1.095248235561958883e-01
8.629358649938589920e-02 3.593296066398894254e+03 5.564559118636301719e+03 1.169765528043850700e-01
9.071795328942874881e-02 3.280003429182485434e+03 5.189462040641820749e+03 1.240578604845354593e-01
9.536916221556676621e-02 2.986889011958530318e+03 4.833877765577988612e+03 1.312542113222958939e-01
1.002588437228218304e-01 2.730727280005181456e+03 4.511554592564463746e+03 1.394172983869664262e-01
1.053992245618834284e-01 2.523033337698706873e+03 4.233011788140555836e+03 1.496599153135100280e-01
1.108031583623540345e-01 2.365005923458063535e+03 4.000414849423568285e+03 1.629892311859245935e-01
1.164841577735182265e-01 2.246485694167008660e+03 3.805762424198198005e+03 1.798765328927353913e-01
1.224564282530043596e-01 2.148855431444835176e+03 3.633242412861045068e+03 1.999043393002306324e-01
1.287349035878279091e-01 2.048299632246999408e+03 3.462489383781475681e+03 2.213872890636826296e-01
1.353352832366376823e-01 1.921884801646607912e+03 3.273831432247019166e+03 2.413407843814058262e-01
1.422740715865399574e-01 1.762412107544350874e+03 3.060182326495726102e+03 2.571313367009982476e-01
1.495686192226629019e-01 1.585502966668580711e+03 2.833205193184785458e+03 2.687563727786655976e-01
1.572371663136570008e-01 1.416045144234848976e+03 2.613569059468348314e+03 2.788771833874342243e-01
1.652988882216175348e-01 1.276133741904543285e+03 2.421834476724382512e+03 2.919955605453710135e-01
1.737739434504778357e-01 1.177676152342828800e+03 2.270963911470714720e+03 3.130762402704569958e-01
1.826835240527691917e-01 1.109655566179137395e+03 2.151752525035412873e+03 3.427335325246207987e-01
1.920499086207905493e-01 1.046448798239143116e+03 2.039661723574728285e+03 3.755178252346709211e-01
2.018965179946938526e-01 9.675447294816514159e+02 1.914412894746246820e+03 4.033924795087112658e-01
2.122479738267836202e-01 8.706624190263501077e+02 1.772661920751376556e+03 4.217457523272127307e-01
2.231301601484726449e-01 7.749224481615065088e+02 1.632416845637606002e+03 4.361173175840364347e-01
2.345702880938428103e-01 7.003899771542972985e+02 1.514861189070464889e+03 4.579617277965337685e-01
2.465969639416541459e-01 6.488183861104939751e+02 1.423198190360896206e+03 4.928974635695648199e-01
2.592402606459418002e-01 6.027620923642039088e+02 1.338991146608966801e+03 5.320145856353245550e-01
2.725317930340656614e-01 5.481297849352556568e+02 1.246371103237619764e+03 5.620891231592370918e-01
2.865047968602461026e-01 4.897119769487499639e+02 1.149944721993111216e+03 5.834540751836041483e-01
3.011942119122611450e-01 4.416991193194093626e+02 1.066033368406058798e+03 6.114158000178860908e-01
3.166367693791155569e-01 4.052153026316787532e+02 9.966699907838933541e+02 6.516886153391204806e-01
3.328710836981453314e-01 3.699027015594572845e+02 9.295080293246269321e+02 6.911717384685956977e-01
3.499377491112247163e-01 3.321822335796941843e+02 8.598021474099335819e+02 7.211390972656988030e-01
3.678794411715154977e-01 2.991112105920783506e+02 7.963933063820643383e+02 7.544309622839365792e-01
3.867410234545784475e-01 2.720749917609056183e+02 7.414066876325434805e+02 7.972960458125960548e-01
4.065696597406806001e-01 2.458798328684386263e+02 6.879780342470697860e+02 8.371399485106736371e-01
4.274149319488126375e-01 2.208461109576234662e+02 6.364421387548817393e+02 8.735928803566763712e-01
4.493289641173122684e-01 1.994959226328524267e+02 5.904484561818969723e+02 9.168483890219936150e-01
4.723665527411103904e-01 1.798931473102360314e+02 5.472971925975069780e+02 9.605551276407212624e-01
4.965853037915104462e-01 1.615976575294441773e+02 5.063308298362501318e+02 1.002505832601163327e+00
5.220457767611225153e-01 1.455027218604336952e+02 4.689789294975307712e+02 1.048738319427051868e+00
5.488116360941387439e-01 1.307321069231936121e+02 4.339201653288685634e+02 1.094768901117128435e+00
5.769498103806052214e-01 1.173734574831456428e+02 4.013327333125766359e+02 1.141968860558683962e+00
6.065306597127584354e-01 1.053676981911692252e+02 3.711712344400935990e+02 1.191066552236204279e+00
6.376281516219051149e-01 9.446432561146384899e+01 3.430484094179320778e+02 1.240625023965827411e+00
6.703200460357783275e-01 8.466913878534298021e+01 3.170187855051632368e+02 1.291939043014598498e+00
7.046880897188601001e-01 7.582065998229927573e+01 2.928310588075624992e+02 1.344152714338585852e+00
7.408182206818726412e-01 6.786323646149902800e+01 2.704217209820866969e+02 1.397783124621458706e+00
7.788007830715680813e-01 6.069955440431301952e+01 2.496421825571947863e+02 1.452562742217627267e+00
8.187307530781540166e-01 5.425863193614000579e+01 2.303883794647206571e+02 1.508559378622543967e+00
8.607079764252394405e-01 4.847152708524389908e+01 2.125545628744029898e+02 1.565757297134270809e+00
9.048374180361511421e-01 4.327671047975070451e+01 1.960447123308777009e+02 1.624187472552014677e+00
9.512294245009160765e-01 3.861696942254941689e+01 1.807665365560364990e+02 1.683853387462185713e+00
1.000000000000213163e+00 3.443964390019915101e+01 1.666323042833416253e+02 1.744732742095513878e+00
1.051271096376248826e+00 3.069755980252801919e+01 1.535616365370392771e+02 1.806834129180629800e+00
1.105170918075884856e+00 2.734676103545922743e+01 1.414766225797402228e+02 1.870098574484922560e+00
1.161834242728533306e+00 2.434975563598360537e+01 1.303106677287439084e+02 1.934627616555262497e+00
1.221402758160433644e+00 2.166989668425654969e+01 1.199946871710929912e+02 2.000339858939595317e+00
1.284025416688019838e+00 1.927588916188325996e+01 1.104693347262122813e+02 2.067309692344577954e+00
1.349858807576296504e+00 1.713727084888713037e+01 1.016731525052523750e+02 2.135388764520144811e+00
1.419067548593566874e+00 1.522903977944025655e+01 9.355621660941308448e+01 2.204712609756216413e+00
1.491824697641596753e+00 1.352714675516937604e+01 8.606774449568449370e+01 2.275253750456855961e+00
1.568312185490513100e+00 1.200995200623731662e+01 7.916056548421263983e+01 2.346978339183598994e+00
1.648721270700491237e+00 1.065806226809949742e+01 7.279110454503755534e+01 2.419859967876899276e+00
1.733253017867778301e+00 9.454472571270494896e+00 6.692043678398522388e+01 2.493982836324706742e+00
1.822118800390913007e+00 8.383138366205875158e+00 6.150980665144345494e+01 2.569253523240318859e+00
1.915540829014322100e+00 7.430027740531793157e+00 5.652456036673551409e+01 2.645665498891750289e+00
2.013752707470925607e+00 6.582726438134161917e+00 5.193328687597347937e+01 2.723293680132583550e+00
2.117000016613148627e+00 5.829707550343023570e+00 4.770536485899398116e+01 2.802074074762894274e+00
2.225540928492967474e+00 5.160868490624564764e+00 4.381332010059739446e+01 2.882038698694414425e+00
2.339646851926517890e+00 4.566958581505727643e+00 4.023085251815552965e+01 2.963113319823189595e+00
2.459603111157505406e+00 4.039952453517831721e+00 3.693471540981393275e+01 3.045380860604343543e+00
2.585709659316432152e+00 3.572428533610253698e+00 3.390231351435457441e+01 3.128765987991287023e+00
2.718281828459663263e+00 3.157908651116745791e+00 3.111345738445933407e+01 3.213314750746317117e+00
2.857651118063815776e+00 2.790502728958827561e+00 2.854898343242415493e+01 3.298984906078761714e+00
3.004166023947120401e+00 2.465024556045776638e+00 2.619153662408958283e+01 3.385815580981811124e+00
3.158192909690492378e+00 2.176759909098470391e+00 2.402462124708379321e+01 3.473735537517350203e+00
3.320116922737311960e+00 1.921576355268407310e+00 2.203337563497592555e+01 3.562772077461772824e+00
3.490342957462647444e+00 1.695787277203432364e+00 2.020406851913660518e+01 3.652968596224661635e+00
3.669296667620093988e+00 1.496027032427523773e+00 1.852353190962533347e+01 3.744192590023764478e+00
3.857425530697870641e+00 1.319417774151380174e+00 1.698033184289869979e+01 3.836588678698510169e+00
4.055199966845619564e+00 1.163296826432338227e+00 1.556328285948677959e+01 3.930045932632127315e+00
4.263114515169814212e+00 1.025343375001987356e+00 1.426236461186391580e+01 4.024580187684148491e+00
4.481689070339116121e+00 9.034938981223111787e-01 1.306833963228227447e+01 4.120222328646564236e+00
4.711470182591849465e+00 7.958980701549617232e-01 1.197257200419859835e+01 4.216936404202831667e+00
4.953032424396282885e+00 7.009188801987692452e-01 1.096714390053193355e+01 4.314709197988537248e+00
5.206979827181080545e+00 6.171046297979733142e-01 1.004476997663067017e+01 4.413536769414545979e+00
5.473947391728498424e+00 5.431710816674835129e-01 9.198771787001398081e+00 4.513451258263259547e+00
5.754602676007100293e+00 4.779686810255448504e-01 8.422910297351956288e+00 4.614405212287070235e+00
6.049647464414390718e+00 4.204833043840949247e-01 7.711480496422677078e+00 4.716384655051006902e+00
6.359819522603354258e+00 3.698202512115403295e-01 7.059267868911630828e+00 4.819426072218478296e+00
6.685894442280875261e+00 3.251787408883640151e-01 6.461395436880436272e+00 4.923466087880361997e+00
7.028687580590986528e+00 2.858592774663664682e-01 5.913469004775124382e+00 5.028578911645552374e+00
7.389056098932435646e+00 2.512312492178383483e-01 5.411328995852808355e+00 5.134649558421594762e+00
7.767901106308653603e+00 2.207476843179101977e-01 4.951264405872926488e+00 5.241764184611878541e+00
8.166169912569634093e+00 1.939185052727870340e-01 4.529795532929102642e+00 5.349888735843745025e+00
8.584858397179985445e+00 1.703110696706974236e-01 4.143728962806982885e+00 5.458993080824133592e+00
9.025013499436326470e+00 1.495437795978905582e-01 3.790137885577674393e+00 5.569063788991299724e+00
9.487735836360851494e+00 1.312810030625977953e-01 3.466352361804621918e+00 5.680151223008552464e+00
9.974182454817173138e+00 1.152246495256482317e-01 3.169898768923891552e+00 5.792253756706601919e+00
1.048556972473016025e+01 1.011088771697072203e-01 2.898466397929394311e+00 5.905214043094223264e+00
1.102317638064432792e+01 8.870428606901933910e-02 2.650006013826936346e+00 6.019149545723523786e+00
1.158834671922626214e+01 7.780654888898154431e-02 2.422610327581976808e+00 6.134100025870867334e+00
1.218249396070650370e+01 6.823390248029105598e-02 2.214504280644153056e+00 6.249986563529338568e+00
1.280710378266622662e+01 5.982685604304918692e-02 2.024069590995435153e+00 6.366770954970077057e+00
1.346373803500505772e+01 5.244596175918195963e-02 1.849840602654179378e+00 6.484541466213499028e+00
1.415403864537935341e+01 4.596646649485778419e-02 1.690440042996893988e+00 6.603170484743857038e+00
1.487973172487657614e+01 4.028009909949414880e-02 1.544633350921941872e+00 6.722736553554571337e+00
1.564263188419211659e+01 3.529008191768937680e-02 1.411261216387785566e+00 6.843092352013138147e+00
1.644464677110120832e+01 3.091326573275053266e-02 1.289301381013657988e+00 6.964481579821729440e+00
1.728778184057202338e+01 2.707426548641091515e-02 1.177772139608970647e+00 7.086711654274524541e+00
1.817414536944768244e+01 2.370761895243240006e-02 1.075790823020353448e+00 7.209749736074830828e+00
1.910595372823652127e+01 2.075621596496975835e-02 9.825595641448069406e-01 7.333724727171031965e+00
2.008553692319280515e+01 1.816906826685691853e-02 8.973297286773517234e-01 7.458530203908232181e+00
2.111534442254602695e+01 1.590153831809753074e-02 8.194193755454223238e-01 7.584097515086867247e+00
2.219795128144734164e+01 1.391481297725141383e-02 7.482147689686298175e-01 7.710566981110226870e+00
2.333606458094873304e+01 1.217423558297914959e-02 6.831394588112019717e-01 7.837811499838114315e+00
2.453253019711569394e+01 1.064964316122293635e-02 6.236730524160427613e-01 7.965853981420325525e+00
2.579033991719975205e+01 9.314458416094607840e-03 5.693367087885604638e-01 8.094668459396473281e+00
2.711263892066493852e+01 8.145377242254324759e-03 5.196930569444206949e-01 8.224260020972455010e+00
2.850273364377471097e+01 7.121905851163957447e-03 4.743406651776403415e-01 8.354607090657752977e+00
2.996410004740484823e+01 6.225971070508329493e-03 4.329091092073679703e-01 8.485571021707967176e+00
3.150039230875619012e+01 5.441961641183905816e-03 3.950679911690255230e-01 8.617347825132549488e+00
3.311545195870102276e+01 4.755914619809572565e-03 3.605056383907827566e-01 8.749764584042303284e+00
3.481331748761120082e+01 4.155715065863901068e-03 3.289416368326969486e-01 8.882848476441798979e+00
3.659823444368765877e+01 3.630687568589710534e-03 3.001175122265029582e-01 9.016532277051858557e+00
3.847466604904231957e+01 3.171510862347209046e-03 2.737984159279208685e-01 9.150841624097655114e+00
4.044730436007814234e+01 2.769953952785600762e-03 2.497669872048890460e-01 9.285633912982328653e+00
4.252108200007410943e+01 2.418911197466911030e-03 2.278293409442377071e-01 9.421132358595821543e+00
4.470118449331276622e+01 2.111980936126128285e-03 2.078000363238223236e-01 9.556906703336688125e+00
4.699306323159186860e+01 1.843741566057285116e-03 1.895184852332184866e-01 9.693298161296414861e+00
4.940244910554343960e+01 1.609310797744685929e-03 1.728313199226126917e-01 9.830047636409275924e+00
5.193536683484541783e+01 1.404454746850393237e-03 1.576003908223184702e-01 9.967072557074349248e+00
5.459815003315897997e+01 1.225491398757297791e-03 1.437008971807891000e-01 1.010448792500103110e+01
5.739745704546173499e+01 1.069153922601359663e-03 1.310163190528330079e-01 1.024208669749861045e+01
6.034028759737834946e+01 9.326098784363251329e-04 1.194417652658743279e-01 1.037988155158592996e+01
6.343400029814058882e+01 8.133667470329685161e-04 1.088805598139671316e-01 1.051775310129917074e+01
6.668633104094334385e+01 7.092466066849089810e-04 9.924455821094324559e-02 1.065560216871772603e+01
7.010541234670704114e+01 6.183481120297139658e-04 9.045352996451011540e-02 1.079339180249921881e+01
7.369979369961600923e+01 5.390010654034358122e-04 8.243369045270808326e-02 1.093096991796108419e+01
7.747846292528217305e+01 4.697501106284789865e-04 7.511805038344829266e-02 1.106828004222358608e+01
8.145086866499057976e+01 4.093173516156280232e-04 6.844502253556906946e-02 1.120514744215741132e+01
8.562694400222423496e+01 3.565898531614895730e-04 6.235872321858793033e-02 1.134150199291951822e+01
9.001713130054676526e+01 3.105890944339733946e-04 5.680764113518628478e-02 1.147709475323533468e+01
9.463240831495036787e+01 2.704648210043122144e-04 5.174518908828664582e-02 1.161183141477574310e+01
9.948431564196151555e+01 2.354728536649439347e-04 4.712875207263558103e-02 1.174559322459816357e+01
1.045849855771433994e+02 2.049555703475379616e-04 4.291867548168255830e-02 1.187785468331318484e+01
1.099471724521542768e+02 1.783538244877093252e-04 3.908036324151702157e-02 1.200894567615820385e+01
1.155842845272200918e+02 1.551607957883139059e-04 3.558027566620911714e-02 1.213804167888848440e+01
1.215104175187690743e+02 1.349495449487750278e-04 3.238955285423032043e-02 1.226541431289622608e+01
1.277403898460648861e+02 1.173369683418378428e-04 2.948068719562188522e-02 1.239052857825222631e+01
1.342897796849734675e+02 1.019913463862794751e-04 2.682889368861605603e-02 1.251302948353971445e+01
1.411749639215168770e+02 8.862251576420903060e-05 2.441147774538380069e-02 1.263244422996039162e+01
1.484131591026187778e+02 7.697962643441900923e-05 2.220807234309350037e-02 1.274862324334742070e+01
1.560224644864394463e+02 6.684130027413107307e-05 2.019976605364420807e-02 1.286105363774370502e+01
1.640219072999485945e+02 5.801603014856732609e-05 1.836956320683866967e-02 1.296951811743879368e+01
1.724314903169036768e+02 5.033437238641454722e-05 1.670160028011187861e-02 1.307328298867975569e+01
1.812722418752032070e+02 4.365028480673213679e-05 1.518169381601117314e-02 1.317198593639481174e+01
1.905662684586848457e+02 3.783599604064778027e-05 1.379685830455749593e-02 1.326519138739394599e+01
2.003368099748494728e+02 3.277883172911965579e-05 1.253502731578635086e-02 1.335198980378497247e+01
2.106082978667353416e+02 2.838234966465254220e-05 1.138554052056143205e-02 1.343213474087083981e+01
2.214064162042512862e+02 2.456137620649664029e-05 1.033848161331495617e-02 1.350496811080021153e+01
2.327581659077297047e+02 2.124164536122552480e-05 9.384808581354261298e-03 1.356979203486135432e+01
2.446919322642916654e+02 1.835832214364846684e-05 8.516257140441050449e-03 1.362580585719759974e+01
2.572375559058498879e+02 1.585550866516333807e-05 7.725441236909342396e-03 1.367267724232571346e+01
2.704264074262317763e+02 1.368372632706444084e-05 7.005454626844742280e-03 1.370951006319370435e+01
2.842914658240042627e+02 1.180028405322654657e-05 6.350110701416369387e-03 1.373580728076526647e+01
2.988674009671481713e+02 1.016775949863763933e-05 5.753718749003091867e-03 1.375090129395424832e+01
3.141906602857868620e+02 8.753641461092370510e-06 5.211122766164756094e-03 1.375431056412603148e+01
3.302995599097462787e+02 7.529498347434637709e-06 4.717597443678382685e-03 1.374549190423158684e+01
3.472343804788374655e+02 6.470595433411703105e-06 4.268850176149165815e-03 1.372406174377811539e+01
3.650374678654371792e+02 5.555421001582164524e-06 3.860985834254652711e-03 1.368987759224635603e+01
3.837533390612260860e+02 4.765098477528738083e-06 3.490411180972528751e-03 1.364264697744442145e+01
4.034287934928555046e+02 4.083268942667969052e-06 3.153882973912556283e-03 1.358247513576363197e+01
4.241130300448911044e+02 3.495652381254356582e-06 2.848437089146856234e-03 1.350962655330585527e+01
4.458577700826506316e+02 2.989760213760767020e-06 2.571352534178587054e-03 1.342442324086786343e+01
4.687173867825576963e+02 2.554750776496759240e-06 2.320163789313342637e-03 1.332760122961865612e+01
4.927490410934046849e+02 2.181139155886302255e-06 2.092603718099413004e-03 1.321998604294051916e+01
5.180128246684984106e+02 1.860657275602757911e-06 1.886598258121762210e-03 1.310262103315894322e+01
5.445719101260938260e+02 1.586114473971824015e-06 1.700256451485613902e-03 1.297688617168993197e+01
5.724927090138447738e+02 1.351211081349933601e-06 1.531826919486569804e-03 1.284408992303301922e+01
6.018450378722650385e+02 1.150482268923834150e-06 1.379713754910668558e-03 1.270586513518718341e+01
6.327022928124463306e+02 9.791662421692287380e-07 1.242447870701059902e-03 1.256391287366442100e+01
6.651416330445650829e+02 8.331026701116141266e-07 1.118665267078572390e-03 1.241970220050523999e+01
6.992441738160994191e+02 7.086933326430227774e-07 1.007119477593226798e-03 1.227482121614582766e+01
7.350951892421985576e+02 6.028128976326375359e-07 9.066590910771858127e-04 1.213063502902009638e+01
7.727843255353874383e+02 5.127497588971500383e-07 8.162184660726765030e-04 1.198810774956949032e+01
8.124058251677936369e+02 4.361718673526031568e-07 7.348241818414067567e-04 1.184805320572063181e+01
8.540587625264155349e+02 3.710707678155316627e-07 6.615823598002514103e-04 1.171089967208063243e+01
8.978472916506958654e+02 3.157281964486080805e-07 5.956801944813502024e-04 1.157686738862604869e+01
9.438809066718714575e+02 2.686709609981439142e-07 5.363740663160821267e-04 1.144570612066862836e+01
9.922747156053346771e+02 2.286542953698831832e-07 4.830009891835907549e-04 1.131736697693567351e+01
1.043149728180628472e+03 1.946174895718609555e-07 4.349608834251258277e-04 1.119159724763745167e+01
1.096633158428801380e+03 1.656610154182717433e-07 3.917151416374658069e-04 1.106814137860347103e+01
1.152858742783748994e+03 1.410306434745941380e-07 3.527913063554141584e-04 1.094742651487840668e+01
1.211967074492957408e+03 1.200745485961223559e-07 3.177514514283298988e-04 1.082913296300321626e+01
1.274105955173854682e+03 1.022545376209021225e-07 2.862228403854304463e-04 1.071444019358050070e+01
1.339430764394840480e+03 8.709900728239058400e-08 2.578520129059991696e-04 1.060337871622337502e+01
1.408104848205140797e+03 7.420853909194446848e-08 2.323227797215642000e-04 1.049612809656482071e+01
1.480299927585014302e+03 6.324526037759855124e-08 2.093532839646012765e-04 1.039315483864348089e+01
1.556196527837648091e+03 5.391493113327170521e-08 1.886779911127274480e-04 1.029372684799080062e+01
1.635984429996447261e+03 4.597329866324668295e-08 1.700671681616152038e-04 1.019796280056939430e+01
1.719863145376471039e+03 3.921043263649952384e-08 1.533096157301390948e-04 1.010540127766108398e+01
1.808042414456641382e+03 3.345230236633260870e-08 1.382237005133684846e-04 1.001664115197471006e+01
1.900742731340188357e+03 2.854746528076263294e-08 1.246390747846472897e-04 9.931339479912624668e+00
1.998195895104759757e+03 2.436933391690452465e-08 1.124069593399256627e-04 9.849815715934925109e+00
2.100645589420852957e+03 2.080393681263467621e-08 1.013783140714008757e-04 9.769540658394838317e+00
2.208347991887921125e+03 1.776018123350800109e-08 9.143172828721077034e-05 9.689919834908385710e+00
2.321572414611807289e+03 1.516174752345347637e-08 8.246103729539720751e-05 9.610947913530367259e+00
2.440601977625289692e+03 1.294348210429519024e-08 7.437049259829073831e-05 9.532619605770767279e+00
2.565734316835632853e+03 1.104976380361528104e-08 6.707373992275917122e-05 9.454929666239948460e+00
2.697282328269386653e+03 9.433109199816340326e-09 6.049289751953724993e-05 9.377872892297705931e+00
2.835574950475434889e+03 8.052982014560852315e-09 5.455772489387531268e-05 9.301444123705017830e+00
2.980957987042702825e+03 6.874776699087021212e-09 4.920487309496877833e-05 9.225638242278321854e+00
3.133794971289250043e+03 5.868950728668472302e-09 4.437720856215199712e-05 9.150450171546886224e+00
3.294468075284922634e+03 5.010283848217568239e-09 4.002320331093592342e-05 9.075874876412308723e+00
3.463379065480592999e+03 4.277245695229030433e-09 3.609638495005841683e-05 9.001907362811508051e+00
3.640950307333554974e+03 3.651455943731555498e-09 3.255484065931383566e-05 8.928542677383981996e+00
3.827625821441170956e+03 3.117223432800217607e-09 2.936076983386581369e-05 8.855775907136727909e+00
4.023872393823642142e+03 2.661152723663866838e-09 2.648008062022759644e-05 8.783602179119565534e+00
4.230180743132199495e+03 2.271808220144570664e-09 2.388202603750971955e-05 8.712016660092979592e+00
4.447066747701334862e+03 1.939427430535046600e-09 2.153887580012233107e-05 8.641014556211386477e+00
4.675072735513344924e+03 1.655676181184077569e-09 1.942562033909654584e-05 8.570591112696051894e+00
4.914768840300775992e+03 1.413439643979885509e-09 1.751970386293690482e-05 8.500741613520705897e+00
5.166754427177720572e+03 1.206643937913905975e-09 1.580078360881313662e-05 8.431461381094770502e+00
5.431659591364801599e+03 1.030103831532924381e-09 1.425051271446955138e-05 8.362745775946681448e+00
5.710146733755425885e+03 8.793927275458831925e-10 1.285234439334950968e-05 8.294590196419026285e+00
6.002912217263044113e+03 7.507316695539914997e-10 1.159135532278429917e-05 8.226990078357379943e+00
6.310688108091153481e+03 6.408945878414159657e-10 1.045408636019410360e-05 8.159940894801938072e+00
6.634244006280128815e+03 5.471274083435012298e-10 9.428398887193385351e-06 8.093438155690963143e+00
6.974388970108182548e+03 4.670789965146555629e-10 8.503345248276088900e-06 8.027477407552574107e+00
7.331973539158482708e+03 3.987422045728879378e-10 7.669051901229395038e-06 7.962054233213047283e+00
7.707891861111141225e+03 3.404035439274480006e-10 6.916614032068987506e-06 7.897164251498122844e+00
8.103083927578147268e+03 2.906002208681955436e-10 6.238000509677334423e-06 7.832803116936999821e+00
8.518537924572025076e+03 2.480834582222886116e-10 5.625968165682742899e-06 7.768966519476800059e+00
8.955292703485578386e+03 2.117871832982691365e-10 5.073984484639429490e-06 7.705650184190238505e+00
9.414440378761499232e+03 1.808012969942954823e-10 4.576157879350314727e-06 7.642849870991174299e+00
9.897129058747319505e+03 1.543488538150971508e-10 4.127174807123383734e-06 7.580561374347103865e+00
1.040456571656430970e+04 1.317665806058117690e-10 3.722243055777661930e-06 7.518780523002819294e+00
1.093801920816896018e+04 1.124882455256019145e-10 3.357040594057595574e-06 7.457503179697628326e+00
1.149882344515380282e+04 9.603046025216107002e-11 3.027669440516078896e-06 7.396725240889957753e+00
1.208838073022117533e+04 8.198055941892163116e-11 2.730614058483939696e-06 7.336442636479941548e+00
1.270816526367042752e+04 6.998625337201125601e-11 2.462703833057402130e-06 7.276651329538760926e+00
1.335972682966652428e+04 5.974679479828331433e-11 2.221079229601039481e-06 7.217347316038920546e+00
1.404469467150771925e+04 5.100543773496195171e-11 2.003161272560135537e-06 7.158526624588700038e+00
1.476478156558243427e+04 4.354299987669376830e-11 1.806624018813167595e-06 7.100185316155494419e+00
1.552178810420236550e+04 3.717236676045886238e-11 1.629369731764649055e-06 7.042319483815093761e+00
1.631760719802116000e+04 3.173380002496467878e-11 1.469506491192817320e-06 6.984925252482719671e+00
1.715422880929701932e+04 2.709093210324944208e-11 1.325327999875959616e-06 6.927998778656788481e+00
1.803374492783486858e+04 2.312734691859060823e-11 1.195295371461097479e-06 6.871536250153575942e+00
1.895835480205053682e+04 1.974366084764324893e-11 1.078020705191745526e-06 6.815533885869276887e+00
1.993037043823734348e+04 1.685503075812117479e-11 9.722522721737714267e-07 6.759987935503225742e+00
2.095222238178608313e+04 1.438902663744097029e-11 8.768611550732153434e-07 6.704894679331693474e+00
2.202646579481454319e+04 1.228381546994090670e-11 7.908291986370616825e-07 6.650250427935660902e+00
2.315578684540369068e+04 1.048661082515234013e-11 7.132381424340644520e-07 6.596051521972106535e+00
2.434300942441707230e+04 8.952349281642347866e-12 6.432598198187455237e-07 6.542294331913817373e+00
2.559110220669883711e+04 7.642560498986996562e-12 5.801473185116306399e-07 6.488975257824271203e+00
2.690318607430719567e+04 6.524402605742336920e-12 5.232270084443241092e-07 6.436090729095696794e+00
2.828254192034512744e+04 5.569838716678744483e-12 4.718913517827600371e-07 6.383637204226394246e+00
2.973261885290210193e+04 4.754933931040535355e-12 4.255924183834554394e-07 6.331611170576066705e+00
3.125704281962085952e+04 4.059255184689172687e-12 3.838360374717414461e-07 6.280009144132121968e+00
3.285962567445517197e+04 3.465358907903921041e-12 3.461765231195091825e-07 6.228827669276293832e+00
3.454437470929026313e+04 2.958353642285556792e-12 3.122119172250687046e-07 6.178063318554679384e+00
3.631550267425979837e+04 2.525526649739127236e-12 2.815796992209396810e-07 6.127712692442629283e+00
3.817743831181556016e+04 2.156025151075184627e-12 2.539529167177753595e-07 6.077772419125484049e+00
4.013483743089039490e+04 1.840584201536319785e-12 2.290366957841732229e-07 6.028239154267172495e+00
4.219259454884566367e+04 1.571294379963824183e-12 2.065650936154817643e-07 5.979109580787596911e+00
4.435585513031406299e+04 1.341403466597760160e-12 1.862982599983930017e-07 5.930380408640548495e+00
4.663002845354139572e+04 1.145147136745894197e-12 1.680198772743062951e-07 5.882048374593400908e+00
4.902080113639969204e+04 9.776044251051209278e-13 1.515348514769620842e-07 5.834110242008623715e+00
5.153415135589398415e+04 8.345743366227248034e-13 1.366672300007473239e-07 5.786562800626891878e+00
5.417636379671867326e+04 7.124705100168955719e-13 1.232583235739595419e-07 5.739402866353449539e+00
5.695404536624281900e+04 6.082312927304929924e-13 1.111650124918741041e-07 5.692627281041072074e+00
5.987414171521994285e+04 5.192429725235219351e-13 1.002582190313668448e-07 5.646232912281204719e+00
6.294395460553275188e+04 4.432742407986058566e-13 9.042152974233943613e-08 5.600216653196619987e+00
6.617116016840114025e+04 3.784202443812150999e-13 8.154995291096094271e-08 5.554575422229490300e+00
6.956382809870861820e+04 3.230548229004815926e-13 7.354879793264472171e-08 5.509306162936548290e+00
7.313044183344273188e+04 2.757897341615951036e-13 6.633266463370251263e-08 5.464405843784168937e+00
7.687991976470644295e+04 2.354398451198913337e-13 5.982453175423404322e-08 5.419871457945415472e+00
8.082163754034375597e+04 2.009934156490359102e-13 5.395493486319169010e-08 5.375700023098706204e+00
8.496545150794286747e+04 1.715867299934019164e-13 4.866122493111791459e-08 5.331888581229325297e+00
8.932172336083906703e+04 1.464824398090005309e-13 4.388689964690729059e-08 5.288434198425330912e+00
9.390134604774527543e+04 1.250510757634761154e-13 3.958100034154071982e-08 5.245333964695364060e+00
9.871577101079767453e+04 1.067552641120575259e-13 3.569756808161171814e-08 5.202584993749929332e+00
1.037770368201258680e+05 9.113625249571048334e-14 3.219515312765311004e-08 5.160184422838048235e+00
1.090977992765488161e+05 7.780240710422792147e-14 2.903637252105127082e-08 5.118129412532694822e+00
1.146913630576689611e+05 6.641939278218784083e-14 2.618751107777473291e-08 5.076417146543213299e+00
1.205717149864963576e+05 5.670178985136842631e-14 2.361816153003899147e-08 5.035044831538466603e+00
1.267535590057915979e+05 4.840593744800031008e-14 2.130089997489039435e-08 4.994009696950428179e+00
1.332523529455816897e+05 4.132382392798802477e-14 1.921099316571303299e-08 4.953308994790949882e+00
1.400843471757866791e+05 3.527787114681528221e-14 1.732613452239695795e-08 4.912939999467621277e+00
1.472666252406089625e+05 3.011648183430567806e-14 1.562620604248461160e-08 4.872900007601350225e+00
1.548171465762921434e+05 2.571023841833902471e-14 1.409306357205878152e-08 4.833186337845428504e+00
1.627547914190663723e+05 2.194865798616863584e-14 1.271034314446489647e-08 4.793796330705852426e+00
1.710994080155731353e+05 1.873742201668573137e-14 1.146328631983046578e-08 4.754727348365348938e+00
1.798718622538203781e+05 1.599601142140290068e-14 1.033858266113039933e-08 4.715976774498085611e+00
1.890940898387710622e+05 1.365568759489323998e-14 9.324227665507932745e-09 4.677542014105460666e+00
1.987891511430313694e+05 1.165776885104594625e-14 8.409394634441824851e-09 4.639420493342117702e+00
2.089812888697938761e+05 9.952159028250045163e-15 7.584319115179255016e-09 4.601609659334919833e+00
2.196959886722229712e+05 8.496091369546016979e-15 6.840194680039339774e-09 4.564106980012255121e+00
2.309600428808625729e+05 7.253056181555746772e-15 6.169078931185328674e-09 4.526909943945026882e+00
2.428016174984180834e+05 6.191885384065820428e-15 5.563808727585393586e-09 4.490016060167814516e+00
2.552503226294341730e+05 5.285970996190348510e-15 5.017923729372934072e-09 4.453422858024509878e+00
2.683372865209793090e+05 4.512597963208012103e-15 4.525597443520634063e-09 4.417127886982386009e+00
2.820952333994774381e+05 3.852374595362953208e-15 4.081575034891953867e-09 4.381128716488502661e+00
2.965585652983192704e+05 3.288746337253506125e-15 3.681117238853084624e-09 4.345422935796698027e+00
3.117634480808650260e+05 2.807580676038637573e-15 3.319949776825099397e-09 4.310008153809968157e+00
3.277479018739408348e+05 2.396812780351074936e-15 2.994217734850693039e-09 4.274881998912734460e+00
3.445518961379595567e+05 2.046142984628232741e-15 2.700444418249018781e-09 4.240042118823768469e+00
3.622174496113909991e+05 1.746778533502399069e-15 2.435494243178096673e-09 4.205486180428866128e+00
3.807887353794944938e+05 1.491213110730836497e-15 2.196539269044628521e-09 4.171211869635965463e+00
4.003121913300411543e+05 1.273038624510594171e-15 1.981029014528940896e-09 4.137216891201298097e+00
4.208366362722213962e+05 1.086784529879544740e-15 1.786663235077256134e-09 4.103498968594742280e+00
4.424133920090965694e+05 9.277806593174084605e-16 1.611367371282570484e-09 4.070055843835933551e+00
4.650964116688389913e+05 7.920401221570881061e-16 1.453270406117137126e-09 4.036885277354159918e+00
4.889424146156553179e+05 6.761593365913390758e-16 1.310684894664549782e-09 4.003985047819969445e+00
5.140110282777408138e+05 5.772326876755874443e-16 1.182088953212576224e-09 3.971352952014859383e+00
5.403649372469085502e+05 4.927796714320342415e-16 1.066110015454806149e-09 3.938986804674598385e+00
5.680700400227193022e+05 4.206826982624727406e-16 9.615101824309600506e-10 3.906884438344592425e+00
5.971956137930564582e+05 3.591339961390487848e-16 8.671730098363562567e-10 3.875043703236474624e+00
6.278144876631795196e+05 3.065902822136350769e-16 7.820915916741201765e-10 3.843462467075553946e+00
6.600032247664229944e+05 2.617340662772714368e-16 7.053578130653826614e-10 3.812138614975473683e+00
6.938423137119094608e+05 2.234406157801843481e-16 6.361526575006174073e-10 3.781070049278940193e+00
7.294163698479967425e+05 1.907497540933827342e-16 5.737374650838061184e-10 3.750254689427821031e+00
7.668143468447235646e+05 1.628417848725626008e-16 5.174460484595199238e-10 3.719690471815295663e+00
8.061297591243179049e+05 1.390169388501543700e-16 4.666775822758260098e-10 3.689375349657780578e+00
8.474609156959623797e+05 1.186778276987786346e-16 4.208901902858922829e-10 3.659307292851102567e+00
8.909111659795242595e+05 1.013144650126594778e-16 3.795951616424386161e-10 3.629484287836218570e+00
9.365891582329371013e+05 8.649147881990692442e-17 3.423517346519133370e-10 3.599904337464477244e+00
9.846091112294379855e+05 7.383719499006991254e-17 3.087623923130389158e-10 3.570565460863718954e+00
1.035091099863994634e+06 6.303431781243618588e-17 2.784686194267488692e-10 3.541465693305730689e+00
1.088161355403086869e+06 5.381197406826690754e-17 2.511470759911093581e-10 3.512603086074621572e+00
1.143952581128624268e+06 4.593892110866194619e-17 2.265061460380309597e-10 3.483975706336397860e+00
1.202604284165272489e+06 3.921774863621601361e-17 2.042828250758452892e-10 3.455581637009478957e+00
1.264263124320930336e+06 3.347992880493296192e-17 1.842399129159240668e-10 3.427418976636290804e+00
1.329083280812643003e+06 2.858159052375511148e-17 1.661634819210684144e-10 3.399485839257430086e+00
1.397226837794951163e+06 2.439991200778398270e-17 1.498605936528347336e-10 3.371780354279367842e+00
1.468864189654704416e+06 2.083004112359600656e-17 1.351572395470637991e-10 3.344300666358344110e+00
1.544174467085782439e+06 1.778246630857871449e-17 1.218964836366564181e-10 3.317044935269905626e+00
1.623345985009134281e+06 1.518077214247691684e-17 1.099367874985905172e-10 3.290011335787180968e+00
1.706576713458170416e+06 1.295972329387321597e-17 9.915049954628670927e-11 3.263198057558842180e+00
1.794074772606963990e+06 1.106362879815652976e-17 8.942249254285550457e-11 3.236603304987727192e+00
1.886058953179090517e+06 9.444945652606742793e-18 8.064893479276817285e-11 3.210225297112032639e+00
1.982759263538399944e+06 8.063086714865013300e-18 7.273618189616073999e-11 3.184062267478797281e+00
2.084417504829733167e+06 6.883403013923006690e-18 6.559977723733298648e-11 3.158112464041709977e+00
2.191287875607731752e+06 5.876314955746339650e-18 5.916355053842740899e-11 3.132374149021865950e+00
2.303637607465630397e+06 5.016570639451702825e-18 5.335880485768788483e-11 3.106845598814556908e+00
2.421747633253435604e+06 4.282612686710509419e-18 4.812358335374507953e-11 3.081525103850918157e+00
2.545913289556382690e+06 3.656037708340774152e-18 4.340200799066873951e-11 3.056410968506228620e+00
2.676445055190230254e+06 3.121134854495645027e-18 3.914368312464039541e-11 3.031501510963718449e+00
2.813669327560023405e+06 2.664491878115065995e-18 3.530315760718667827e-11 3.006795063124357625e+00
2.957929238823618274e+06 2.274658833889174680e-18 3.183943966307664111e-11 2.982289970474317098e+00
3.109585513900805730e+06 1.941860980357102898e-18 2.871555936549790016e-11 2.957984591989418988e+00
