# [1] k:    [h/Mpc] 
# [2] P:    [Mpc^3/h^3] 
# [3] T:    [Mpc^3/h^3] 
# [4] Delta_k 
3.059023205018257859e-07 4.541605208270584060e-02 3.700445245695901394e+04 6.586094419731509463e-23
3.215862678579245412e-07 4.762034319848829772e-02 3.698677660744016612e+04 8.023341296914102196e-23
3.380743483904743061e-07 4.993162070142987546e-02 3.696910920117946807e+04 9.774230593193544140e-23
3.554077908890640533e-07 5.235507722990551116e-02 3.695145023407656117e+04 1.190720675507909013e-22
3.736299379885273404e-07 5.489615744959994853e-02 3.693379970203314588e+04 1.450565048121725277e-22
3.927863545481053003e-07 5.756057028640697987e-02 3.691615760115442390e+04 1.767113817808294997e-22
4.129249415873286729e-07 6.035430175123383117e-02 3.689852392734591558e+04 2.152741270811951983e-22
4.340960560635169786e-07 6.328362838926197831e-02 3.688089867658228468e+04 2.622522065276391545e-22
4.563526367904018199e-07 6.635513138097623442e-02 3.686328184484010853e+04 3.194820518430232440e-22
4.797503368127355169e-07 6.957571132779298562e-02 3.684567342809787806e+04 3.892008490653862683e-22
5.043476625678916271e-07 7.295260375531759101e-02 3.682807342233602685e+04 4.741339929406913583e-22
5.302061201824328858e-07 7.649339536878059509e-02 3.681048182346993417e+04 5.776016260008131190e-22
5.573903692694645323e-07 8.020604109883258670e-02 3.679289862761781114e+04 7.036484270844754933e-22
5.859683846113473662e-07 8.409888197188250536e-02 3.677532383069884963e+04 8.572017228666172213e-22
6.160116261320592563e-07 8.818066385024252163e-02 3.675775742863427877e+04 1.044264103207614342e-21
6.475952175842278093e-07 9.246055708204949097e-02 3.674019941754786851e+04 1.272148069890966513e-21
6.807981343976415384e-07 9.694817710197380090e-02 3.672264979336466058e+04 1.549761891418342075e-21
7.157034011589609116e-07 1.016536060346340392e-01 3.670510855201172672e+04 1.887957838343197041e-21
7.523982992164306405e-07 1.065874153467894075e-01 3.668757568961838115e+04 2.299956412086203996e-21
7.909745849287134463e-07 1.117606895955886998e-01 3.667005120211550820e+04 2.801863150788674248e-21
8.315287191035797356e-07 1.171850513331526011e-01 3.665253508550268452e+04 3.413298214911260616e-21
8.741621082001717898e-07 1.228726872176142959e-01 3.663502733571475983e+04 4.158163363758325428e-21
9.189813578979717484e-07 1.288363753945483969e-01 3.661752794895505940e+04 5.065576305138971101e-21
9.660985396665287929e-07 1.350895142005578420e-01 3.660003692102897185e+04 6.171008942731720851e-21
1.015631471002508262e-06 1.416461522686436048e-01 3.658255424794381543e+04 7.517674017170266066e-21
1.067704010034801725e-06 1.485210200904104050e-01 3.656507992584182648e+04 9.158214346003726917e-21
1.122446365234364056e-06 1.557295631077950937e-01 3.654761395066748082e+04 1.115676069696327863e-20
1.179995421003214005e-06 1.632879764150117763e-01 3.653015631836724788e+04 1.359143873971095831e-20
1.240495079956737545e-06 1.712132411451671166e-01 3.651270702508891554e+04 1.655742307588164498e-20
1.304096622755184042e-06 1.795231626174913220e-01 3.649526606678274402e+04 2.017065773270520275e-20
1.370959086384113674e-06 1.882364103420037793e-01 3.647783343946737295e+04 2.457238855982245407e-20
1.441249661829700436e-06 1.973725599621435345e-01 3.646040913909704977e+04 2.993468470557986918e-20
1.515144112143284134e-06 2.069521372372810919e-01 3.644299316182688926e+04 3.646716501508139794e-20
1.592827211940548929e-06 2.169966641527735773e-01 3.642558550361488597e+04 4.442519229171268351e-20
1.674493209434307728e-06 2.275287072743405192e-01 3.640818616042107897e+04 5.411985574782864108e-20
1.760346312156213177e-06 2.385719284498917514e-01 3.639079512840608368e+04 6.593013187075836226e-20
1.850601197581954108e-06 2.501511379655532163e-01 3.637341240359986114e+04 8.031769908562312752e-20
1.945483549936765273e-06 2.622923502844080046e-01 3.635603798183587060e+04 9.784498534004779663e-20
2.045230624523543909e-06 2.750228425002908539e-01 3.633867185934642475e+04 1.191971541169636152e-19
2.150091840984688092e-06 2.883712156108440006e-01 3.632131403210110147e+04 1.452088883268295885e-19
2.260329406981118614e-06 3.023674587774847211e-01 3.630396449607148679e+04 1.768970191045538082e-19
2.376218973848010330e-06 3.170430167040853009e-01 3.628662324742920464e+04 2.155002750090535172e-19
2.498050325866710336e-06 3.324308602746573471e-01 3.626929028208362433e+04 2.625277054632567928e-19
2.626128104876382668e-06 3.485655606365128389e-01 3.625196559621002962e+04 3.198176713842141079e-19
2.760772572037287162e-06 3.654833668628305055e-01 3.623464918585350824e+04 3.896097090000668088e-19
2.902320408650496801e-06 3.832222873897597193e-01 3.621734104686341743e+04 4.746320761108001834e-19
3.051125558036519890e-06 4.018221754196106832e-01 3.620004117545353074e+04 5.782084031012122210e-19
3.207560110577962700e-06 4.213248184475250069e-01 3.618274956770756398e+04 7.043876177892870471e-19
3.372015234139298021e-06 4.417740321420066674e-01 3.616546621954659349e+04 8.581022230599005406e-19
3.544902152190277809e-06 4.632157587926894471e-01 3.614819112712397327e+04 1.045361114570243625e-18
3.726653172078803499e-06 4.856981705174657771e-01 3.613092428643043968e+04 1.273484475959988788e-18
3.917722766024474580e-06 5.092717774949229170e-01 3.611366569355729735e+04 1.551389933973014530e-18
4.118588707535861475e-06 5.339895414409091545e-01 3.609641534459764080e+04 1.889941159606886493e-18
4.329753266093139866e-06 5.599069945920897018e-01 3.607917323554796167e+04 2.302372542551160035e-18
4.551744463083409039e-06 5.870823644754458170e-01 3.606193936257073801e+04 2.804806540017036901e-18
4.785117392129195949e-06 6.155767047131218694e-01 3.604471372160067403e+04 3.416883923648884729e-18
5.030455607111644826e-06 6.454540322021771193e-01 3.602749630877119489e+04 4.162531561845033306e-18
5.288372581359179674e-06 6.767814709313288990e-01 3.601028712018473016e+04 5.070897750861975038e-18
5.559513241650373021e-06 7.096294027824264772e-01 3.599308615184731752e+04 6.177491658045807131e-18
5.844555580866815540e-06 7.440716256613374435e-01 3.597589339986515552e+04 7.525571419526051391e-18
6.144212353328471540e-06 7.801855192928923710e-01 3.595870886034626164e+04 9.167835154698706263e-18
6.459232857050738118e-06 8.180522190618439993e-01 3.594153252930239250e+04 1.116848100138950796e-17
6.790404807379771878e-06 8.577567983073668412e-01 3.592436440291067265e+04 1.360571670127838419e-17
7.138556306691162195e-06 8.993884594355051609e-01 3.590720447712131136e+04 1.657481683782613687e-17
7.504557915077204533e-06 9.430407343456748137e-01 3.589005274808247486e+04 2.019184723886509538e-17
7.889324827200587103e-06 9.888116945541266523e-01 3.587290921191147936e+04 2.459820213445423037e-17
8.293819160757753291e-06 1.036804171522483164e+00 3.585577386462958384e+04 2.996613143356825015e-17
8.719052362274285227e-06 1.087125987696877516e+00 3.583864670239045518e+04 3.650547418820307670e-17
9.166087736248057605e-06 1.139890198732806281e+00 3.582152772121915768e+04 4.447186146324891268e-17
9.636043103964330830e-06 1.195215347507424308e+00 3.580441691727301077e+04 5.417670927416977804e-17
1.013009359863121538e-05 1.253225730430332696e+00 3.578731428661344398e+04 6.599939222700273844e-17
1.064947460382478790e-05 1.314051676700062288e+00 3.577021982530380774e+04 8.040207374504804278e-17
1.119548484259151579e-05 1.377829841116061882e+00 3.575313352950691478e+04 9.794777261404976338e-17
1.176948962493235138e-05 1.444703511077964020e+00 3.573605539525733911e+04 1.193223720877857640e-16
1.237292426178888029e-05 1.514822928519499623e+00 3.571898541868908069e+04 1.453614319210511831e-16
1.300729765406831334e-05 1.588345627443236374e+00 3.570192359593794390e+04 1.770828514424057529e-16
1.367419606568169201e-05 1.665436787838773247e+00 3.568486992307662877e+04 2.157266605078899912e-16
1.437528709002991615e-05 1.746269606793031448e+00 3.566782439621218509e+04 2.628034938155623410e-16
1.511232381985586521e-05 1.831025687598034857e+00 3.565078701142111095e+04 3.201536434993145691e-16
1.588714923088939049e-05 1.919895447760154861e+00 3.563375776484663947e+04 3.900189984453542521e-16
1.670170079024660794e-05 2.013078546796468693e+00 3.561673665263378643e+04 4.751306825246881583e-16
1.755801530110687162e-05 2.110784334788980754e+00 3.559972367083224526e+04 5.788158176289332702e-16
1.845823399578163895e-05 2.213232322747079817e+00 3.558271881562313501e+04 7.051275850210942615e-16
1.940460788991057802e-05 2.320652675746787796e+00 3.556572208309225971e+04 8.590036692404831281e-16
2.039950341117315543e-05 2.433286730042193202e+00 3.554873346932734421e+04 1.046459278352011962e-15
2.144540831659045798e-05 2.551387535278122787e+00 3.553175297051497910e+04 1.274822285938841762e-15
2.254493791321357228e-05 2.675220422974097012e+00 3.551478058271427290e+04 1.553019686807807882e-15
2.370084159775344190e-05 2.805063602668488087e+00 3.549781630211545416e+04 1.891926564368778931e-15
2.491600973150475266e-05 2.941208786920739726e+00 3.548086012478140037e+04 2.304791211188749787e-15
2.619348086775470484e-05 3.083961846722568012e+00 3.546391204687373101e+04 2.807753021294046805e-15
2.753644934974891994e-05 3.233643498670139671e+00 3.544697206455584092e+04 3.420473399208271115e-15
2.894827329821342076e-05 3.390590025490778814e+00 3.543004017392846436e+04 4.166904348766152846e-15
3.043248300840562692e-05 3.555154031570090911e+00 3.541311637112647441e+04 5.076224786833643478e-15
3.199278977769132648e-05 3.727705235112774851e+00 3.539620065222217818e+04 6.183981183537556544e-15
3.363309518572123809e-05 3.908631298824719824e+00 3.537929301348292211e+04 7.533477118206847396e-15
3.535750085041236633e-05 4.098338700777120813e+00 3.536239345098469494e+04 9.177466070179783303e-15
3.717031868412924126e-05 4.297253647670143728e+00 3.534550196085364587e+04 1.118021361818004625e-14
3.907608167571078754e-05 4.505823032369869807e+00 3.532861853924995376e+04 1.362000966195789703e-14
4.107955522530357004e-05 4.724515437910518756e+00 3.531174318231953657e+04 1.659222887210124425e-14
4.318574906034433776e-05 4.953822190241435663e+00 3.529487588621016039e+04 2.021305900487996112e-14
4.539992976248807967e-05 5.194258462066043691e+00 3.527801664707141754e+04 2.462404282656308090e-14
4.772763393680535859e-05 5.446364430256175559e+00 3.526116546105475572e+04 2.999761119670334961e-14
5.017468205617894183e-05 5.710706489442019418e+00 3.524432232431345619e+04 3.654382360551557110e-14
5.274719301551768723e-05 5.987878524504347766e+00 3.522748723300264101e+04 4.451857966136329933e-14
5.545159943218107865e-05 6.278503244833417263e+00 3.521066018329525832e+04 5.423362252569058760e-14
5.829466373087315435e-05 6.583233583312363635e+00 3.519384117130208324e+04 6.606872534180172861e-14
6.128349505322671351e-05 6.902754163288011391e+00 3.517703019323175977e+04 8.048653704123596031e-14
6.442556703436033705e-05 7.237782836631373229e+00 3.516022724524672958e+04 9.805066786716825816e-14
6.772873649085907528e-05 7.589072296504167703e+00 3.514343232347929734e+04 1.194477216017309927e-13
7.120126306690828879e-05 7.957411768432224086e+00 3.512664542411158618e+04 1.455141357647209506e-13
7.485182988770643921e-05 8.343628783388156833e+00 3.510986654329558223e+04 1.772688789990905679e-13
7.868956527180084881e-05 8.748591037010744031e+00 3.509309567724896624e+04 2.159532838270823138e-13
8.272406555663884206e-05 9.173208338939920381e+00 3.507633282209546451e+04 2.630795718852454286e-13
8.696541909440986997e-05 9.618434656919173875e+00 3.505957797402447613e+04 3.204899685560797765e-13
9.142423147818073699e-05 1.008527025999230631e+01 3.504283112921128486e+04 3.904287178552990543e-13
9.611165206140254191e-05 1.057476396576820044e+01 3.502609228383297159e+04 4.756298127298762960e-13
1.010394018371016720e-04 1.108801549675029996e+01 3.500936143406847987e+04 5.794238702525474108e-13
1.062198027464676133e-04 1.162617795103136231e+01 3.499263857609854313e+04 7.058683295975683375e-13
1.116658084901241013e-04 1.219046039290467753e+01 3.497592370610574289e+04 8.599060623990073937e-13
1.173910369191279803e-04 1.278213056921786617e+01 3.495921682028242503e+04 1.047558595768802975e-12
1.234098040866900780e-04 1.340251775753725738e+01 3.494251791479891108e+04 1.276161501300602920e-12
1.297371600457651012e-04 1.405301575260726210e+01 3.492582698585119215e+04 1.554651151715850776e-12
1.363889264820232711e-04 1.473508599770117478e+01 3.490914402962913300e+04 1.893914054818453357e-12
1.433817362763056455e-04 1.545026086798247000e+01 3.489246904232441011e+04 2.307212420664303342e-12
1.507330750954898936e-04 1.620014711322016510e+01 3.487580202013053349e+04 2.810702597894755079e-12
1.584613251157653230e-04 1.698642946760585204e+01 3.485914295925074111e+04 3.424066645558928335e-12
1.665858109876483387e-04 1.781087443473612453e+01 3.484249185586631938e+04 4.171281729346040219e-12
1.751268481576742783e-04 1.867533425637856936e+01 3.482584870618415880e+04 5.081557418908218823e-12
1.841057936675958640e-04 1.958175107378628965e+01 3.480921350640501623e+04 6.190477526366814461e-12
1.935450995581117185e-04 2.053216129102285592e+01 3.479258625273147481e+04 7.541391121914352855e-12
2.034683690106629794e-04 2.152870015005575510e+01 3.477596694136795122e+04 9.187107103039122923e-12
2.139004153676812446e-04 2.257360652791423306e+01 3.475935556852853915e+04 1.119195856020326990e-11
2.248673241788693637e-04 2.366922796662327144e+01 3.474275213040150993e+04 1.363431763757123352e-11
2.363965184286629729e-04 2.481802594740277002e+01 3.472615662321646232e+04 1.660965919792454091e-11
2.485168271079757005e-04 2.602258142066836655e+01 3.470956904317317822e+04 2.023429305408788695e-11
2.612585573016925852e-04 2.728560060459528813e+01 3.469298938648907642e+04 2.464991066462514645e-11
2.746535699721688829e-04 2.860992106502443022e+01 3.467641764937940752e+04 3.002912402967530831e-11
2.887353596282311993e-04 2.999851809049327045e+01 3.465985382806124835e+04 3.658221330934518219e-11
3.035391380788964293e-04 3.145451137668461428e+01 3.464329791875741648e+04 4.456534693746812162e-11
3.191019224812350285e-04 3.298117203527118591e+01 3.462674991768071777e+04 5.429059556517005660e-11
3.354626279025451924e-04 3.458192994301113288e+01 3.461020982105758594e+04 6.613813129193416929e-11
3.526621646282911485e-04 3.626038144746510739e+01 3.459367762511328328e+04 8.057108906713986044e-11
3.707435404591257876e-04 3.802029744674279499e+01 3.457715332607342862e+04 9.815367121291553793e-11
3.897519682527942697e-04 3.986563186140548254e+01 3.456063692016518326e+04 1.195732027966618685e-10
4.097349789798286580e-04 4.179991722390058584e+01 3.454387498850384145e+04 1.456648628120351614e-10
4.307425405757319271e-04 4.382842937411386686e+01 3.452726890535917482e+04 1.774514131947012556e-10
4.528271828868440083e-04 4.595629383850456406e+01 3.451101266146571288e+04 2.161786122503959436e-10
4.760441290223192071e-04 4.818771652257714067e+01 3.449485379553480743e+04 2.633590494906506809e-10
5.004514334406633081e-04 5.052746616143953418e+01 3.447869550325188902e+04 3.208363681073108882e-10
5.261101271161193775e-04 5.298055548789319147e+01 3.446245806656236527e+04 3.908559713162629062e-10
5.530843701478924991e-04 5.555185694081074388e+01 3.444595407416619855e+04 4.761491319004974051e-10
5.814416121938181326e-04 5.824647777989300579e+01 3.442902253066197591e+04 5.800404178087882220e-10
6.112527611296385451e-04 6.106992704159263496e+01 3.441157022308908927e+04 7.065780825341948638e-10
6.425923603556274889e-04 6.402792745864502422e+01 3.439350548794515635e+04 8.606892471144239855e-10
6.755387751939181127e-04 6.712613374576481817e+01 3.437466452329790627e+04 1.048365544873485906e-09
7.101743888426273075e-04 7.037065945966213576e+01 3.435495569524962048e+04 1.276900033827957302e-09
7.465858083767621441e-04 7.376748218904319288e+01 3.433420481223432580e+04 1.555157611617043941e-09
7.848640813110194670e-04 7.732314424230266070e+01 3.431232896583789989e+04 1.893926530805691643e-09
8.251049232659968648e-04 8.104437987761930628e+01 3.428923743118590937e+04 2.306326015795135189e-09
8.674089573071004124e-04 8.493729303243758011e+01 3.426466687058560638e+04 2.808279841613426389e-09
9.118819655546198935e-04 8.900945026102202462e+01 3.423862348955479683e+04 3.419182308792202906e-09
9.586351536941296880e-04 9.326726322470281616e+01 3.421084366844484612e+04 4.162550779422554338e-09
1.007785429048626679e-03 9.771869556181498240e+01 3.418132779356582614e+04 5.067014470165312995e-09
1.059455692907732439e-03 1.023709793633927063e+02 3.414990175453279517e+04 6.167306239010673868e-09
1.113775147844932919e-03 1.072309439945645266e+02 3.411630788490641862e+04 7.505557516510701123e-09
1.170879620791311689e-03 1.123065333359597417e+02 3.408045640470170474e+04 9.132969811418464132e-09
1.230911902673626282e-03 1.176052953833939938e+02 3.404217192835747846e+04 1.111163711530872487e-08
1.294022105466001958e-03 1.231349146510687831e+02 3.400128730827801337e+04 1.351688312605450217e-08
1.360368037548055848e-03 1.289030322694752044e+02 3.395762053100610501e+04 1.644003171162629034e-08
1.430115598308045934e-03 1.349167554478147508e+02 3.391091897580435761e+04 1.999169318691211947e-08
1.503439192977754080e-03 1.411851402321572948e+02 3.386117627352715499e+04 2.430618792527570608e-08
1.580522168736409397e-03 1.477145513485749007e+02 3.380804958017855824e+04 2.954577007681671800e-08
1.661557273174137529e-03 1.545117961627798024e+02 3.375127847141942766e+04 3.590689465332844792e-08
1.746747136261333697e-03 1.615850768443515335e+02 3.369077203550692502e+04 4.362763065494959156e-08
1.836304777029133936e-03 1.689409902969911457e+02 3.362627708064932813e+04 5.299557231292749082e-08
1.930454136227949345e-03 1.765847678511838126e+02 3.355743979642886552e+04 6.435791443225403408e-08
2.029430636295988157e-03 1.845249729477549749e+02 3.348426007016294898e+04 7.813543707857612461e-08
2.133481770037976965e-03 1.927642588213019508e+02 3.340621858917688223e+04 9.483389334703762696e-08
2.242867719486086112e-03 2.013095101718034812e+02 3.332323371608289017e+04 1.150656068443941679e-07
2.357862006490532136e-03 2.101649985039990440e+02 3.323503331587851426e+04 1.395679827452466229e-07
2.478752176666675511e-03 2.193347005919237347e+02 3.314137538531369501e+04 1.692298349344268891e-07
2.605840518408833982e-03 2.288189675705378363e+02 3.304180749380068301e+04 2.051189471722503089e-07
2.739444818768723561e-03 2.386222043704305520e+02 3.293624945730476611e+04 2.485242561633267835e-07
2.879899158088616417e-03 2.487442437337443550e+02 3.282435245291371393e+04 3.009921304401958705e-07
3.027554745376210416e-03 2.591837844232736074e+02 3.270577855309133520e+04 3.643796385265759731e-07
3.182780796510085389e-03 2.699391863908901428e+02 3.258025481197834961e+04 4.409165298112969603e-07
3.345965457471714814e-03 2.810062508140750879e+02 3.244743944161281615e+04 5.332742321306595527e-07
3.517516774912597243e-03 2.923821004449969223e+02 3.230715847371601558e+04 6.446582907968384574e-07
3.697863716483424691e-03 3.040576364018893969e+02 3.215897955883078248e+04 7.788949322010697454e-07
3.887457243476651579e-03 3.160246719723597266e+02 3.200263420892337308e+04 9.405635069123681045e-07
4.086771438464619106e-03 3.282717946228480059e+02 3.183779254437598138e+04 1.135128105786496491e-06
4.296304690752923532e-03 3.407844099961330357e+02 3.166408583096029906e+04 1.369100088499534980e-06
4.516580942613284376e-03 3.535500641723467083e+02 3.148136001165948619e+04 1.650253158050100111e-06
4.748150999412126434e-03 3.665453345631588604e+02 3.128908078743772421e+04 1.987794664303315688e-06
4.991593906910903912e-03 3.797519082136005864e+02 3.108707563683603439e+04 2.392698412856368668e-06
5.247518399182111472e-03 3.931425632831025041e+02 3.087492069949181314e+04 2.877943303311989411e-06
5.516564420761540903e-03 4.066926401676770411e+02 3.065242975245373236e+04 3.458937019223592731e-06
5.799404726842954938e-03 4.203704284579520731e+02 3.041926798048102137e+04 4.153867802462413960e-06
6.096746565516493986e-03 4.341347175669868648e+02 3.017490210622531231e+04 4.984128186613593870e-06
6.409333446257287764e-03 4.479504134335095387e+02 2.991916802996198021e+04 5.975012248028838859e-06
6.737946999086424568e-03 4.617730355589802116e+02 2.965171092760148531e+04 7.156185667742322712e-06
7.083408929053131541e-03 4.755595783074323322e+02 2.937236188822150507e+04 8.562530588551056944e-06
7.446583070925409317e-03 4.892484534638003879e+02 2.908051312673897701e+04 1.023459912162328317e-05
7.828377549226901017e-03 5.027901169215241453e+02 2.877607997053491272e+04 1.222003021279631156e-05
8.229747049021221908e-03 5.161246215054910635e+02 2.845879354959059128e+04 1.457418563495706033e-05
8.651695203121895217e-03 5.291748298009559903e+02 2.812805591640685452e+04 1.736093338287036643e-05
9.095277101697147801e-03 5.418797992777197123e+02 2.778385724465563180e+04 2.065480148887579258e-05
9.561601930544914862e-03 5.541547360973478362e+02 2.742568690805192091e+04 2.454105821722226983e-05
1.005183574463506743e-02 5.659183719212680899e+02 2.705327309216395224e+04 2.911791016054035528e-05
1.056720438385422289e-02 5.770888266407508809e+02 2.666644878461548433e+04 3.449794668939987826e-05
1.110899653824396448e-02 5.875669800645181340e+02 2.626476216898666462e+04 4.080864123034949842e-05
1.167856697039719623e-02 5.972596525648466468e+02 2.584802121079256176e+04 4.819501312002171997e-05
1.227733990307029038e-02 6.060659019101860849e+02 2.541596296546977101e+04 5.682022492032511664e-05
1.290681258048182248e-02 6.138795662078466648e+02 2.496831089360609622e+04 6.686678579060323336e-05
1.356855901220299469e-02 6.205928930493415692e+02 2.450484186930925352e+04 7.853771112355943565e-05
1.426423390900143431e-02 6.261014027328573093e+02 2.402546349411621122e+04 9.205773631800698992e-05
1.499557682048000690e-02 6.302964235435010778e+02 2.353004667522955788e+04 1.076724585829661108e-04
1.576441648485692182e-02 6.330590066125429303e+02 2.301830785151801683e+04 1.256458507176898092e-04
1.657267540176381518e-02 6.343032348484207432e+02 2.249058190294581436e+04 1.462665634713663663e-04
1.742237463949622076e-02 6.339223185943623093e+02 2.194679874355860011e+04 1.698354499394864826e-04
1.831563888873704443e-02 6.318312839520226589e+02 2.138723559630363161e+04 1.966697661990675003e-04
1.925470177538994923e-02 6.279556790447001049e+02 2.081227318876301069e+04 2.270960816055712136e-04
2.024191144580758314e-02 6.222448371365311459e+02 2.022258192944714392e+04 2.614484807698132913e-04
2.127973643838054069e-02 6.146536840866066314e+02 1.961878591367524496e+04 3.000540423493473470e-04
2.237077185616915750e-02 6.051732955309680619e+02 1.900192905445657743e+04 3.432360701566309030e-04
2.351774585601286785e-02 5.938357220254376898e+02 1.837350046960948748e+04 3.913124417202667516e-04
2.472352647034336062e-02 5.806878631010416711e+02 1.773499419821995980e+04 4.445742032212667352e-04
2.599112877875953478e-02 5.658230399033432150e+02 1.708838109992757381e+04 5.032992807315253949e-04
2.732372244729698585e-02 5.493836657424908481e+02 1.643612401479662003e+04 5.677610524148538843e-04
2.872463965424410307e-02 5.315478675031415605e+02 1.578096872073491249e+04 6.382288133012934067e-04
3.019738342232343442e-02 5.125443495130843985e+02 1.512617514887220204e+04 7.150059387545097851e-04
3.174563637807315680e-02 4.926457995902011362e+02 1.447543831064917140e+04 7.984673377293141031e-04
3.337326996033158216e-02 4.721579498332756089e+02 1.383276232190187693e+04 8.891066324106332687e-04
3.508435410085083278e-02 4.514243891363883563e+02 1.320257678724105062e+04 9.876333233184021298e-04
3.688316740124613496e-02 4.307994547706311437e+02 1.258939024347453233e+04 1.095040124947414210e-03
3.877420783172848273e-02 4.104403293682755134e+02 1.199480157655158109e+04 1.212129686752275864e-03
4.076220397837305304e-02 3.907727943394500016e+02 1.142434067862763732e+04 1.340810965670686866e-03
4.285212686704739649e-02 3.722686642493828231e+02 1.088424118102706416e+04 1.484034119486953929e-03
4.504920239356542677e-02 3.552203119257872004e+02 1.037814520245593121e+04 1.645240412051575223e-03
4.735892439114896407e-02 3.397805007372035675e+02 9.907657933634372966e+03 1.828412583661081885e-03
4.978706836787243073e-02 3.259392903574382672e+02 9.471986418695298198e+03 2.037776912453738692e-03
5.233970594844135349e-02 3.135447178555662049e+02 9.068247903365239836e+03 2.277527255370668732e-03
5.502322005641668845e-02 3.023363080812724206e+02 8.692000114686021334e+03 2.551517620462716469e-03
5.784432087484844831e-02 2.920663466255399499e+02 8.339043909955416893e+03 2.863742447924200619e-03
6.081006262522850592e-02 2.829027221159418559e+02 8.011152436599233624e+03 3.222802836866271031e-03
6.392786120671870020e-02 2.733845867051302321e+02 7.687132663751365726e+03 3.618385287218241816e-03
6.720551273976151097e-02 2.632481213628059322e+02 7.363103997115440507e+03 4.048090714282797688e-03
7.065121306044198912e-02 2.519227341073321327e+02 7.030932129583769893e+03 4.500870203044864473e-03
7.427357821434696361e-02 2.389891283018910713e+02 6.684504633089458366e+03 4.960796881099738265e-03
7.808166600116696332e-02 2.243424659621152273e+02 6.321742930974420233e+03 5.410394858375087816e-03
8.208499862391337165e-02 2.082828634215938735e+02 5.945779340517353376e+03 5.835998670598486690e-03
8.629358649938589920e-02 1.914677457189511642e+02 5.564559118636301719e+03 6.233061916847667909e-03
9.071795328942874881e-02 1.747740378001692818e+02 5.189462040641820749e+03 6.610387356557253895e-03
9.536916221556676621e-02 1.591555205206180119e+02 4.833877765577988612e+03 6.993842837777742259e-03
1.002588437228218304e-01 1.455060164301512202e+02 4.511554592564463746e+03 7.428810580345742050e-03
1.053992245618834284e-01 1.344391045481153810e+02 4.233011788140555836e+03 7.974585472519730989e-03
1.108031583623540345e-01 1.260186593058245563e+02 4.000414849423568285e+03 8.684834228788995344e-03
1.164841577735182265e-01 1.197033430320966403e+02 3.805762424198198005e+03 9.584669235237340545e-03
1.224564282530043596e-01 1.145011426088798601e+02 3.633242412861045068e+03 1.065184512992549751e-02
1.287349035878279091e-01 1.091430558173641856e+02 3.462489383781475681e+03 1.179655791912905156e-02
1.353352832366376823e-01 1.024070779871941710e+02 3.273831432247019166e+03 1.285977416880670736e-02
1.422740715865399574e-01 9.390962142384250910e+01 3.060182326495726102e+03 1.370116920011551706e-02
1.495686192226629019e-01 8.448306881736438356e+01 2.833205193184785458e+03 1.432060589850121281e-02
1.572371663136570008e-01 7.545355756744804410e+01 2.613569059468348314e+03 1.485989037612328763e-02
1.652988882216175348e-01 6.799841880082601620e+01 2.421834476724382512e+03 1.555889932376014299e-02
1.737739434504778357e-01 6.275213450530577575e+01 2.270963911470714720e+03 1.668217726985781954e-02
1.826835240527691917e-01 5.912767716736765067e+01 2.151752525035412873e+03 1.826245754376344677e-02
1.920499086207905493e-01 5.575972274668448847e+01 2.039661723574728285e+03 2.000935913611519984e-02
2.018965179946938526e-01 5.155534217411714337e+01 1.914412894746246820e+03 2.149465205880338875e-02
2.122479738267836202e-01 4.639299617196590475e+01 1.772661920751376556e+03 2.247260091361208412e-02
2.231301601484726449e-01 4.129151940579989599e+01 1.632416845637606002e+03 2.323838562807188993e-02
2.345702880938428103e-01 3.732007815995927302e+01 1.514861189070464889e+03 2.440235873317104717e-02
2.465969639416541459e-01 3.457210078825541189e+01 1.423198190360896206e+03 2.626389934933262560e-02
2.592402606459418002e-01 3.211800444416834210e+01 1.338991146608966801e+03 2.834824392950243896e-02
2.725317930340656614e-01 2.920693768163227233e+01 1.246371103237619764e+03 2.995075699740400860e-02
2.865047968602461026e-01 2.609416161243733256e+01 1.149944721993111216e+03 3.108918231107394431e-02
3.011942119122611450e-01 2.353581032550102137e+01 1.066033368406058798e+03 3.257911476348079177e-02
3.166367693791155569e-01 2.159178066378047234e+01 9.966699907838933541e+02 3.472504012582926236e-02
3.328710836981453314e-01 1.971015888872123512e+01 9.295080293246269321e+02 3.682888696723928684e-02
3.499377491112247163e-01 1.770023461916694174e+01 8.598021474099335819e+02 3.842568904755953169e-02
3.678794411715154977e-01 1.593805468657813762e+01 7.963933063820643383e+02 4.019963648412848423e-02
3.867410234545784475e-01 1.449743755492143471e+01 7.414066876325434805e+02 4.248369011111282484e-02
4.065696597406806001e-01 1.310163605980087631e+01 6.879780342470697860e+02 4.460676098790020833e-02
4.274149319488126375e-01 1.176772139965363806e+01 6.364421387548817393e+02 4.654914495972678479e-02
4.493289641173122684e-01 1.063008276546345954e+01 5.904484561818969723e+02 4.885400227764183367e-02
4.723665527411103904e-01 9.585554529687467351e+00 5.472971925975069780e+02 5.118290325363121507e-02
4.965853037915104462e-01 8.610684627396636870e+00 5.063308298362501318e+02 5.341823448202797503e-02
5.220457767611225153e-01 7.753070617002737031e+00 4.689789294975307712e+02 5.588171922360265359e-02
5.488116360941387439e-01 6.966022655282658960e+00 4.339201653288685634e+02 5.833444550818167595e-02
5.769498103806052214e-01 6.254210868312647165e+00 4.013327333125766359e+02 6.084948174936662818e-02
6.065306597127584354e-01 5.614487443133605815e+00 3.711712344400935990e+02 6.346563810603443601e-02
6.376281516219051149e-01 5.033504376335495856e+00 3.430484094179320778e+02 6.610634699503416256e-02
6.703200460357783275e-01 4.511570668164082143e+00 3.170187855051632368e+02 6.884059971718568816e-02
7.046880897188601001e-01 4.040082024268790484e+00 2.928310588075624992e+02 7.162279015164467466e-02
7.408182206818726412e-01 3.616073004387085454e+00 2.704217209820866969e+02 7.448047111338489124e-02
7.788007830715680813e-01 3.234358269728079716e+00 2.496421825571947863e+02 7.739938725574325995e-02
8.187307530781540166e-01 2.891155571552546988e+00 2.303883794647206571e+02 8.038315189471942346e-02
8.607079764252394405e-01 2.582791356757762280e+00 2.125545628744029898e+02 8.343092650468411642e-02
9.048374180361511421e-01 2.305987050489183954e+00 1.960447123308777009e+02 8.654436156888969944e-02
9.512294245009160765e-01 2.057694090663443554e+00 1.807665365560364990e+02 8.972364265594973132e-02
1.000000000000213163e+00 1.835106503634967412e+00 1.666323042833416253e+02 9.296758152908290995e-02
1.051271096376248826e+00 1.635710630533457888e+00 1.535616365370392771e+02 9.627663604935887687e-02
1.105170918075884856e+00 1.457164283549178707e+00 1.414766225797402228e+02 9.964766379178263689e-02
1.161834242728533306e+00 1.297469714234104510e+00 1.303106677287439084e+02 1.030860752085722837e-01
1.221402758160433644e+00 1.154674202021788387e+00 1.199946871710929912e+02 1.065875331132293546e-01
1.284025416688019838e+00 1.027110200872727308e+00 1.104693347262122813e+02 1.101560013931270759e-01
1.349858807576296504e+00 9.131545401712138910e-01 1.016731525052523750e+02 1.137835751413589641e-01
1.419067548593566874e+00 8.114749973708303976e-01 9.355621660941308448e+01 1.174774762635178854e-01
1.491824697641596753e+00 7.207901178645003126e-01 8.606774449568449370e+01 1.212362406238202267e-01
1.568312185490513100e+00 6.399468327505697385e-01 7.916056548421263983e+01 1.250580646712584343e-01
1.648721270700491237e+00 5.679117775147127789e-01 7.279110454503755534e+01 1.289415412599873578e-01
1.733253017867778301e+00 5.037788472567966691e-01 6.692043678398522388e+01 1.328911569514511226e-01
1.822118800390913007e+00 4.466931127765596532e-01 6.150980665144345494e+01 1.369019338193011304e-01
1.915540829014322100e+00 3.959068876655623126e-01 5.652456036673551409e+01 1.409735239286497299e-01
2.013752707470925607e+00 3.507586818631416303e-01 5.193328687597347937e+01 1.451099192024575546e-01
2.117000016613148627e+00 3.106342873615627331e-01 4.770536485899398116e+01 1.493077098347868059e-01
2.225540928492967474e+00 2.749953907477872272e-01 4.381332010059739446e+01 1.535686017842708972e-01
2.339646851926517890e+00 2.433490723376561804e-01 4.023085251815552965e+01 1.578886396146357840e-01
2.459603111157505406e+00 2.152677026310293174e-01 3.693471540981393275e+01 1.622722418250139853e-01
2.585709659316432152e+00 1.903558252459571776e-01 3.390231351435457441e+01 1.667153943157203555e-01
2.718281828459663263e+00 1.682682527247604531e-01 3.111345738445933407e+01 1.712205507817878836e-01
2.857651118063815776e+00 1.486911340071624676e-01 2.854898343242415493e+01 1.757854603282852091e-01
3.004166023947120401e+00 1.313481233292700667e-01 2.619153662408958283e+01 1.804122078257724693e-01
3.158192909690492378e+00 1.159880246617579908e-01 2.402462124708379321e+01 1.850969973812399416e-01
3.320116922737311960e+00 1.023906425107908441e-01 2.203337563497592555e+01 1.898412837619774529e-01
3.490342957462647444e+00 9.035953653282273457e-02 2.020406851913660518e+01 1.946473792798829872e-01
3.669296667620093988e+00 7.971536943811410869e-02 1.852353190962533347e+01 1.995082235090918088e-01
3.857425530697870641e+00 7.030479598956504428e-02 1.698033184289869979e+01 2.044315224760848426e-01
4.055199966845619564e+00 6.198593626665101219e-02 1.556328285948677959e+01 2.094113653281897691e-01
4.263114515169814212e+00 5.463512634967439274e-02 1.426236461186391580e+01 2.144485958746196463e-01
4.481689070339116121e+00 4.814241207729717115e-02 1.306833963228227447e+01 2.195448598026182585e-01
4.711470182591849465e+00 4.240919938093330732e-02 1.197257200419859835e+01 2.246982414566406072e-01
4.953032424396282885e+00 3.734826060631427080e-02 1.096714390053193355e+01 2.299080366065164860e-01
5.206979827181080545e+00 3.288224241943921156e-02 1.004476997663067017e+01 2.351740352790889499e-01
5.473947391728498424e+00 2.894271460654314690e-02 9.198771787001398081e+00 2.404979500334043230e-01
5.754602676007100293e+00 2.546842347225117958e-02 8.422910297351956288e+00 2.458772523901191220e-01
6.049647464414390718e+00 2.240533173865691396e-02 7.711480496422677078e+00 2.513111976189223995e-01
6.359819522603354258e+00 1.970576554568528871e-02 7.059267868911630828e+00 2.568017298478778021e-01
6.685894442280875261e+00 1.732705552871921864e-02 6.461395436880436272e+00 2.623454721099255926e-01
7.028687580590986528e+00 1.523192924767402881e-02 5.913469004775124382e+00 2.679463786426967142e-01
7.389056098932435646e+00 1.338678473830928750e-02 5.411328995852808355e+00 2.735983224986655027e-01
7.767901106308653603e+00 1.176247676451187829e-02 4.951264405872926488e+00 2.793058944969660229e-01
8.166169912569634093e+00 1.033289168820951225e-02 4.529795532929102642e+00 2.850672800601617984e-01
8.584858397179985445e+00 9.074976283129270252e-03 4.143728962806982885e+00 2.908808736509824744e-01
9.025013499436326470e+00 7.968397214370042878e-03 3.790137885577674393e+00 2.967459596258146814e-01
9.487735836360851494e+00 6.995270427941394607e-03 3.466352361804621918e+00 3.026652215446640204e-01
9.974182454817173138e+00 6.139712255339381010e-03 3.169898768923891552e+00 3.086385727575683413e-01
1.048556972473016025e+01 5.387557391912694421e-03 2.898466397929394311e+00 3.146576290754298233e-01
1.102317638064432792e+01 4.726582328704414387e-03 2.650006013826936346e+00 3.207286495097828039e-01
1.158834671922626214e+01 4.145899542554110778e-03 2.422610327581976808e+00 3.268537527287835864e-01
1.218249396070650370e+01 3.635823836414644409e-03 2.214504280644153056e+00 3.330287335025995943e-01
1.280710378266622662e+01 3.187856788960517773e-03 2.024069590995435153e+00 3.392515561565443982e-01
1.346373803500505772e+01 2.794567963378654599e-03 1.849840602654179378e+00 3.455269239200876585e-01
1.415403864537935341e+01 2.449309924872498240e-03 1.690440042996893988e+00 3.518480369970911625e-01
1.487973172487657614e+01 2.146313476374687047e-03 1.544633350921941872e+00 3.582190805283321788e-01
1.564263188419211659e+01 1.880421848397453161e-03 1.411261216387785566e+00 3.646322045763488173e-01
1.644464677110120832e+01 1.647204458883457043e-03 1.289301381013657988e+00 3.711003946095647321e-01
1.728778184057202338e+01 1.442644436720355279e-03 1.177772139608970647e+00 3.776133889139806077e-01
1.817414536944768244e+01 1.263253646041814652e-03 1.075790823020353448e+00 3.841694376571329617e-01
1.910595372823652127e+01 1.105988988113425307e-03 9.825595641448069406e-01 3.907754093422063368e-01
2.008553692319280515e+01 9.681335683411070687e-04 8.973297286773517234e-01 3.974256332154088578e-01
2.111534442254602695e+01 8.473088882656155344e-04 8.194193755454223238e-01 4.041164512173492374e-01
2.219795128144734164e+01 7.414468008268418949e-04 7.482147689686298175e-01 4.108553402802924137e-01
2.333606458094873304e+01 6.487006358094224651e-04 6.831394588112019717e-01 4.176355278033143104e-01
2.453253019711569394e+01 5.674631678302242575e-04 6.236730524160427613e-01 4.244582345471467622e-01
2.579033991719975205e+01 4.963182333343996947e-04 5.693367087885604638e-01 4.313220768964285412e-01
2.711263892066493852e+01 4.340240797825071291e-04 5.196930569444206949e-01 4.382273259214604089e-01
2.850273364377471097e+01 3.794887015562705790e-04 4.743406651776403415e-01 4.451728319784457599e-01
2.996410004740484823e+01 3.317490748755079727e-04 4.329091092073679703e-01 4.521512073155513622e-01
3.150039230875619012e+01 2.899733582962761222e-04 3.950679911690255230e-01 4.591728963229478877e-01
3.311545195870102276e+01 2.534175404030441755e-04 3.605056383907827566e-01 4.662286851740093385e-01
3.481331748761120082e+01 2.214360800802753226e-04 3.289416368326969486e-01 4.733200220408797509e-01
3.659823444368765877e+01 1.934601411412119527e-04 3.001175122265029582e-01 4.804433248439248239e-01
3.847466604904231957e+01 1.689930426315660423e-04 2.737984159279208685e-01 4.875999597085867165e-01
4.044730436007814234e+01 1.475961983885916342e-04 2.497669872048890460e-01 4.947823279900043225e-01
4.252108200007410943e+01 1.288909863020188925e-04 2.278293409442377071e-01 5.020023236292830981e-01
4.470118449331276622e+01 1.125362957488568633e-04 2.078000363238223236e-01 5.092370204740811479e-01
4.699306323159186860e+01 9.824323819080718059e-05 1.895184852332184866e-01 5.165046000189643660e-01
4.940244910554343960e+01 8.575166223754637545e-05 1.728313199226126917e-01 5.237912564047124686e-01
5.193536683484541783e+01 7.483596658185120412e-05 1.576003908223184702e-01 5.310925898273582968e-01
5.459815003315897997e+01 6.529995613558671995e-05 1.437008971807891000e-01 5.384147281198563562e-01
5.739745704546173499e+01 5.696955875729152355e-05 1.310163190528330079e-01 5.457466390720784322e-01
6.034028759737834946e+01 4.969384870041645665e-05 1.194417652658743279e-01 5.530889981753213114e-01
6.343400029814058882e+01 4.334001279589267704e-05 1.088805598139671316e-01 5.604354439828964640e-01
6.668633104094334385e+01 3.779200111302492832e-05 9.924455821094324559e-02 5.677806918278761605e-01
7.010541234670704114e+01 3.294850101192742410e-05 9.045352996451011540e-02 5.751227727686269997e-01
7.369979369961600923e+01 2.872051649123764645e-05 8.243369045270808326e-02 5.824535830166519546e-01
7.747846292528217305e+01 2.503049931630049759e-05 7.511805038344829266e-02 5.897701134308235282e-01
8.145086866499057976e+01 2.181035716214639508e-05 6.844502253556906946e-02 5.970630534066841966e-01
8.562694400222423496e+01 1.900078759708382836e-05 6.235872321858793033e-02 6.043286663621747490e-01
9.001713130054676526e+01 1.654965042047324859e-05 5.680764113518628478e-02 6.115536875331959443e-01
9.463240831495036787e+01 1.441164007002438194e-05 5.174518908828664582e-02 6.187330917275999376e-01
9.948431564196151555e+01 1.254710317105006417e-05 4.712875207263558103e-02 6.258605512290522643e-01
1.045849855771433994e+02 1.092099852109115955e-05 4.291867548168255830e-02 6.329080649539772230e-01
1.099471724521542768e+02 9.503532156546844377e-06 3.908036324151702157e-02 6.398932107422142801e-01
1.155842845272200918e+02 8.267698303891740129e-06 3.558027566620911714e-02 6.467720540569166232e-01
1.215104175187690743e+02 7.190747625489950008e-06 3.238955285423032043e-02 6.535590681657172940e-01
1.277403898460648861e+02 6.252266554930082683e-06 2.948068719562188522e-02 6.602257457515148253e-01
1.342897796849734675e+02 5.434579509890517629e-06 2.682889368861605603e-02 6.667531711989348464e-01
1.411749639215168770e+02 4.722225221569496020e-06 2.441147774538380069e-02 6.731161515602165357e-01
1.484131591026187778e+02 4.101837217787717835e-06 2.220807234309350037e-02 6.793067168189705907e-01
1.560224644864394463e+02 3.561619429048928420e-06 2.019976605364420807e-02 6.852975379947282564e-01
1.640219072999485945e+02 3.091367452847055230e-06 1.836956320683866967e-02 6.910770365481579969e-01
1.724314903169036768e+02 2.682052531970562943e-06 1.670160028011187861e-02 6.966061178190022796e-01
1.812722418752032070e+02 2.325892850880771692e-06 1.518169381601117314e-02 7.018654759530390530e-01
1.905662684586848457e+02 2.016080148996492379e-06 1.379685830455749593e-02 7.068319015583209852e-01
2.003368099748494728e+02 1.746610605556112671e-06 1.253502731578635086e-02 7.114569301702883264e-01
2.106082978667353416e+02 1.512345325316921925e-06 1.138554052056143205e-02 7.157274300542560974e-01
2.214064162042512862e+02 1.308745855368919974e-06 1.033848161331495617e-02 7.196083351886517487e-01
2.327581659077297047e+02 1.131854953647389486e-06 9.384808581354261298e-03 7.230624593073698980e-01
2.446919322642916654e+02 9.782179066445090188e-07 8.516257140441050449e-03 7.260471396937459021e-01
2.572375559058498879e+02 8.448562114695261678e-07 7.725441236909342396e-03 7.285446679472968867e-01
2.704264074262317763e+02 7.291334152445107955e-07 7.005454626844742280e-03 7.305072941962191813e-01
2.842914658240042627e+02 6.287747362768410315e-07 6.350110701416369387e-03 7.319085338586536205e-01
2.988674009671481713e+02 5.417861356934140378e-07 5.753718749003091867e-03 7.327128140030512160e-01
3.141906602857868620e+02 4.664352634507473208e-07 5.211122766164756094e-03 7.328944759819908672e-01
3.302995599097462787e+02 4.012071502982685328e-07 4.717597443678382685e-03 7.324245762300498619e-01
3.472343804788374655e+02 3.447838135799039637e-07 4.268850176149165815e-03 7.312826763040207734e-01
3.650374678654371792e+02 2.960190076290180726e-07 3.860985834254652711e-03 7.294611836376343472e-01
3.837533390612260860e+02 2.539068996158670178e-07 3.490411180972528751e-03 7.269445139344029583e-01
4.034287934928555046e+02 2.175758092765105018e-07 3.153882973912556283e-03 7.237382746851209747e-01
4.241130300448911044e+02 1.862648300858255334e-07 2.848437089146856234e-03 7.198565589555319111e-01
4.458577700826506316e+02 1.593085116814964913e-07 2.571352534178587054e-03 7.153165249981744411e-01
4.687173867825576963e+02 1.361291591371122493e-07 2.320163789313342637e-03 7.101573920218484659e-01
4.927490410934046849e+02 1.162213715652470041e-07 2.092603718099413004e-03 7.044231478021573123e-01
5.180128246684984106e+02 9.914458690075472726e-08 1.886598258121762210e-03 6.981693870671891178e-01
5.445719101260938260e+02 8.451565280785072063e-08 1.700256451485613902e-03 6.914696411962938383e-01
5.724927090138447738e+02 7.199889320442590009e-08 1.531826919486569804e-03 6.843936313433807150e-01
6.018450378722650385e+02 6.130311626150796292e-08 1.379713754910668558e-03 6.770283633436744442e-01
6.327022928124463306e+02 5.217459112967686739e-08 1.242447870701059902e-03 6.694644779829246328e-01
6.651416330445650829e+02 4.439163577149056947e-08 1.118665267078572390e-03 6.617802538087467212e-01
6.992441738160994191e+02 3.776252006509359319e-08 1.007119477593226798e-03 6.540603122953718707e-01
7.350951892421985576e+02 3.212071158826048825e-08 9.066590910771858127e-04 6.463773928524322310e-01
7.727843255353874383e+02 2.732172318669006425e-08 8.162184660726765030e-04 6.387828678270531801e-01
8.124058251677936369e+02 2.324129229677490054e-08 7.348241818414067567e-04 6.313201018058521852e-01
8.540587625264155349e+02 1.977239896267232816e-08 6.615823598002514103e-04 6.240119152778892397e-01
8.978472916506958654e+02 1.682348599081850752e-08 5.956801944813502024e-04 6.168700436668668186e-01
9.438809066718714575e+02 1.431605475638206804e-08 5.363740663160821267e-04 6.098811532895117571e-01
9.922747156053346771e+02 1.218377825663047604e-08 4.830009891835907549e-04 6.030426389884402383e-01
1.043149728180628472e+03 1.037013686521789914e-08 4.349608834251258277e-04 5.963410351953115640e-01
1.096633158428801380e+03 8.827199481905363846e-09 3.917151416374658069e-04 5.897627247797726513e-01
1.152858742783748994e+03 7.514777208557477823e-09 3.527913063554141584e-04 5.833304680424725719e-01
1.211967074492957408e+03 6.398137730120449919e-09 3.177514514283298988e-04 5.770272302095452721e-01
1.274105955173854682e+03 5.448603579005595941e-09 2.862228403854304463e-04 5.709158590322623850e-01
1.339430764394840480e+03 4.641045511017597042e-09 2.578520129059991696e-04 5.649979802065702161e-01
1.408104848205140797e+03 3.954180627056050347e-09 2.323227797215642000e-04 5.592831618354907608e-01
1.480299927585014302e+03 3.370005479131754579e-09 2.093532839646012765e-04 5.537962614523297411e-01
1.556196527837648091e+03 2.872841573287168958e-09 1.886779911127274480e-04 5.484982696142365333e-01
1.635984429996447261e+03 2.449673974996838418e-09 1.700671681616152038e-04 5.433955099356901908e-01
1.719863145376471039e+03 2.089316607050189122e-09 1.533096157301390948e-04 5.384633958532211162e-01
1.808042414456641382e+03 1.782496294442382385e-09 1.382237005133684846e-04 5.337338381265924747e-01
1.900742731340188357e+03 1.521143463353807607e-09 1.246390747846472897e-04 5.291885631050013972e-01
1.998195895104759757e+03 1.298512937292738526e-09 1.124069593399256627e-04 5.248445928273234307e-01
2.100645589420852957e+03 1.108531779733527246e-09 1.013783140714008757e-04 5.205671595124384821e-01
2.208347991887921125e+03 9.463461405638302052e-10 9.143172828721077034e-05 5.163245868706257680e-01
2.321572414611807289e+03 8.078893488965445664e-10 8.246103729539720751e-05 5.121165907907210268e-01
2.440601977625289692e+03 6.896897150884155735e-10 7.437049259829073831e-05 5.079428894770575686e-01
2.565734316835632853e+03 5.887834809908512219e-10 6.707373992275917122e-05 5.038032034305596207e-01
2.697282328269386653e+03 5.026405061633536470e-10 6.049289751953724993e-05 4.996972554300426750e-01
2.835574950475434889e+03 4.291008266926517271e-10 5.455772489387531268e-05 4.956247705136571091e-01
2.980957987042702825e+03 3.663204958823553329e-10 4.920487309496877833e-05 4.915854759604660895e-01
3.133794971289250043e+03 3.127253488132140736e-10 4.437720856215199712e-05 4.875791012721893414e-01
3.294468075284922634e+03 2.669715314584914746e-10 4.002320331093592342e-05 4.836053781550589403e-01
3.463379065480592999e+03 2.279118046546947130e-10 3.609638495005841683e-05 4.796640405018623987e-01
3.640950307333554974e+03 1.945667780275615751e-10 3.255484065931383566e-05 4.757548243742122929e-01
3.827625821441170956e+03 1.661003525876149125e-10 2.936076983386581369e-05 4.718774679846918230e-01
4.023872393823642142e+03 1.417987562389753450e-10 2.648008062022759644e-05 4.680317116795544297e-01
4.230180743132199495e+03 1.210526465337395832e-10 2.388202603750971955e-05 4.642172979210250627e-01
4.447066747701334862e+03 1.033418319137244543e-10 2.153887580012233107e-05 4.604339712704227927e-01
4.675072735513344924e+03 8.822222833688556399e-11 1.942562033909654584e-05 4.566814783707324743e-01
4.914768840300775992e+03 7.531472423697080153e-11 1.751970386293690482e-05 4.529595679298529243e-01
5.166754427177720572e+03 6.429567461424028042e-11 1.580078360881313662e-05 4.492679907037179232e-01
5.431659591364801599e+03 5.488878590450323999e-11 1.425051271446955138e-05 4.456064994794215472e-01
5.710146733755425885e+03 4.685818814634741884e-11 1.285234439334950968e-05 4.419748490589743839e-01
6.002912217263044113e+03 4.000252073672852715e-11 1.159135532278429917e-05 4.383727962427227398e-01
6.310688108091153481e+03 3.414988348022465155e-11 1.045408636019410360e-05 4.348000998129173955e-01
6.634244006280128815e+03 2.915352633371143644e-11 9.428398887193385351e-06 4.312565205179124672e-01
6.974388970108182548e+03 2.488816977025652150e-11 8.503345248276088900e-06 4.277418210557416556e-01
7.331973539158482708e+03 2.124686349852814822e-11 7.669051901229395038e-06 4.242557660585755674e-01
7.707891861111141225e+03 1.813830477260065227e-11 6.916614032068987506e-06 4.207981220768059472e-01
8.103083927578147268e+03 1.548454905103993259e-11 6.238000509677334423e-06 4.173686575632730711e-01
8.518537924572025076e+03 1.321905560194661438e-11 5.625968165682742899e-06 4.139671428580509738e-01
8.955292703485578386e+03 1.128501904907721638e-11 5.073984484639429490e-06 4.105933501728708523e-01
9.414440378761499232e+03 9.633945023977128282e-12 4.576157879350314727e-06 4.072470535759641352e-01
9.897129058747319505e+03 8.224434209758156715e-12 4.127174807123383734e-06 4.039280289767430143e-01
1.040456571656430970e+04 7.021144287443322538e-12 3.722243055777661930e-06 4.006360541110752793e-01
1.093801920816896018e+04 5.993903756517202444e-12 3.357040594057595574e-06 3.973709085262169260e-01
1.149882344515380282e+04 5.116955409483209113e-12 3.027669440516078896e-06 3.941323735661374505e-01
1.208838073022117533e+04 4.368310491166998559e-12 2.730614058483939696e-06 3.909202323567379511e-01
1.270816526367042752e+04 3.729197348851782017e-12 2.462703833057402130e-06 3.877342697914292757e-01
1.335972682966652428e+04 3.183590748597698840e-12 2.221079229601039481e-06 3.845742725167599629e-01
1.404469467150771925e+04 2.717810055743215701e-12 2.003161272560135537e-06 3.814400289182661163e-01
1.476478156558243427e+04 2.320176204290979781e-12 1.806624018813167595e-06 3.783313291057303629e-01
1.552178810420236550e+04 1.980718853984075645e-12 1.629369731764649055e-06 3.752479648998215400e-01
1.631760719802116000e+04 1.690926392259451923e-12 1.469506491192817320e-06 3.721897298177636593e-01
1.715422880929701932e+04 1.443532512597168121e-12 1.325327999875959616e-06 3.691564190596821060e-01
1.803374492783486858e+04 1.232334017886932510e-12 1.195295371461097479e-06 3.661478294944653933e-01
1.895835480205053682e+04 1.052035280389863965e-12 1.078020705191745526e-06 3.631637596470864704e-01
1.993037043823734348e+04 8.981154582442306914e-13 9.722522721737714267e-07 3.602040096838547978e-01
2.095222238178608313e+04 7.667151390956145476e-13 8.768611550732153434e-07 3.572683814003631553e-01
2.202646579481454319e+04 6.545395685177208878e-13 7.908291986370616825e-07 3.543566782069818566e-01
2.315578684540369068e+04 5.587760367700715762e-13 7.132381424340644520e-07 3.514687051166723308e-01
2.434300942441707230e+04 4.770233524237644393e-13 6.432598198187455237e-07 3.486042687311226018e-01
2.559110220669883711e+04 4.072316344720855856e-13 5.801473185116306399e-07 3.457631772287521610e-01
2.690318607430719567e+04 3.476509132564351724e-13 5.232270084443241092e-07 3.429452403507545211e-01
2.828254192034512744e+04 2.967872514243931184e-13 4.718913517827600371e-07 3.401502693892319296e-01
2.973261885290210193e+04 2.533652846845080882e-13 4.255924183834554394e-07 3.373780771741580753e-01
3.125704281962085952e+04 2.162962431006425697e-13 3.838360374717414461e-07 3.346284780609257159e-01
3.285962567445517197e+04 1.846506510854794187e-13 3.461765231195091825e-07 3.319012879179110143e-01
3.454437470929026313e+04 1.576350215682400918e-13 3.122119172250687046e-07 3.291963241142201735e-01
3.631550267425979837e+04 1.345719599618998375e-13 2.815796992209396810e-07 3.265134055071615693e-01
3.817743831181556016e+04 1.148831790538851075e-13 2.539529167177753595e-07 3.238523524305625401e-01
4.013483743089039490e+04 9.807499893190044772e-14 2.290366957841732229e-07 3.212129866824389168e-01
4.219259454884566367e+04 8.372596836809930461e-14 2.065650936154817643e-07 3.185951315131332895e-01
4.435585513031406299e+04 7.147629727779496294e-14 1.862982599983930017e-07 3.159986116134813061e-01
4.663002845354139572e+04 6.101883528038432968e-14 1.680198772743062951e-07 3.134232531030724522e-01
4.902080113639969204e+04 5.209137015735377064e-14 1.515348514769620842e-07 3.108688835186084742e-01
5.153415135589398415e+04 4.447005309756816776e-14 1.366672300007473239e-07 3.083353318023459577e-01
5.417636379671867326e+04 3.796378587330755326e-14 1.232583235739595419e-07 3.058224282907132663e-01
5.695404536624281900e+04 3.240942921008464585e-14 1.111650124918741041e-07 3.033300047027452373e-01
5.987414171521994285e+04 2.766771220416581241e-14 1.002582190313668448e-07 3.008578941289544728e-01
6.294395460553275188e+04 2.361974021974912711e-14 9.042152974233943613e-08 2.984059310202828996e-01
6.617116016840114025e+04 2.016401370419174433e-14 8.154995291096094271e-08 2.959739511768095244e-01
6.956382809870861820e+04 1.721388317060637193e-14 7.354879793264472171e-08 2.935617917368353869e-01
7.313044183344273188e+04 1.469537653357599879e-14 6.633266463370251263e-08 2.911692911659644611e-01
7.687991976470644295e+04 1.254534432023619724e-14 5.982453175423404322e-08 2.887962892462897502e-01
8.082163754034375597e+04 1.070987624942368453e-14 5.395493486319169010e-08 2.864426270656659779e-01
8.496545150794286747e+04 9.142949475924408597e-15 4.866122493111791459e-08 2.841081470071291082e-01
8.932172336083906703e+04 7.805274605648847441e-15 4.388689964690729059e-08 2.817926927380265401e-01
9.390134604774527543e+04 6.663310546563936168e-15 3.958100034154071982e-08 2.794961092003090397e-01
9.871577101079767453e+04 5.688423493489487175e-15 3.569756808161171814e-08 2.772182425988714005e-01
1.037770368201258680e+05 4.856168959134614432e-15 3.219515312765311004e-08 2.749589403928534015e-01
1.090977992765488161e+05 4.145678848746690293e-15 2.903637252105127082e-08 2.727180512842010129e-01
1.146913630576689611e+05 3.539138209886458544e-15 2.618751107777473291e-08 2.704954252076809396e-01
1.205717149864963576e+05 3.021338537225333001e-15 2.361816153003899147e-08 2.682909133214472219e-01
1.267535590057915979e+05 2.579296431832700761e-15 2.130089997489039435e-08 2.661043679965807707e-01
1.332523529455816897e+05 2.201928053178233244e-15 1.921099316571303299e-08 2.639356428073257876e-01
1.400843471757866791e+05 1.879771200989175127e-15 1.732613452239695795e-08 2.617845925212728964e-01
1.472666252406089625e+05 1.604748058397286335e-15 1.562620604248461160e-08 2.596510730896489094e-01
1.548171465762921434e+05 1.369962647355554239e-15 1.409306357205878152e-08 2.575349416376659928e-01
1.627547914190663723e+05 1.169527917686877869e-15 1.271034314446489647e-08 2.554360564549523205e-01
1.710994080155731353e+05 9.984181341658467458e-16 1.146328631983046578e-08 2.533542769861752975e-01
1.798718622538203781e+05 8.523428603588391581e-16 1.033858266113039933e-08 2.512894638211639609e-01
1.890940898387710622e+05 7.276393794783383528e-16 9.324227665507932745e-09 2.492414786861681664e-01
1.987891511430313694e+05 6.211808547853127000e-16 8.409394634441824851e-09 2.472101844345785948e-01
2.089812888697938761e+05 5.302979267403356623e-16 7.584319115179255016e-09 2.451954450372856864e-01
2.196959886722229712e+05 4.527117810193361729e-16 6.840194680039339774e-09 2.431971255735846937e-01
2.309600428808625729e+05 3.864770091285916214e-16 6.169078931185328674e-09 2.412150922226945493e-01
2.428016174984180834e+05 3.299328288930345853e-16 5.563808727585393586e-09 2.392492122542456412e-01
2.552503226294341730e+05 2.816614417165501501e-16 5.017923729372934072e-09 2.372993540200372953e-01
2.683372865209793090e+05 2.404524824522072950e-16 4.525597443520634063e-09 2.353653869441390822e-01
2.820952333994774381e+05 2.052726704978438489e-16 4.081575034891953867e-09 2.334471815152377727e-01
2.965585652983192704e+05 1.752399011380215710e-16 3.681117238853084624e-09 2.315446092774186837e-01
3.117634480808650260e+05 1.496011274973883521e-16 3.319949776825099397e-09 2.296575428217668136e-01
3.277479018739408348e+05 1.277134785122507568e-16 2.994217734850693039e-09 2.277858557774292136e-01
3.445518961379595567e+05 1.090281394702982883e-16 2.700444418249018781e-09 2.259294228037783403e-01
3.622174496113909991e+05 9.307659093483416614e-17 2.435494243178096673e-09 2.240881195814959648e-01
3.807887353794944938e+05 7.945886100733044447e-17 2.196539269044628521e-09 2.222618228048532374e-01
4.003121913300411543e+05 6.783349636214989848e-17 1.981029014528940896e-09 2.204504101724470977e-01
4.208366362722213962e+05 5.790900058697425010e-17 1.786663235077256134e-09 2.186537603800259577e-01
4.424133920090965694e+05 4.943652515089633893e-17 1.611367371282570484e-09 2.168717531117565489e-01
4.650964116688389913e+05 4.220362973328817418e-17 1.453270406117137126e-09 2.151042690327586993e-01
4.889424146156553179e+05 3.602895545807580619e-17 1.310684894664549782e-09 2.133511897801323998e-01
5.140110282777408138e+05 3.075767747000524528e-17 1.182088953212576224e-09 2.116123979560145529e-01
5.403649372469085502e+05 2.625762282921851728e-17 1.066110015454806149e-09 2.098877771192300679e-01
5.680700400227193022e+05 2.241595638402357911e-17 9.615101824309600506e-10 2.081772117775853859e-01
5.971956137930564582e+05 1.913635152271044640e-17 8.671730098363562567e-10 2.064805873802266489e-01
6.278144876631795196e+05 1.633657486331519692e-17 7.820915916741201765e-10 2.047977903095112295e-01
6.600032247664229944e+05 1.394642431960417217e-17 7.053578130653826614e-10 2.031287078743288788e-01
6.938423137119094608e+05 1.190596884168264613e-17 6.361526575006174073e-10 2.014732283016150427e-01
7.294163698479967425e+05 1.016404569448849867e-17 5.737374650838061184e-10 1.998312407294289827e-01
7.668143468447235646e+05 8.676977594458719727e-18 5.174460484595199238e-10 1.982026351990757718e-01
8.061297591243179049e+05 7.407477537764750883e-18 4.666775822758260098e-10 1.965873026482818087e-01
8.474609156959623797e+05 6.323713859481534119e-18 4.208901902858922829e-10 1.949851349035310877e-01
8.909111659795242595e+05 5.398512080897359699e-18 3.795951616424386161e-10 1.933960246729100607e-01
9.365891582329371013e+05 4.608673531914739006e-18 3.423517346519133370e-10 1.918198655389281859e-01
9.846091112294379855e+05 3.934393663566787068e-18 3.087623923130389158e-10 1.902565519513831072e-01
1.035091099863994634e+06 3.358765465316725816e-18 2.784686194267488692e-10 1.887059792202980257e-01
1.088161355403086869e+06 2.867355535738900743e-18 2.511470759911093581e-10 1.871680435089080330e-01
1.143952581128624268e+06 2.447842176904490535e-18 2.265061460380309597e-10 1.856426418267106693e-01
1.202604284165272489e+06 2.089706437987443217e-18 2.042828250758452892e-10 1.841296720225661654e-01
1.264263124320930336e+06 1.783968361264405663e-18 1.842399129159240668e-10 1.826290327778554712e-01
1.329083280812643003e+06 1.522961817095649376e-18 1.661634819210684144e-10 1.811406235997751191e-01
1.397226837794951163e+06 1.300142282056123530e-18 1.498605936528347336e-10 1.796643448142877519e-01
1.468864189654704416e+06 1.109922740422809364e-18 1.351572395470637991e-10 1.782000975599357107e-01
1.544174467085782439e+06 9.475335943689500534e-19 1.218964836366564181e-10 1.767477837808890395e-01
1.623345985009134281e+06 8.089030702404779163e-19 1.099367874985905172e-10 1.753073062204598132e-01
1.706576713458170416e+06 6.905551221962175687e-19 9.915049954628670927e-11 1.738785684145990051e-01
1.794074772606963990e+06 5.895222732306676601e-19 8.942249254285550457e-11 1.724614746854291059e-01
1.886058953179090517e+06 5.032712081403711516e-19 8.064893479276817285e-11 1.710559301349135475e-01
1.982759263538399944e+06 4.296392527373338709e-19 7.273618189616073999e-11 1.696618406381151523e-01
2.084417504829733167e+06 3.667801465832682354e-19 6.559977723733298648e-11 1.682791128377509882e-01
2.191287875607731752e+06 3.131177495315258180e-19 5.916355053842740899e-11 1.669076541367727207e-01
2.303637607465630397e+06 2.673065213182643663e-19 5.335880485768788483e-11 1.655473726934000300e-01
2.421747633253435604e+06 2.281977832496289200e-19 4.812358335374507953e-11 1.641981774137484529e-01
2.545913289556382690e+06 1.948109160348205123e-19 4.340200799066873951e-11 1.628599779469432351e-01
2.676445055190230254e+06 1.663087715658290129e-19 3.914368312464039541e-11 1.615326846778622760e-01
2.813669327560023405e+06 1.419766821219430792e-19 3.530315760718667827e-11 1.602162087223293341e-01
2.957929238823618274e+06 1.212045406658982263e-19 3.183943966307664111e-11 1.589104619200516766e-01
3.109585513900805730e+06 1.034715029149205295e-19 2.871555936549790016e-11 1.576153568295287077e-01
