# [1] k:    [h/Mpc] 
# [2] P:    [Mpc^3/h^3] 
# [3] T:    [Mpc^3/h^3] 
# [4] Delta_k 
3.059023205018257859e-07 3.123691237466548754e-01 3.700445245695901394e+04 4.529879741765708514e-22
3.215862678579245412e-07 3.275301175526686426e-01 3.698677660744016612e+04 5.518410287784076442e-22
3.380743483904743061e-07 3.434269578816002699e-01 3.696910920117946807e+04 6.722662375262357150e-22
3.554077908890640533e-07 3.600953594163587290e-01 3.695145023407656117e+04 8.189711720386757485e-22
3.736299379885273404e-07 3.775727702699138710e-01 3.693379970203314588e+04 9.976907111920697807e-22
3.927863545481053003e-07 3.958984561225086796e-01 3.691615760115442390e+04 1.215411224701267248e-21
4.129249415873286729e-07 4.151135884299628764e-01 3.689852392734591558e+04 1.480643679006296263e-21
4.340960560635169786e-07 4.352613369269535126e-01 3.688089867658228468e+04 1.803756341579061474e-21
4.563526367904018199e-07 4.563869666131225578e-01 3.686328184484010853e+04 2.197380089428570521e-21
4.797503368127355169e-07 4.785379394478194715e-01 3.684567342809787806e+04 2.676902165838052862e-21
5.043476625678916271e-07 5.017640209806581986e-01 3.682807342233602685e+04 3.261067686897935978e-21
5.302061201824328858e-07 5.261173921555190036e-01 3.681048182346993417e+04 3.972712411460841953e-21
5.573903692694645323e-07 5.516527665505935873e-01 3.679289862761781114e+04 4.839655419494022650e-21
5.859683846113473662e-07 5.784275132895952964e-01 3.677532383069884963e+04 5.895786594536062655e-21
6.160116261320592563e-07 6.065017859354516760e-01 3.675775742863427877e+04 7.182391421540206854e-21
6.475952175842278093e-07 6.359386576413890158e-01 3.674019941754786851e+04 8.749764888066028624e-21
6.807981343976415384e-07 6.668042628414829753e-01 3.672264979336466058e+04 1.065917757793501959e-20
7.157034011589609116e-07 6.991679458377630940e-01 3.670510855201172672e+04 1.298527081481976523e-20
7.523982992164306405e-07 7.331024166007540366e-01 3.668757568961838115e+04 1.581897448484839641e-20
7.909745849287134463e-07 7.686839141086345695e-01 3.667005120211550820e+04 1.927106159901508986e-20
8.315287191035797356e-07 8.059923776395925277e-01 3.665253508550268452e+04 2.347647854851419026e-20
8.741621082001717898e-07 8.451116263621353264e-01 3.663502733571475983e+04 2.859962032735206728e-20
9.189813578979717484e-07 8.861295476630615120e-01 3.661752794895505940e+04 3.484075693824174148e-20
9.660985396665287929e-07 9.291382945691620820e-01 3.660003692102897185e+04 4.244386219576127033e-20
1.015631471002508262e-06 9.742344928103079393e-01 3.658255424794381543e+04 5.170615096794578524e-20
1.067704010034801725e-06 1.021519457902575923e+00 3.656507992584182648e+04 6.298969767639861547e-20
1.122446365234364056e-06 1.071099422751347285e+00 3.654761395066748082e+04 7.673559023613643437e-20
1.179995421003214005e-06 1.123085776329389551e+00 3.653015631836724788e+04 9.348117273268100835e-20
1.240495079956737545e-06 1.177595313942007893e+00 3.651270702508891554e+04 1.138810508737566421e-19
1.304096622755184042e-06 1.234750499601614759e+00 3.649526606678274402e+04 1.387326813410549184e-19
1.370959086384113674e-06 1.294679741177632737e+00 3.647783343946737295e+04 1.690075453677946220e-19
1.441249661829700436e-06 1.357517678875614919e+00 3.646040913909704977e+04 2.058891251508643870e-19
1.515144112143284134e-06 1.423405487746557174e+00 3.644299316182688926e+04 2.508191676489506543e-19
1.592827211940548929e-06 1.492491194829336898e+00 3.642558550361488597e+04 3.055540442654034988e-19
1.674493209434307728e-06 1.564930011729465775e+00 3.640818616042107897e+04 3.722334095984089414e-19
1.760346312156213177e-06 1.640884683343492245e+00 3.639079512840608368e+04 4.534638432126594924e-19
1.850601197581954108e-06 1.720525853463240162e+00 3.637341240359986114e+04 5.524207440804242868e-19
1.945483549936765273e-06 1.804032448143823020e+00 3.635603798183587060e+04 6.729724608826928005e-19
2.045230624523543909e-06 1.891592077745648304e+00 3.633867185934642475e+04 8.198315106034786652e-19
2.150091840984688092e-06 1.983401458367146208e+00 3.632131403210110147e+04 9.987387966764676647e-19
2.260329406981118614e-06 2.079666853821311889e+00 3.630396449607148679e+04 1.216688028066765174e-18
2.376218973848010330e-06 2.180604539062586333e+00 3.628662324742920464e+04 1.482199112092676686e-18
2.498050325866710336e-06 2.286441286028986664e+00 3.626929028208362433e+04 1.805651208199244652e-18
2.626128104876382668e-06 2.397414873182036832e+00 3.625196559621002962e+04 2.199688462287645618e-18
2.760772572037287162e-06 2.513774619665657184e+00 3.623464918585350824e+04 2.679714282120151607e-18
2.902320408650496801e-06 2.635781945426110884e+00 3.621734104686341743e+04 3.264493475716337923e-18
3.051125558036519890e-06 2.763710958610479551e+00 3.620004117545353074e+04 3.976885791190458087e-18
3.207560110577962700e-06 2.897849071326208392e+00 3.618274956770756398e+04 4.844739532756953829e-18
3.372015234139298021e-06 3.038497645346267984e+00 3.616546621954659349e+04 5.901980185643396034e-18
3.544902152190277809e-06 3.185972669227516541e+00 3.614819112712397327e+04 7.189936605728790412e-18
3.726653172078803499e-06 3.340605468163691416e+00 3.613092428643043968e+04 8.758956615959787252e-18
3.917722766024474580e-06 3.502743448402188431e+00 3.611366569355729735e+04 1.067037516563593301e-17
4.118588707535861475e-06 3.672750877729682006e+00 3.609641534459764080e+04 1.299891199006147555e-17
4.329753266093139866e-06 3.851009703834518572e+00 3.607917323554796167e+04 1.583559249811871516e-17
4.551744463083409039e-06 4.037920412464511166e+00 3.606193936257073801e+04 1.929130606923959287e-17
4.785117392129195949e-06 4.233902927095527957e+00 3.604471372160067403e+04 2.350114085721399032e-17
5.030455607111644826e-06 4.439397552446327389e+00 3.602749630877119489e+04 2.862966455502319979e-17
5.288372581359179674e-06 4.654865963642255799e+00 3.601028712018473016e+04 3.487735755105003081e-17
5.559513241650373021e-06 4.880792243419540988e+00 3.599308615184731752e+04 4.248844995734109220e-17
5.844555580866815540e-06 5.117683969740888017e+00 3.597589339986515552e+04 5.176046886967009219e-17
6.144212353328471540e-06 5.366073356124043237e+00 3.595870886034626164e+04 6.305586907272193625e-17
6.459232857050738118e-06 5.626518447310409954e+00 3.594153252930239250e+04 7.681620184933871455e-17
6.790404807379771878e-06 5.899604373076651420e+00 3.592436440291067265e+04 9.357937577189681946e-17
7.138556306691162195e-06 6.185944662695665563e+00 3.590720447712131136e+04 1.140006842176537335e-16
7.504557915077204533e-06 6.486182623459106011e+00 3.589005274808247486e+04 1.388784216061871059e-16
7.889324827200587103e-06 6.800992785895076054e+00 3.587290921191147936e+04 1.691850897231222621e-16
8.293819160757753291e-06 7.131082419175765352e+00 3.585577386462958384e+04 2.061054140270648590e-16
8.719052362274285227e-06 7.477193120192016096e+00 3.583864670239045518e+04 2.510826560476711254e-16
9.166087736248057605e-06 7.840102479562617077e+00 3.582152772121915768e+04 3.058750322762527777e-16
9.636043103964330830e-06 8.220625828716991990e+00 3.580441691727301077e+04 3.726244450449234757e-16
1.013009359863121538e-05 8.619618071566234718e+00 3.578731428661344398e+04 4.539402121570843315e-16
1.064947460382478790e-05 9.037975605213940611e+00 3.577021982530380774e+04 5.530010683759615206e-16
1.119548484259151579e-05 9.476638333901055589e+00 3.575313352950691478e+04 6.736794261348427144e-16
1.176948962493235138e-05 9.936591780530047657e+00 3.573605539525733911e+04 8.206927529622777437e-16
1.237292426178888029e-05 1.041886930090877250e+01 3.571898541868908069e+04 9.997879831793742984e-16
1.300729765406831334e-05 1.092455440529595379e+01 3.570192359593794390e+04 1.217966172728764779e-15
1.367419606568169201e-05 1.145478319263118294e+01 3.568486992307662877e+04 1.483756179179259226e-15
1.437528709002991615e-05 1.201074690301120818e+01 3.566782439621218509e+04 1.807548065411587299e-15
1.511232381985586521e-05 1.259369459395198909e+01 3.565078701142111095e+04 2.201999260130798287e-15
1.588714923088939049e-05 1.320493594665397019e+01 3.563375776484663947e+04 2.682529352552764880e-15
1.670170079024660794e-05 1.384584420836206142e+01 3.561673665263378643e+04 3.267922863376829089e-15
1.755801530110687162e-05 1.451785927749704186e+01 3.559972367083224526e+04 3.981063555110353947e-15
1.845823399578163895e-05 1.522249093878283865e+01 3.558271881562313501e+04 4.849828986930115785e-15
1.940460788991057802e-05 1.596132225503131963e+01 3.556572208309225971e+04 5.908180283199665231e-15
2.039950341117315543e-05 1.673601312380647244e+01 3.554873346932734421e+04 7.197489716193321117e-15
2.144540831659045798e-05 1.754830400673351321e+01 3.553175297051497910e+04 8.768157999868560428e-15
2.254493791321357228e-05 1.840001983950047304e+01 3.551478058271427290e+04 1.068158451655003071e-14
2.370084159775344190e-05 1.929307413210511513e+01 3.549781630211545416e+04 1.301256749548993824e-14
2.491600973150475266e-05 2.022947326758604802e+01 3.548086012478140037e+04 1.585222796880167098e-14
2.619348086775470484e-05 2.121132100990513791e+01 3.546391204687373101e+04 1.931157180640595092e-14
2.753644934974891994e-05 2.224082323028018848e+01 3.544697206455584092e+04 2.352582907390789079e-14
2.894827329821342076e-05 2.332029286292825532e+01 3.543004017392846436e+04 2.865974034444658222e-14
3.043248300840562692e-05 2.445215510153988703e+01 3.541311637112647441e+04 3.491399661328318659e-14
3.199278977769132648e-05 2.563895284771790983e+01 3.539620065222217818e+04 4.253308455895077363e-14
3.363309518572123809e-05 2.688335242436346562e+01 3.537929301348292211e+04 5.181484383306526988e-14
3.535750085041236633e-05 2.818814956543181438e+01 3.536239345098469494e+04 6.312210998296714143e-14
3.717031868412924126e-05 2.955627569730990345e+01 3.534550196085364587e+04 7.689689814630996503e-14
3.907608167571078754e-05 3.099080452470310121e+01 3.532861853924995376e+04 9.367768197418569337e-14
4.107955522530357004e-05 3.249495893610764341e+01 3.531174318231953657e+04 1.141204432376420376e-13
4.318574906034433776e-05 3.407211824454686422e+01 3.529487588621016039e+04 1.390243149733860133e-13
4.539992976248807967e-05 3.572582577971513018e+01 3.527801664707141754e+04 1.693628205909737911e-13
4.772763393680535859e-05 3.745979684861042358e+01 3.526116546105475572e+04 2.063219301171986961e-13
5.017468205617894183e-05 3.927792708253957699e+01 3.524432232431345619e+04 2.513464212437362762e-13
5.274719301551768723e-05 4.118430118925031280e+01 3.522748723300264101e+04 3.061963574892311782e-13
5.545159943218107865e-05 4.318320212989101492e+01 3.521066018329525832e+04 3.730158912779618156e-13
5.829466373087315435e-05 4.527912074114206575e+01 3.519384117130208324e+04 4.544170815308675793e-13
6.128349505322671351e-05 4.747676582496084308e+01 3.517703019323175977e+04 5.535820023103098905e-13
6.442556703436033705e-05 4.978107472727781158e+01 3.516022724524672958e+04 6.743871340614537949e-13
6.772873649085907528e-05 5.219722443051645655e+01 3.514343232347929734e+04 8.215549000674868807e-13
7.120126306690828879e-05 5.473064318470372314e+01 3.512664542411158618e+04 1.000838271869219143e-12
7.485182988770643921e-05 5.738702270263573979e+01 3.510986654329558223e+04 1.219245660095226016e-12
7.868956527180084881e-05 6.017233094748706890e+01 3.509309567724896624e+04 1.485314881981249926e-12
8.272406555663884206e-05 6.309282554023026535e+01 3.507633282209546451e+04 1.809446915284217002e-12
8.696541909440986997e-05 6.615506781886037402e+01 3.505957797402447613e+04 2.204312485487429328e-12
9.142423147818073699e-05 6.936593757918515735e+01 3.504283112921128486e+04 2.685347380258770616e-12
9.611165206140254191e-05 7.273264853138928743e+01 3.502609228383297159e+04 3.271355853645251608e-12
1.010394018371016720e-04 7.626276450673972818e+01 3.500936143406847987e+04 3.985245707818923275e-12
1.062198027464676133e-04 7.996421645088919661e+01 3.499263857609854313e+04 4.854923787637405526e-12
1.116658084901241013e-04 8.384532024195848976e+01 3.497592370610574289e+04 5.914386894018453863e-12
1.173910369191279803e-04 8.791479537346947382e+01 3.495921682028242503e+04 7.205050761296429506e-12
1.234098040866900780e-04 9.218178454386399778e+01 3.494251791479891108e+04 8.777369049924158732e-12
1.297371600457651012e-04 9.665587419720816342e+01 3.492582698585119215e+04 1.069280564301035762e-11
1.363889264820232711e-04 1.013471160604519810e+02 3.490914402962913300e+04 1.302623734616496139e-11
1.433817362763056455e-04 1.062660497262089905e+02 3.489246904232441011e+04 1.586888091522925724e-11
1.507330750954898936e-04 1.114237263315642679e+02 3.487580202013053349e+04 1.933185883303937374e-11
1.584613251157653230e-04 1.168317333861986071e+02 3.485914295925074111e+04 2.355054322589787041e-11
1.665858109876483387e-04 1.225022208052908752e+02 3.484249185586631938e+04 2.868984772880387898e-11
1.751268481576742783e-04 1.284479282064735060e+02 3.482584870618415880e+04 3.495067416520600559e-11
1.841057936675958640e-04 1.346822135311263366e+02 3.480921350640501623e+04 4.257776604983489141e-11
1.935450995581117185e-04 1.412190830550870828e+02 3.479258625273147481e+04 5.186927591797945214e-11
2.034683690106629794e-04 1.480732228558941017e+02 3.477596694136795122e+04 6.318842047998701752e-11
2.139004153676812446e-04 1.552600318073756682e+02 3.475935556852853915e+04 7.697767921555738674e-11
2.248673241788693637e-04 1.627956561752610867e+02 3.474275213040150993e+04 9.377609144836868569e-11
2.363965184286629729e-04 1.706970258928342616e+02 3.472615662321646232e+04 1.142403280658989266e-10
2.485168271079757005e-04 1.789818925959771434e+02 3.470956904317317822e+04 1.391703616031677896e-10
2.612585573016925852e-04 1.876688695053748006e+02 3.469298938648907642e+04 1.695407381672077007e-10
2.746535699721688829e-04 1.967774732437773366e+02 3.467641764937940752e+04 2.065386736598628559e-10
2.887353596282311993e-04 2.063281676831137759e+02 3.465985382806124835e+04 2.516104635282640477e-10
3.035391380788964293e-04 2.163424099197654016e+02 3.464329791875741648e+04 3.065180202579429480e-10
3.191019224812350285e-04 2.268426984810155602e+02 3.462674991768071777e+04 3.734077487293091439e-10
3.354626279025451924e-04 2.378526238717270189e+02 3.461020982105758594e+04 4.548944518620929945e-10
3.526621646282911485e-04 2.493969215738425760e+02 3.459367762511328328e+04 5.541635465227946850e-10
3.707435404591257876e-04 2.615015276184403774e+02 3.457715332607342862e+04 6.750955854432572984e-10
3.897519682527942697e-04 2.741936368550164502e+02 3.456063692016518326e+04 8.224179528673177898e-10
4.097349789798286580e-04 2.874975458486530329e+02 3.454387498850384145e+04 1.001874964261783764e-09
4.307425405757319271e-04 3.014495415377026006e+02 3.452726890535917482e+04 1.220501120315169151e-09
4.528271828868440083e-04 3.160848770129865670e+02 3.451101266146571288e+04 1.486864678560166759e-09
4.760441290223192071e-04 3.314324802626662745e+02 3.449485379553480743e+04 1.811369146977721986e-09
5.004514334406633081e-04 3.475251503861512674e+02 3.447869550325188902e+04 2.206695002666316925e-09
5.261101271161193775e-04 3.643973646856498476e+02 3.446245806656236527e+04 2.688286006209259388e-09
5.530843701478924991e-04 3.820826355293962706e+02 3.444595407416619855e+04 3.274927702514376847e-09
5.814416121938181326e-04 4.006160903704462726e+02 3.442902253066197591e+04 3.989486288209758497e-09
6.112527611296385451e-04 4.200356200603925458e+02 3.441157022308908927e+04 4.859805429539835810e-09
6.425923603556274889e-04 4.403805852421799614e+02 3.439350548794515635e+04 5.919773595681556405e-09
6.755387751939181127e-04 4.616898787345245410e+02 3.437466452329790627e+04 7.210600913129946405e-09
7.101743888426273075e-04 4.840055492463065434e+02 3.435495569524962048e+04 8.782448636278485209e-09
7.465858083767621441e-04 5.073687103059075412e+02 3.433420481223432580e+04 1.069628904652721681e-08
7.848640813110194670e-04 5.318243595528580272e+02 3.431232896583789989e+04 1.302632315532323803e-08
8.251049232659968648e-04 5.574188148468117561e+02 3.428923743118590937e+04 1.586278427099072652e-08
8.674089573071004124e-04 5.841940587358653829e+02 3.426466687058560638e+04 1.931519524776614725e-08
9.118819655546198935e-04 6.122021335666563573e+02 3.423862348955479683e+04 2.351694902459813626e-08
9.586351536941296880e-04 6.414871383953473014e+02 3.421084366844484612e+04 2.862979673247093721e-08
1.007785429048626679e-03 6.721038466911072646e+02 3.418132779356582614e+04 3.485064855868153035e-08
1.059455692907732439e-03 7.041020003807577723e+02 3.414990175453279517e+04 4.241839520196069926e-08
1.113775147844932919e-03 7.375285714643539450e+02 3.411630788490641862e+04 5.162281433870704041e-08
1.170879620791311689e-03 7.724381975186453246e+02 3.408045640470170474e+04 6.281606714740833944e-08
1.230911902673626282e-03 8.088827932462723993e+02 3.404217192835747846e+04 7.642523270800793965e-08
1.294022105466001958e-03 8.469152123158711447e+02 3.400128730827801337e+04 9.296838329722212947e-08
1.360368037548055848e-03 8.865880100052892203e+02 3.395762053100610501e+04 1.130736394871153581e-07
1.430115598308045934e-03 9.279500693109281428e+02 3.391091897580435761e+04 1.375017729774381192e-07
1.503439192977754080e-03 9.710636772226463336e+02 3.386117627352715499e+04 1.671766319541255994e-07
1.580522168736409397e-03 1.015972609978465698e+03 3.380804958017855824e+04 2.032141915926200772e-07
1.661557273174137529e-03 1.062723688267659327e+03 3.375127847141942766e+04 2.469656587256456808e-07
1.746747136261333697e-03 1.111373326164258060e+03 3.369077203550692502e+04 3.000684589231120481e-07
1.836304777029133936e-03 1.161966896811325341e+03 3.362627708064932813e+04 3.645006495874046831e-07
1.930454136227949345e-03 1.214540381013989645e+03 3.355743979642886552e+04 4.426502176093086536e-07
2.029430636295988157e-03 1.269152677650163469e+03 3.348426007016294898e+04 5.374112652801640111e-07
2.133481770037976965e-03 1.325822035522379565e+03 3.340621858917688223e+04 6.522623347434963398e-07
2.242867719486086112e-03 1.384595807220768165e+03 3.332323371608289017e+04 7.914149542964651198e-07
2.357862006490532136e-03 1.445503371921443659e+03 3.323503331587851426e+04 9.599409564228136798e-07
2.478752176666675511e-03 1.508572081658845718e+03 3.314137538531369501e+04 1.163953554439127573e-06
2.605840518408833982e-03 1.573804351520037699e+03 3.304180749380068301e+04 1.410796906682930591e-06
2.739444818768723561e-03 1.641230478376835435e+03 3.293624945730476611e+04 1.709336249354204804e-06
2.879899158088616417e-03 1.710849311838836684e+03 3.282435245291371393e+04 2.070207420694001535e-06
3.027554745376210416e-03 1.782651902067668289e+03 3.270577855309133520e+04 2.506183236499585113e-06
3.182780796510085389e-03 1.856626968901950931e+03 3.258025481197834961e+04 3.032599791187420618e-06
3.345965457471714814e-03 1.932745633069910582e+03 3.244743944161281615e+04 3.667831019393174727e-06
3.517516774912597243e-03 2.010988105018235274e+03 3.230715847371601558e+04 4.433924486556280532e-06
3.697863716483424691e-03 2.091291803135488863e+03 3.215897955883078248e+04 5.357196768651027257e-06
3.887457243476651579e-03 2.173600419661325759e+03 3.200263420892337308e+04 6.469144388580085544e-06
4.086771438464619106e-03 2.257835459813738908e+03 3.183779254437598138e+04 7.807349064577761048e-06
4.296304690752923532e-03 2.343896544401501160e+03 3.166408583096029906e+04 9.416595572579937419e-06
4.516580942613284376e-03 2.431698016044500946e+03 3.148136001165948619e+04 1.135035101689419740e-05
4.748150999412126434e-03 2.521078775460500310e+03 3.128908078743772421e+04 1.367194304661166028e-05
4.991593906910903912e-03 2.611912867146224926e+03 3.108707563683603439e+04 1.645684889679267297e-05
5.247518399182111472e-03 2.704013060770206266e+03 3.087492069949181314e+04 1.979433672946761649e-05
5.516564420761540903e-03 2.797209748924130963e+03 3.065242975245373236e+04 2.379037974992047856e-05
5.799404726842954938e-03 2.891284829145655294e+03 3.041926798048102137e+04 2.857007569155755041e-05
6.096746565516493986e-03 2.985954857270401590e+03 3.017490210622531231e+04 3.428056123104421314e-05
6.409333446257287764e-03 3.080978458263216453e+03 2.991916802996198021e+04 4.109580764293280269e-05
6.737946999086424568e-03 3.176049697686481522e+03 2.965171092760148531e+04 4.921985385982620518e-05
7.083408929053131541e-03 3.270872785126740837e+03 2.937236188822150507e+04 5.889261735319609555e-05
7.446583070925409317e-03 3.365024120207235683e+03 2.908051312673897701e+04 7.039301332704637744e-05
7.828377549226901017e-03 3.458162941271165437e+03 2.877607997053491272e+04 8.404869984686273200e-05
8.229747049021221908e-03 3.549876934924867328e+03 2.845879354959059128e+04 1.002404521604419982e-04
8.651695203121895217e-03 3.639635554246118772e+03 2.812805591640685452e+04 1.194075508447003828e-04
9.095277101697147801e-03 3.727019639843375899e+03 2.778385724465563180e+04 1.420625956323068328e-04
9.561601930544914862e-03 3.811445984330788633e+03 2.742568690805192091e+04 1.687920569839330542e-04
1.005183574463506743e-02 3.892355628517848345e+03 2.705327309216395224e+04 2.002713944756401353e-04
1.056720438385422289e-02 3.969185405492347854e+03 2.666644878461548433e+04 2.372749916439811414e-04
1.110899653824396448e-02 4.041253571996664505e+03 2.626476216898666462e+04 2.806796037489570116e-04
1.167856697039719623e-02 4.107919243644593735e+03 2.584802121079256176e+04 3.314826658610517027e-04
1.227733990307029038e-02 4.168488145285115934e+03 2.541596296546977101e+04 3.908064011624746027e-04
1.290681258048182248e-02 4.222230101223205565e+03 2.496831089360609622e+04 4.599060976750920246e-04
1.356855901220299469e-02 4.268403996283123888e+03 2.450484186930925352e+04 5.401780841729320699e-04
1.426423390900143431e-02 4.306291224786743442e+03 2.402546349411621122e+04 6.331680784448132874e-04
1.499557682048000690e-02 4.335144348619115590e+03 2.353004667522955788e+04 7.405652846698343580e-04
1.576441648485692182e-02 4.354145243962957466e+03 2.301830785151801683e+04 8.641852933322904853e-04
1.657267540176381518e-02 4.362702977758802263e+03 2.249058190294581436e+04 1.006013428507214784e-03
1.742237463949622076e-02 4.360083056584579026e+03 2.194679874355860011e+04 1.168118941340518663e-03
1.831563888873704443e-02 4.345701034612214244e+03 2.138723559630363161e+04 1.352683901788452863e-03
1.925470177538994923e-02 4.319044835903352578e+03 2.081227318876301069e+04 1.561954436027338531e-03
2.024191144580758314e-02 4.279765977418212060e+03 2.022258192944714392e+04 1.798228359749029850e-03
2.127973643838054069e-02 4.227554441679406409e+03 1.961878591367524496e+04 2.063755302081796660e-03
2.237077185616915750e-02 4.162348847399442093e+03 1.900192905445657743e+04 2.360758928975672990e-03
2.351774585601286785e-02 4.084369636549356073e+03 1.837350046960948748e+04 2.691425584696946136e-03
2.472352647034336062e-02 3.993939381539979422e+03 1.773499419821995980e+04 3.057757068969795943e-03
2.599112877875953478e-02 3.891699940109486761e+03 1.708838109992757381e+04 3.461664942125047828e-03
2.732372244729698585e-02 3.778630823220652928e+03 1.643612401479662003e+04 3.905029484230323773e-03
2.872463965424410307e-02 3.655957177849587879e+03 1.578096872073491249e+04 4.389702891782361165e-03
3.019738342232343442e-02 3.525252019861661665e+03 1.512617514887220204e+04 4.917771763949712986e-03
3.174563637807315680e-02 3.388390881162928508e+03 1.447543831064917140e+04 5.491814704030741068e-03
3.337326996033158216e-02 3.247476570417258699e+03 1.383276232190187693e+04 6.115226818431584305e-03
3.508435410085083278e-02 3.104872273257291454e+03 1.320257678724105062e+04 6.792888012946481091e-03
3.688316740124613496e-02 2.963015102065235169e+03 1.258939024347453233e+04 7.531626123608044406e-03
3.877420783172848273e-02 2.822986150394120159e+03 1.199480157655158109e+04 8.336961729491585565e-03
4.076220397837305304e-02 2.687713919509254083e+03 1.142434067862763732e+04 9.222024532069472355e-03
4.285212686704739649e-02 2.560443524200512002e+03 1.088424118102706416e+04 1.020710555532415229e-02
4.504920239356542677e-02 2.443185888795569554e+03 1.037814520245593121e+04 1.131587362391708006e-02
4.735892439114896407e-02 2.336991711393077821e+03 9.907657933634372966e+03 1.257572180790798855e-02
4.978706836787243073e-02 2.241792622972823210e+03 9.471986418695298198e+03 1.401571821732007332e-02
5.233970594844135349e-02 2.156543430802320472e+03 9.068247903365239836e+03 1.566470797095476097e-02
5.502322005641668845e-02 2.079452601035485259e+03 8.692000114686021334e+03 1.754919872552256413e-02
5.784432087484844831e-02 2.008816367507369705e+03 8.339043909955416893e+03 1.969666402234067359e-02
6.081006262522850592e-02 1.945789459021492803e+03 8.011152436599233624e+03 2.216626175095251852e-02
6.392786120671870020e-02 1.880324243934921924e+03 7.687132663751365726e+03 2.488705622161619530e-02
6.720551273976151097e-02 1.810606189377822147e+03 7.363103997115440507e+03 2.784254666091948160e-02
7.065121306044198912e-02 1.732710794889515000e+03 7.030932129583769893e+03 3.095673923533134864e-02
7.427357821434696361e-02 1.643754161121061315e+03 6.684504633089458366e+03 3.412008978702798373e-02
7.808166600116696332e-02 1.543015218146511188e+03 6.321742930974420233e+03 3.721240009933820397e-02
8.208499862391337165e-02 1.432558149703689196e+03 5.945779340517353376e+03 4.013967985596160470e-02
8.629358649938589920e-02 1.316904689272867245e+03 5.564559118636301719e+03 4.287065915986479347e-02
9.071795328942874881e-02 1.202086278699083095e+03 5.189462040641820749e+03 4.546588290927314202e-02
9.536916221556676621e-02 1.094662970571135475e+03 4.833877765577988612e+03 4.810326874912043693e-02
1.002588437228218304e-01 1.000782427529855340e+03 4.511554592564463746e+03 5.109495310681398672e-02
1.053992245618834284e-01 9.246648125315809921e+02 4.233011788140555836e+03 5.484876298268897415e-02
1.108031583623540345e-01 8.667494504234625765e+02 4.000414849423568285e+03 5.973381510553660984e-02
1.164841577735182265e-01 8.233130502930652028e+02 3.805762424198198005e+03 6.592283109417797216e-02
1.224564282530043596e-01 7.875326001386692951e+02 3.633242412861045068e+03 7.326280856514424955e-02
1.287349035878279091e-01 7.506799720639888847e+02 3.462489383781475681e+03 8.113608055835795640e-02
1.353352832366376823e-01 7.043502847420842272e+02 3.273831432247019166e+03 8.844882380737940919e-02
1.422740715865399574e-01 6.459052429772104915e+02 3.060182326495726102e+03 9.423589284138740585e-02
1.495686192226629019e-01 5.810699294128554584e+02 2.833205193184785458e+03 9.849634459397252351e-02
1.572371663136570008e-01 5.189654445963301441e+02 2.613569059468348314e+03 1.022055137533307567e-01
1.652988882216175348e-01 4.676894076634278008e+02 2.421834476724382512e+03 1.070132590867817340e-01
1.737739434504778357e-01 4.316057510449888923e+02 2.270963911470714720e+03 1.147391034007591154e-01
1.826835240527691917e-01 4.066769315904245445e+02 2.151752525035412873e+03 1.256081847452821532e-01
1.920499086207905493e-01 3.835123251800825983e+02 2.039661723574728285e+03 1.376232784104214346e-01
2.018965179946938526e-01 3.545948254168123412e+02 1.914412894746246820e+03 1.478390419453565752e-01
2.122479738267836202e-01 3.190884917920303678e+02 1.772661920751376556e+03 1.545653207132541840e-01
2.231301601484726449e-01 2.840008134451930459e+02 1.632416845637606002e+03 1.598323461208959184e-01
2.345702880938428103e-01 2.566854576384967572e+02 1.514861189070464889e+03 1.678380895140551277e-01
2.465969639416541459e-01 2.377850194825867050e+02 1.423198190360896206e+03 1.806416641186964489e-01
2.592402606459418002e-01 2.209058789708499262e+02 1.338991146608966801e+03 1.949776722091412784e-01
2.725317930340656614e-01 2.008837208993941772e+02 1.246371103237619764e+03 2.059996694955058549e-01
2.865047968602461026e-01 1.794742172423328270e+02 1.149944721993111216e+03 2.138296965756778800e-01
3.011942119122611450e-01 1.618780169323385962e+02 1.066033368406058798e+03 2.240773705424173867e-01
3.166367693791155569e-01 1.485070871812607152e+02 9.966699907838933541e+02 2.388369278866315781e-01
3.328710836981453314e-01 1.355653954633737044e+02 9.295080293246269321e+02 2.533070714638772092e-01
3.499377491112247163e-01 1.217412462014679733e+02 8.598021474099335819e+02 2.642897888898246284e-01
3.678794411715154977e-01 1.096210689473047353e+02 7.963933063820643383e+02 2.764909023931420018e-01
3.867410234545784475e-01 9.971258306106931002e+01 7.414066876325434805e+02 2.922004983913188969e-01
4.065696597406806001e-01 9.011233667327050512e+01 6.879780342470697860e+02 3.068028638330885793e-01
4.274149319488126375e-01 8.093774455363364950e+01 6.364421387548817393e+02 3.201624746190304682e-01
4.493289641173122684e-01 7.311312821192288425e+01 5.904484561818969723e+02 3.360151572662821162e-01
4.723665527411103904e-01 6.592892010101509470e+01 5.472971925975069780e+02 3.520332108795232728e-01
4.965853037915104462e-01 5.922381820023729659e+01 5.063308298362501318e+02 3.674076968834205092e-01
5.220457767611225153e-01 5.332519591462457242e+01 4.689789294975307712e+02 3.843514102798996079e-01
5.488116360941387439e-01 4.791192305459300371e+01 4.339201653288685634e+02 4.012211275972286662e-01
5.769498103806052214e-01 4.301612049202213939e+01 4.013327333125766359e+02 4.185194093901805079e-01
6.065306597127584354e-01 3.861613774144131384e+01 3.711712344400935990e+02 4.365131898101160535e-01
6.376281516219051149e-01 3.462016796500897442e+01 3.430484094179320778e+02 4.546758412053691911e-01
6.703200460357783275e-01 3.103033644952526515e+01 3.170187855051632368e+02 4.734818819718586980e-01
7.046880897188601001e-01 2.778746332876465175e+01 2.928310588075624992e+02 4.926176357032847619e-01
7.408182206818726412e-01 2.487115246669477742e+01 2.704217209820866969e+02 5.122726091549777427e-01
7.788007830715680813e-01 2.224573938654673455e+01 2.496421825571947863e+02 5.323487548317978879e-01
8.187307530781540166e-01 1.988520998823291208e+01 2.303883794647206571e+02 5.528709249236837264e-01
8.607079764252394405e-01 1.776429777431215129e+01 2.125545628744029898e+02 5.738333520971918844e-01
9.048374180361511421e-01 1.586045288614447735e+01 1.960447123308777009e+02 5.952473882859152798e-01
9.512294245009160765e-01 1.415270748035734627e+01 1.807665365560364990e+02 6.171143098206345323e-01
1.000000000000213163e+00 1.262176222359330069e+01 1.666323042833416253e+02 6.394259440737180000e-01
1.051271096376248826e+00 1.125032830754106072e+01 1.535616365370392771e+02 6.621854401885756136e-01
1.105170918075884856e+00 1.002229629247114495e+01 1.414766225797402228e+02 6.853711847378591848e-01
1.161834242728533306e+00 8.923925773756582913e+00 1.303106677287439084e+02 7.090203905161850395e-01
1.221402758160433644e+00 7.941786046078640915e+00 1.199946871710929912e+02 7.331032265918909774e-01
1.284025416688019838e+00 7.064407818927032956e+00 1.104693347262122813e+02 7.576469563656607065e-01
1.349858807576296504e+00 6.280627013530747149e+00 1.016731525052523750e+02 7.825972103198800545e-01
1.419067548593566874e+00 5.581280676035883737e+00 9.355621660941308448e+01 8.080036603264615369e-01
1.491824697641596753e+00 4.957555031700318082e+00 8.606774449568449370e+01 8.338562361395164269e-01
1.568312185490513100e+00 4.401519335646153941e+00 7.916056548421263983e+01 8.601425330337981734e-01
1.648721270700491237e+00 3.906066163228401500e+00 7.279110454503755534e+01 8.868528727370995624e-01
1.733253017867778301e+00 3.464963374472372681e+00 6.692043678398522388e+01 9.140181135737941442e-01
1.822118800390913007e+00 3.072330813069791056e+00 6.150980665144345494e+01 9.416040176385540583e-01
1.915540829014322100e+00 2.723025932772555446e+00 5.652456036673551409e+01 9.696081918542401867e-01
2.013752707470925607e+00 2.412499041101006991e+00 5.193328687597347937e+01 9.980580924487739702e-01
2.117000016613148627e+00 2.136525648951053125e+00 4.770536485899398116e+01 1.026930266963298255e+00
2.225540928492967474e+00 1.891403266092463786e+00 4.381332010059739446e+01 1.056236448888044244e+00
2.339646851926517890e+00 1.673741617880981414e+00 4.023085251815552965e+01 1.085949432948526860e+00
2.459603111157505406e+00 1.480599491989217364e+00 3.693471540981393275e+01 1.116099609340260423e+00
2.585709659316432152e+00 1.309256961038088640e+00 3.390231351435457441e+01 1.146659369305024434e+00
2.718281828459663263e+00 1.157339844561903641e+00 3.111345738445933407e+01 1.177645589223135225e+00
2.857651118063815776e+00 1.022689492123432187e+00 2.854898343242415493e+01 1.209042787562290000e+00
3.004166023947120401e+00 9.034052126639003921e-01 2.619153662408958283e+01 1.240865303948241349e+00
3.158192909690492378e+00 7.977592936241878485e-01 2.402462124708379321e+01 1.273087030436354627e+00
3.320116922737311960e+00 7.042372424337587367e-01 2.203337563497592555e+01 1.305717972836530683e+00
3.490342957462647444e+00 6.214879531472925489e-01 2.020406851913660518e+01 1.338774035103610816e+00
3.669296667620093988e+00 5.482779536886822624e-01 1.852353190962533347e+01 1.372206656014426152e+00
3.857425530697870641e+00 4.835525438991295499e-01 1.698033184289869979e+01 1.406068837197894661e+00
4.055199966845619564e+00 4.263358814405379116e-01 1.556328285948677959e+01 1.440319924132428042e+00
4.263114515169814212e+00 3.757774126327972364e-01 1.426236461186391580e+01 1.474965720491670629e+00
4.481689070339116121e+00 3.311208787644082663e-01 1.306833963228227447e+01 1.510017545222530622e+00
4.711470182591849465e+00 2.916881552208677175e-01 1.197257200419859835e+01 1.545462222550880727e+00
4.953032424396282885e+00 2.568792949640510415e-01 1.096714390053193355e+01 1.581294908820104039e+00
5.206979827181080545e+00 2.261622659908961164e-01 1.004476997663067017e+01 1.617514159846304089e+00
5.473947391728498424e+00 1.990664090315784618e-01 9.198771787001398081e+00 1.654131754516992237e+00
5.754602676007100293e+00 1.751704245174860453e-01 8.422910297351956288e+00 1.691130302089452364e+00
6.049647464414390718e+00 1.541026470049000618e-01 7.711480496422677078e+00 1.728504680349313150e+00
6.359819522603354258e+00 1.355351782901161317e-01 7.059267868911630828e+00 1.766268260903129494e+00
6.685894442280875261e+00 1.191745408156398428e-01 6.461395436880436272e+00 1.804397817156050632e+00
7.028687580590986528e+00 1.047643767759107031e-01 5.913469004775124382e+00 1.842920546138362203e+00
7.389056098932435646e+00 9.207357369759355814e-02 5.411328995852808355e+00 1.881794307039885927e+00
7.767901106308653603e+00 8.090167223980458677e-02 4.951264405872926488e+00 1.921050675263688223e+00
8.166169912569634093e+00 7.106906422727522765e-02 4.529795532929102642e+00 1.960677170245346934e+00
8.584858397179985445e+00 6.241719082980833055e-02 4.143728962806982885e+00 2.000662749187276379e+00
9.025013499436326470e+00 5.480620048139064199e-02 3.790137885577674393e+00 2.041002489931821984e+00
9.487735836360851494e+00 4.811308763623282220e-02 3.466352361804621918e+00 2.081714849858016247e+00
9.974182454817173138e+00 4.222860529057893136e-02 3.169898768923891552e+00 2.122799232992156337e+00
1.048556972473016025e+01 3.705532525332429911e-02 2.898466397929394311e+00 2.164197973339913705e+00
1.102317638064432792e+01 3.250917489801011945e-02 2.650006013826936346e+00 2.205954120040498623e+00
1.158834671922626214e+01 2.851527043545980591e-02 2.422610327581976808e+00 2.248082245177682736e+00
1.218249396070650370e+01 2.500699760978383757e-02 2.214504280644153056e+00 2.290553425410537969e+00
1.280710378266622662e+01 2.192590474363604117e-02 2.024069590995435153e+00 2.333353659479843412e+00
1.346373803500505772e+01 1.922088569876977820e-02 1.849840602654179378e+00 2.376515295940808237e+00
1.415403864537935341e+01 1.684621978200849177e-02 1.690440042996893988e+00 2.419991566167277508e+00
1.487973172487657614e+01 1.476222677127186564e-02 1.544633350921941872e+00 2.463811255328753003e+00
1.564263188419211659e+01 1.293343868789621938e-02 1.411261216387785566e+00 2.507920371984455610e+00
1.644464677110120832e+01 1.132938223067038279e-02 1.289301381013657988e+00 2.552408229476407886e+00
1.728778184057202338e+01 9.922429579649082176e-03 1.177772139608970647e+00 2.597204248296636209e+00
1.817414536944768244e+01 8.688589527008013652e-03 1.075790823020353448e+00 2.642296393193102944e+00
1.910595372823652127e+01 7.606931805990146088e-03 9.825595641448069406e-01 2.687731905355274176e+00
2.008553692319280515e+01 6.658769764085055790e-03 8.973297286773517234e-01 2.733471781648537213e+00
2.111534442254602695e+01 5.827744218900711079e-03 8.194193755454223238e-01 2.779490862140351570e+00
2.219795128144734164e+01 5.099630568004278990e-03 7.482147689686298175e-01 2.825840572762139402e+00
2.333606458094873304e+01 4.461727514594976407e-03 6.831394588112019717e-01 2.872474331934941727e+00
2.453253019711569394e+01 3.902980650339856958e-03 6.236730524160427613e-01 2.919400535984344014e+00
2.579033991719975205e+01 3.413649679717325764e-03 5.693367087885604638e-01 2.966609668479521122e+00
2.711263892066493852e+01 2.985193896636303534e-03 5.196930569444206949e-01 3.014103593827185179e+00
2.850273364377471097e+01 2.610102546144198437e-03 4.743406651776403415e-01 3.061874404840143171e+00
2.996410004740484823e+01 2.281752003320578794e-03 4.329091092073679703e-01 3.109871288965106562e+00
3.150039230875619012e+01 1.994420908183130916e-03 3.950679911690255230e-01 3.158166082146770748e+00
3.311545195870102276e+01 1.742991990884099540e-03 3.605056383907827566e-01 3.206695412189237260e+00
3.481331748761120082e+01 1.523025254916622866e-03 3.289416368326969486e-01 3.255469239541354920e+00
3.659823444368765877e+01 1.330608276081229110e-03 3.001175122265029582e-01 3.304462926855197047e+00
3.847466604904231957e+01 1.162324909923308745e-03 2.737984159279208685e-01 3.353685870266882585e+00
4.044730436007814234e+01 1.015158584788969365e-03 2.497669872048890460e-01 3.403085806712404793e+00
4.252108200007410943e+01 8.865051584995668754e-04 2.278293409442377071e-01 3.452744542068553635e+00
4.470118449331276622e+01 7.740184908355522307e-04 2.078000363238223236e-01 3.502504391512685444e+00
4.699306323159186860e+01 6.757116222213906858e-04 1.895184852332184866e-01 3.552490406370607090e+00
4.940244910554343960e+01 5.897952456145231321e-04 1.728313199226126917e-01 3.602607630697242325e+00
5.193536683484541783e+01 5.147176875554185628e-04 1.576003908223184702e-01 3.652825802881400463e+00
5.459815003315897997e+01 4.491295289520670316e-04 1.437008971807891000e-01 3.703187069823191901e+00
5.739745704546173499e+01 3.918335111304214221e-04 1.310163190528330079e-01 3.753615552584383064e+00
6.034028759737834946e+01 3.417915750554400959e-04 1.194417652658743279e-01 3.804115897157191117e+00
6.343400029814058882e+01 2.980902390099426837e-04 1.088805598139671316e-01 3.854644349859011054e+00
6.668633104094334385e+01 2.599313179139911144e-04 9.924455821094324559e-02 3.905164563039584369e+00
7.010541234670704114e+01 2.266179889682814834e-04 9.045352996451011540e-02 3.955662994425977352e+00
7.369979369961600923e+01 1.975381425400359861e-04 8.243369045270808326e-02 4.006083906603866041e+00
7.747846292528217305e+01 1.721584061101461634e-04 7.511805038344829266e-02 4.056406602865058275e+00
8.145086866499057976e+01 1.500104443894528707e-04 6.844502253556906946e-02 4.106567045381021686e+00
8.562694400222423496e+01 1.306863784943008717e-04 6.235872321858793033e-02 4.156539534144595649e+00
9.001713130054676526e+01 1.138275909747169234e-04 5.680764113518628478e-02 4.206232834833370404e+00
9.463240831495036787e+01 9.912247264970728633e-05 5.174518908828664582e-02 4.255612384450431662e+00
9.948431564196151555e+01 8.629828977565918980e-05 4.712875207263558103e-02 4.304634661308710974e+00
1.045849855771433994e+02 7.511403087743924966e-05 4.291867548168255830e-02 4.353107075485936228e+00
1.099471724521542768e+02 6.536477470196314944e-05 3.908036324151702157e-02 4.401150526403703189e+00
1.155842845272200918e+02 5.686477701508082041e-05 3.558027566620911714e-02 4.448462834719077996e+00
1.215104175187690743e+02 4.945756911602977910e-05 3.238955285423032043e-02 4.495143546775720367e+00
1.277403898460648861e+02 4.300274761085455001e-05 2.948068719562188522e-02 4.540996590804838640e+00
1.342897796849734675e+02 3.737874081050866754e-05 2.682889368861605603e-02 4.585891866237830072e+00
1.411749639215168770e+02 3.247920695329912795e-05 2.441147774538380069e-02 4.629656097357065292e+00
1.484131591026187778e+02 2.821221217419889199e-05 2.220807234309350037e-02 4.672234466825464061e+00
1.560224644864394463e+02 2.449662375199543871e-05 2.019976605364420807e-02 4.713439007409186310e+00
1.640219072999485945e+02 2.126225636403290153e-05 1.836956320683866967e-02 4.753190082547604334e+00
1.724314903169036768e+02 1.844701071172952930e-05 1.670160028011187861e-02 4.791218801304410135e+00
1.812722418752032070e+02 1.599736389317062095e-05 1.518169381601117314e-02 4.827392379069538997e+00
1.905662684586848457e+02 1.386648906422379824e-05 1.379685830455749593e-02 4.861551182913821378e+00
2.003368099748494728e+02 1.201309227386439505e-05 1.253502731578635086e-02 4.893361876899121832e+00
2.106082978667353416e+02 1.040182848150922727e-05 1.138554052056143205e-02 4.922734141672068908e+00
2.214064162042512862e+02 9.001482456118823492e-06 1.033848161331495617e-02 4.949426795053024186e+00
2.327581659077297047e+02 7.784836503078116290e-06 9.384808581354261298e-03 4.973184071936345596e+00
2.446919322642916654e+02 6.728129291717747408e-06 8.516257140441050449e-03 4.993712540488791873e+00
2.572375559058498879e+02 5.810874841962504109e-06 7.725441236909342396e-03 5.010890403299797846e+00
2.704264074262317763e+02 5.014939775028631424e-06 7.005454626844742280e-03 5.024389239361145343e+00
2.842914658240042627e+02 4.324678266775686522e-06 6.350110701416369387e-03 5.034026889166474561e+00
2.988674009671481713e+02 3.726375426830249014e-06 5.753718749003091867e-03 5.039558684037037217e+00
3.141906602857868620e+02 3.208116246284902600e-06 5.211122766164756094e-03 5.040808145198393042e+00
3.302995599097462787e+02 2.759480849443656687e-06 4.717597443678382685e-03 5.037576200389644043e+00
3.472343804788374655e+02 2.371404223640035921e-06 4.268850176149165815e-03 5.029722275115590335e+00
3.650374678654371792e+02 2.036002553833638303e-06 3.860985834254652711e-03 5.017194148120449171e+00
3.837533390612260860e+02 1.746357776801122128e-06 3.490411180972528751e-03 4.999884631464828644e+00
4.034287934928555046e+02 1.496474523333856344e-06 3.153882973912556283e-03 4.977832293163901412e+00
4.241130300448911044e+02 1.281119319943811111e-06 2.848437089146856234e-03 4.951134064553513348e+00
4.458577700826506316e+02 1.095715235413035970e-06 2.571352534178587054e-03 4.919907959156742727e+00
4.687173867825576963e+02 9.362889156149477824e-07 2.320163789313342637e-03 4.884423724547961143e+00
4.927490410934046849e+02 7.993642408714536556e-07 2.092603718099413004e-03 4.844983906243359506e+00
5.180128246684984106e+02 6.819110493799586941e-07 1.886598258121762210e-03 4.801970881743875097e+00
5.445719101260938260e+02 5.812940403183536572e-07 1.700256451485613902e-03 4.755890395857401920e+00
5.724927090138447738e+02 4.952044519422167791e-07 1.531826919486569804e-03 4.707221986869496888e+00
6.018450378722650385e+02 4.216394827686581890e-07 1.379713754910668558e-03 4.656564076159023458e+00
6.327022928124463306e+02 3.588539858845027900e-07 1.242447870701059902e-03 4.604540086095895823e+00
6.651416330445650829e+02 3.053232443535418101e-07 1.118665267078572390e-03 4.551688412251817972e+00
6.992441738160994191e+02 2.597285488777777922e-07 1.007119477593226798e-03 4.498591076501082142e+00
7.350951892421985576e+02 2.209244985599411156e-07 9.066590910771858127e-04 4.445748376527143719e+00
7.727843255353874383e+02 1.879173186505331784e-07 8.162184660726765030e-04 4.393513648525476434e+00
8.124058251677936369e+02 1.598523380293544325e-07 7.348241818414067567e-04 4.342185151752491201e+00
8.540587625264155349e+02 1.359934792899165437e-07 6.615823598002514103e-04 4.291919844284557861e+00
8.978472916506958654e+02 1.157110170594777322e-07 5.956801944813502024e-04 4.242798441724433545e+00
9.438809066718714575e+02 9.846504208724610955e-08 5.363740663160821267e-04 4.194729235727387540e+00
9.922747156053346771e+02 8.379936087391569886e-08 4.830009891835907549e-04 4.147694308163362820e+00
1.043149728180628472e+03 7.132523451888755299e-08 4.349608834251258277e-04 4.101601043589315765e+00
1.096633158428801380e+03 6.071299553467091736e-08 3.917151416374658069e-04 4.056355784127001485e+00
1.152858742783748994e+03 5.168622687664874914e-08 3.527913063554141584e-04 4.012115073880214489e+00
1.211967074492957408e+03 4.400604158037744662e-08 3.177514514283298988e-04 3.968761748605440509e+00
1.274105955173854682e+03 3.747519759131533134e-08 2.862228403854304463e-04 3.926728071700587908e+00
1.339430764394840480e+03 3.192085734147202443e-08 2.578520129059991696e-04 3.886025224613526952e+00
1.408104848205140797e+03 2.719663821417544289e-08 2.323227797215642000e-04 3.846719016233843824e+00
1.480299927585014302e+03 2.317871347823891787e-08 2.093532839646012765e-04 3.808980415316881807e+00
1.556196527837648091e+03 1.975924730922166709e-08 1.886779911127274480e-04 3.772541117047002679e+00
1.635984429996447261e+03 1.684872369886447669e-08 1.700671681616152038e-04 3.737444614898938422e+00
1.719863145376471039e+03 1.437020541955305241e-08 1.533096157301390948e-04 3.703521803833066617e+00
1.808042414456641382e+03 1.225991208048337857e-08 1.382237005133684846e-04 3.670992164310771688e+00
1.900742731340188357e+03 1.046234159401361220e-08 1.246390747846472897e-04 3.639730011160682288e+00
1.998195895104759757e+03 8.931101004930469402e-09 1.124069593399256627e-04 3.609852421035747660e+00
2.100645589420852957e+03 7.624420987762178335e-09 1.013783140714008757e-04 3.580432468503938814e+00
2.208347991887921125e+03 6.508917026751413686e-09 9.143172828721077034e-05 3.551252285776007600e+00
2.321572414611807289e+03 5.556618781824209666e-09 8.246103729539720751e-05 3.522309918750897939e+00
2.440601977625289692e+03 4.743648161379626756e-09 7.437049259829073831e-05 3.493603429253414827e+00
2.565734316835632853e+03 4.049620598873071991e-09 6.707373992275917122e-05 3.465130894904195014e+00
2.697282328269386653e+03 3.457133926654326114e-09 6.049289751953724993e-05 3.436890408991082779e+00
2.835574950475434889e+03 2.951332030993287297e-09 5.455772489387531268e-05 3.408880080341507135e+00
2.980957987042702825e+03 2.519532347303804596e-09 4.920487309496877833e-05 3.381098033195771624e+00
3.133794971289250043e+03 2.150907855316404058e-09 4.437720856215199712e-05 3.353542407081489429e+00
3.294468075284922634e+03 1.836215600491340256e-09 4.002320331093592342e-05 3.326211356688791199e+00
3.463379065480592999e+03 1.567564934571132572e-09 3.609638495005841683e-05 3.299103051746814508e+00
3.640950307333554974e+03 1.338219664095876922e-09 3.255484065931383566e-05 3.272215676901756520e+00
3.827625821441170956e+03 1.142429145917796770e-09 2.936076983386581369e-05 3.245547431594075771e+00
4.023872393823642142e+03 9.752840945767952796e-10 2.648008062022759644e-05 3.219096529939495799e+00
4.230180743132199495e+03 8.325934860233450791e-10 2.388202603750971955e-05 3.192861200607276739e+00
4.447066747701334862e+03 7.107794711543545504e-10 2.153887580012233107e-05 3.166839686704133516e+00
4.675072735513344924e+03 6.067876642026354958e-10 1.942562033909654584e-05 3.141030245654365061e+00
4.914768840300775992e+03 5.180105565380513013e-10 1.751970386293690482e-05 3.115431149084635365e+00
5.166754427177720572e+03 4.422221355430888922e-10 1.580078360881313662e-05 3.090040682707880126e+00
5.431659591364801599e+03 3.775220691856742636e-10 1.425051271446955138e-05 3.064857146207245808e+00
5.710146733755425885e+03 3.222880567640570076e-10 1.285234439334950968e-05 3.039878853124363900e+00
6.002912217263044113e+03 2.751351510570321306e-10 1.159135532278429917e-05 3.015104130745309696e+00
6.310688108091153481e+03 2.348810319166917410e-10 1.045408636019410360e-05 2.990531319987589587e+00
6.634244006280128815e+03 2.005163605679026736e-10 9.428398887193385351e-06 2.966158775291460437e+00
6.974388970108182548e+03 1.711794712723045833e-10 8.503345248276088900e-06 2.941984864506969277e+00
7.331973539158482708e+03 1.461347657721072065e-10 7.669051901229395038e-06 2.918007968787050821e+00
7.707891861111141225e+03 1.247542687715158718e-10 6.916614032068987506e-06 2.894226482478060358e+00
8.103083927578147268e+03 1.065018819750585995e-10 6.238000509677334423e-06 2.870638813011289425e+00
8.518537924572025076e+03 9.091994186590179591e-11 5.625968165682742899e-06 2.847243380798321066e+00
8.955292703485578386e+03 7.761774417127068206e-11 5.073984484639429490e-06 2.824038619123892868e+00
9.414440378761499232e+03 6.626174727567591046e-11 4.576157879350314727e-06 2.801022974041651015e+00
9.897129058747319505e+03 5.656720894048067409e-11 4.127174807123383734e-06 2.778194904268781240e+00
1.040456571656430970e+04 4.829104662760109647e-11 3.722243055777661930e-06 2.755552881084731620e+00
1.093801920816896018e+04 4.122574240569075115e-11 3.357040594057595574e-06 2.733095388227578137e+00
1.149882344515380282e+04 3.519413960949794820e-11 3.027669440516078896e-06 2.710820921793095639e+00
1.208838073022117533e+04 3.004500078285671267e-11 2.730614058483939696e-06 2.688727990133086276e+00
1.270816526367042752e+04 2.564921552445471216e-11 2.462703833057402130e-06 2.666815113756188182e+00
1.335972682966652428e+04 2.189656315120585642e-11 2.221079229601039481e-06 2.645080825229022992e+00
1.404469467150771925e+04 1.869294900570268822e-11 2.003161272560135537e-06 2.623523669078876353e+00
1.476478156558243427e+04 1.595804511040262484e-11 1.806624018813167595e-06 2.602142201692305257e+00
1.552178810420236550e+04 1.362327601000547471e-11 1.629369731764649055e-06 2.580934991223249764e+00
1.631760719802116000e+04 1.163009929855421137e-11 1.469506491192817320e-06 2.559900617494462072e+00
1.715422880929701932e+04 9.928537716986881605e-12 1.325327999875959616e-06 2.539037671903600746e+00
1.803374492783486858e+04 8.475926014650678815e-12 1.195295371461097479e-06 2.518344757325982286e+00
1.895835480205053682e+04 7.235841153420879590e-12 1.078020705191745526e-06 2.497820488027385544e+00
1.993037043823734348e+04 6.177189030085372412e-12 9.722522721737714267e-07 2.477463489562608423e+00
2.095222238178608313e+04 5.273424817429073054e-12 8.768611550732153434e-07 2.457272398692572857e+00
2.202646579481454319e+04 4.501887374601873705e-12 7.908291986370616825e-07 2.437245863284551728e+00
2.315578684540369068e+04 3.843231037753758015e-12 7.132381424340644520e-07 2.417382542228351028e+00
2.434300942441707230e+04 3.280940543487805620e-12 6.432598198187455237e-07 2.397681105340952801e+00
2.559110220669883711e+04 2.800916922287995048e-12 5.801473185116306399e-07 2.378140233284011806e+00
2.690318607430719567e+04 2.391123978497235504e-12 5.232270084443241092e-07 2.358758617467856311e+00
2.828254192034512744e+04 2.041286492665406551e-12 4.718913517827600371e-07 2.339534959969880923e+00
2.973261885290210193e+04 1.742632578908352552e-12 4.255924183834554394e-07 2.320467973444874765e+00
3.125704281962085952e+04 1.487673737118365601e-12 3.838360374717414461e-07 2.301556381039377541e+00
3.285962567445517197e+04 1.270017085011766814e-12 3.461765231195091825e-07 2.282798916306144843e+00
3.454437470929026313e+04 1.084205061888387642e-12 3.122119172250687046e-07 2.264194323119872010e+00
3.631550267425979837e+04 9.255785848056083668e-13 2.815796992209396810e-07 2.245741355591027055e+00
3.817743831181556016e+04 7.901602259249960995e-13 2.539529167177753595e-07 2.227438777985495832e+00
4.013483743089039490e+04 6.745544817947261512e-13 2.290366957841732229e-07 2.209285364639771210e+00
4.219259454884566367e+04 5.758626339065356082e-13 2.065650936154817643e-07 2.191279899879371218e+00
4.435585513031406299e+04 4.916100657243667876e-13 1.862982599983930017e-07 2.173421177937445492e+00
4.663002845354139572e+04 4.196842137195199837e-13 1.680198772743062951e-07 2.155708002874035856e+00
4.902080113639969204e+04 3.582815965857909472e-13 1.515348514769620842e-07 2.138139188496003484e+00
5.153415135589398415e+04 3.058625944359495236e-13 1.366672300007473239e-07 2.120713558277538713e+00
5.417636379671867326e+04 2.611128441053217439e-13 1.232583235739595419e-07 2.103429945281870328e+00
5.695404536624281900e+04 2.229102825813089945e-13 1.111650124918741041e-07 2.086287192081718533e+00
5.987414171521994285e+04 1.902970122006917322e-13 1.002582190313668448e-07 2.069284150682752177e+00
6.294395460553275188e+04 1.624552821573014143e-13 9.042152974233943613e-08 2.052419682447598870e+00
6.617116016840114025e+04 1.386869840761083161e-13 8.154995291096094271e-08 2.035692658018177337e+00
6.956382809870861820e+04 1.183961475226327681e-13 7.354879793264472171e-08 2.019101957240623690e+00
7.313044183344273188e+04 1.010739965367507090e-13 6.633266463370251263e-08 2.002646469090192838e+00
7.687991976470644295e+04 8.628619249590192907e-14 5.982453175423404322e-08 1.986325091596877535e+00
8.082163754034375597e+04 7.366194343302474257e-14 5.395493486319169010e-08 1.970136731771621408e+00
8.496545150794286747e+04 6.288470673438345000e-14 4.866122493111791459e-08 1.954080305533575812e+00
8.932172336083906703e+04 5.368425209502033074e-14 4.388689964690729059e-08 1.938154737635301439e+00
9.390134604774527543e+04 4.582988571731480631e-14 3.958100034154071982e-08 1.922358961595996840e+00
9.871577101079767453e+04 3.912466585438475312e-14 3.569756808161171814e-08 1.906691919621342546e+00
1.037770368201258680e+05 3.340046465879882039e-14 3.219515312765311004e-08 1.891152562543632509e+00
1.090977992765488161e+05 2.851375251551574490e-14 2.903637252105127082e-08 1.875739849743141896e+00
1.146913630576689611e+05 2.434199915543770823e-14 2.618751107777473291e-08 1.860452749079378520e+00
1.205717149864963576e+05 2.078060131022402530e-14 2.361816153003899147e-08 1.845290236826268693e+00
1.267535590057915979e+05 1.774025987171304704e-14 2.130089997489039435e-08 1.830251297600175908e+00
1.332523529455816897e+05 1.514474079058882382e-14 1.921099316571303299e-08 1.815334924292748786e+00
1.400843471757866791e+05 1.292896357058703272e-14 1.732613452239695795e-08 1.800540118003434831e+00
1.472666252406089625e+05 1.103736942882777145e-14 1.562620604248461160e-08 1.785865887972625243e+00
1.548171465762921434e+05 9.422528205243489040e-15 1.409306357205878152e-08 1.771311251515346186e+00
1.627547914190663723e+05 8.043949090507013773e-15 1.271034314446489647e-08 1.756875233955405902e+00
1.710994080155731353e+05 6.867065352448684823e-15 1.146328631983046578e-08 1.742556868560897199e+00
1.798718622538203781e+05 5.862367603796925865e-15 1.033858266113039933e-08 1.728355196476321742e+00
1.890940898387710622e+05 5.004663878694120098e-15 9.324227665507932745e-09 1.714269266662346913e+00
1.987891511430313694e+05 4.272447964964684084e-15 8.409394634441824851e-09 1.700298135832102986e+00
2.089812888697938761e+05 3.647360153605796562e-15 7.584319115179255016e-09 1.686440868384809777e+00
2.196959886722229712e+05 3.113726884258312170e-15 6.840194680039339774e-09 1.672696536343223128e+00
2.309600428808625729e+05 2.658167743640076743e-15 6.169078931185328674e-09 1.659064219295361076e+00
2.428016174984180834e+05 2.269259962730609410e-15 5.563808727585393586e-09 1.645543004328960945e+00
2.552503226294341730e+05 1.937252000283874070e-15 5.017923729372934072e-09 1.632131985974906607e+00
2.683372865209793090e+05 1.653819030978817525e-15 4.525597443520634063e-09 1.618830266139085650e+00
2.820952333994774381e+05 1.411854207313723797e-15 4.081575034891953867e-09 1.605636954049764809e+00
2.965585652983192704e+05 1.205290461272366991e-15 3.681117238853084624e-09 1.592551166194184908e+00
3.117634480808650260e+05 1.028948377608226768e-15 3.319949776825099397e-09 1.579572026260792184e+00
3.277479018739408348e+05 8.784063242850735844e-16 2.994217734850693039e-09 1.566698665077768338e+00
3.445518961379595567e+05 7.498895837102923109e-16 2.700444418249018781e-09 1.553930220559127662e+00
3.622174496113909991e+05 6.401757048079341279e-16 2.435494243178096673e-09 1.541265837643395198e+00
3.807887353794944938e+05 5.465137027227122006e-16 2.196539269044628521e-09 1.528704668240507658e+00
4.003121913300411543e+05 4.665550801450088363e-16 1.981029014528940896e-09 1.516245871168099946e+00
4.208366362722213962e+05 3.982949406843288553e-16 1.786663235077256134e-09 1.503888612102160405e+00
4.424133920090965694e+05 3.400217177473552625e-16 1.611367371282570484e-09 1.491632063516963980e+00
4.650964116688389913e+05 2.902742584209687332e-16 1.453270406117137126e-09 1.479475404633728397e+00
4.889424146156553179e+05 2.478051862687555689e-16 1.310684894664549782e-09 1.467417821358896646e+00
5.140110282777408138e+05 2.115496243991309836e-16 1.182088953212576224e-09 1.455458506236383620e+00
5.403649372469085502e+05 1.805984945564316884e-16 1.066110015454806149e-09 1.443596658390152054e+00
5.680700400227193022e+05 1.541757227349806639e-16 9.615101824309600506e-10 1.431831483471206923e+00
5.971956137930564582e+05 1.316187797647272440e-16 8.671730098363562567e-10 1.420162193605037482e+00
6.278144876631795196e+05 1.123620689394668006e-16 7.820915916741201765e-10 1.408588007335707770e+00
6.600032247664229944e+05 9.592274414738717742e-17 7.053578130653826614e-10 1.397108149579921577e+00
6.938423137119094608e+05 8.188860290319217351e-17 6.361526575006174073e-10 1.385721851568650242e+00
7.294163698479967425e+05 6.990775071172106614e-17 5.737374650838061184e-10 1.374428350799525189e+00
7.668143468447235646e+05 5.967977760406315930e-17 5.174460484595199238e-10 1.363226890982653483e+00
8.061297591243179049e+05 5.094822560602347619e-17 4.666775822758260098e-10 1.352116721993678272e+00
8.474609156959623797e+05 4.349415826619204030e-17 4.208901902858922829e-10 1.341097099821069394e+00
8.909111659795242595e+05 3.713067100536874952e-17 3.795951616424386161e-10 1.330167286516910519e+00
9.365891582329371013e+05 3.169820463868116309e-17 3.423517346519133370e-10 1.319326550147517985e+00
9.846091112294379855e+05 2.706054456086773942e-17 3.087623923130389158e-10 1.308574164744370050e+00
1.035091099863994634e+06 2.310140527760741106e-17 2.784686194267488692e-10 1.297909410255528417e+00
1.088161355403086869e+06 1.972151464283593569e-17 2.511470759911093581e-10 1.287331572497399934e+00
1.143952581128624268e+06 1.683612469171287574e-17 2.265061460380309597e-10 1.276839943106937936e+00
1.202604284165272489e+06 1.437288665543101409e-17 2.042828250758452892e-10 1.266433819494187096e+00
1.264263124320930336e+06 1.227003687562089026e-17 1.842399129159240668e-10 1.256112504795223517e+00
1.329083280812643003e+06 1.047484813165731092e-17 1.661634819210684144e-10 1.245875307826038281e+00
1.397226837794951163e+06 8.942307549151728193e-18 1.498605936528347336e-10 1.235721543034050462e+00
1.468864189654704416e+06 7.633987939352021605e-18 1.351572395470637991e-10 1.225650530455557830e+00
1.544174467085782439e+06 6.517084269115840925e-18 1.218964836366564181e-10 1.215661595667922645e+00
1.623345985009134281e+06 5.563591101816952733e-18 1.099367874985905172e-10 1.205754069744960688e+00
1.706576713458170416e+06 4.749600384163235855e-18 9.915049954628670927e-11 1.195927289212215694e+00
1.794074772606963990e+06 4.054701971515547996e-18 8.942249254285550457e-11 1.186180596002476273e+00
1.886058953179090517e+06 3.461471860377571504e-18 8.064893479276817285e-11 1.176513337412234073e+00
1.982759263538399944e+06 2.955035295897807367e-18 7.273618189616073999e-11 1.166924866055315757e+00
2.084417504829733167e+06 2.522693799699804386e-18 6.559977723733298648e-11 1.157414539825432742e+00
2.191287875607731752e+06 2.153606766008011170e-18 5.916355053842740899e-11 1.147981721845147796e+00
2.303637607465630397e+06 1.838519642436040952e-18 5.335880485768788483e-11 1.138625780431715917e+00
2.421747633253435604e+06 1.569531879715268581e-18 4.812358335374507953e-11 1.129346089046379120e+00
2.545913289556382690e+06 1.339898831965022653e-18 4.340200799066873951e-11 1.120142026260759760e+00
2.676445055190230254e+06 1.143862640257603248e-18 3.914368312464039541e-11 1.111012975706946015e+00
2.813669327560023405e+06 9.765078590742745660e-19 3.530315760718667827e-11 1.101958326044432779e+00
2.957929238823618274e+06 8.336382055616760646e-19 3.183943966307664111e-11 1.092977470911544735e+00
3.109585513900805730e+06 7.116713412126591481e-19 2.871555936549790016e-11 1.084069808890421260e+00
