# [1] k:    [h/Mpc] 
# [2] P:    [Mpc^3/h^3] 
# [3] T:    [Mpc^3/h^3] 
# [4] Delta_k 
3.059023205018257859e-07 2.405151379883250715e-02 3.700445245695901394e+04 3.487875620014665073e-23
3.215862678579245412e-07 2.521886621624075744e-02 3.698677660744016612e+04 4.249015382580009163e-23
3.380743483904743061e-07 2.644287667522335697e-02 3.696910920117946807e+04 5.176254456399217509e-23
3.554077908890640533e-07 2.772629510246481591e-02 3.695145023407656117e+04 6.305839773430905345e-23
3.736299379885273404e-07 2.907200489372150851e-02 3.693379970203314588e+04 7.681928232658738528e-23
3.927863545481053003e-07 3.048302939214226140e-02 3.691615760115442390e+04 9.358312848445089702e-23
4.129249415873286729e-07 3.196253868005111826e-02 3.689852392734591558e+04 1.140052558640738228e-22
4.340960560635169786e-07 3.351385670143083861e-02 3.688089867658228468e+04 1.388839908979155471e-22
4.563526367904018199e-07 3.514046872957102968e-02 3.686328184484010853e+04 1.691918743705117625e-22
4.797503368127355169e-07 3.684602919726748249e-02 3.684567342809787806e+04 2.061136792508219040e-22
5.043476625678916271e-07 3.863436990706486246e-02 3.682807342233602685e+04 2.510927249453947305e-22
5.302061201824328858e-07 4.050950863983959760e-02 3.681048182346993417e+04 3.058872984531541119e-22
5.573903692694645323e-07 4.247565818194224546e-02 3.679289862761781114e+04 3.726393880016161595e-22
5.859683846113473662e-07 4.453723578900316976e-02 3.677532383069884963e+04 4.539584160323843342e-22
6.160116261320592563e-07 4.669887311037184546e-02 3.675775742863427877e+04 5.530232447810546806e-22
6.475952175842278093e-07 4.896542659535723513e-02 3.674019941754786851e+04 6.737064419738911081e-22
6.807981343976415384e-07 5.134198840298796751e-02 3.672264979336466058e+04 8.207256643196146337e-22
7.157034011589609116e-07 5.383389784278709567e-02 3.670510855201172672e+04 9.998280765979771382e-22
7.523982992164306405e-07 5.644675337096058398e-02 3.668757568961838115e+04 1.218015015511863660e-21
7.909745849287134463e-07 5.918642516703731538e-02 3.667005120211550820e+04 1.483815680652158187e-21
8.315287191035797356e-07 6.205906832288213965e-02 3.665253508550268452e+04 1.807620551561101778e-21
8.741621082001717898e-07 6.507113667062733309e-02 3.663502733571475983e+04 2.202087564526910236e-21
9.189813578979717484e-07 6.822939728337848453e-02 3.661752794895505940e+04 2.682636927142391170e-21
9.660985396665287929e-07 7.154094567611123112e-02 3.660003692102897185e+04 3.268053913372819168e-21
1.015631471002508262e-06 7.501322174892659234e-02 3.658255424794381543e+04 3.981223203413291573e-21
1.067704010034801725e-06 7.865402650182007349e-02 3.656507992584182648e+04 4.850023474397310291e-21
1.122446365234364056e-06 8.247153955945826787e-02 3.654761395066748082e+04 5.908417212588701569e-21
1.179995421003214005e-06 8.647433754869666978e-02 3.653015631836724788e+04 7.197778349356436421e-21
1.240495079956737545e-06 9.067141336826831099e-02 3.651270702508891554e+04 8.768509619846913936e-21
1.304096622755184042e-06 9.507219639086239571e-02 3.649526606678274402e+04 1.068201286862674190e-20
1.370959086384113674e-06 9.968657364886626682e-02 3.647783343946737295e+04 1.301308932446581945e-20
1.441249661829700436e-06 1.045249120464185333e-01 3.646040913909704977e+04 1.585286367359340763e-20
1.515144112143284134e-06 1.095980816517460182e-01 3.644299316182688926e+04 1.931234623756567879e-20
1.592827211940548929e-06 1.149174801162089199e-01 3.642558550361488597e+04 2.352677250488686768e-20
1.674493209434307728e-06 1.204950582818972993e-01 3.640818616042107897e+04 2.866088965503431846e-20
1.760346312156213177e-06 1.263433470323955254e-01 3.639079512840608368e+04 3.491539673154950584e-20
1.850601197581954108e-06 1.324754854432450835e-01 3.637341240359986114e+04 4.253479021757469380e-20
1.945483549936765273e-06 1.389052503001663996e-01 3.635603798183587060e+04 5.181692170792738357e-20
2.045230624523543909e-06 1.456470870551235808e-01 3.633867185934642475e+04 6.312464130094212398e-20
2.150091840984688092e-06 1.527161422754184372e-01 3.632131403210110147e+04 7.689998185984524319e-20
2.260329406981118614e-06 1.601282976745985742e-01 3.630396449607148679e+04 9.368143862917688235e-20
2.376218973848010330e-06 1.679002057949789684e-01 3.628662324742920464e+04 1.141250196867318707e-19
2.498050325866710336e-06 1.760493274160725152e-01 3.626929028208362433e+04 1.390298901152122307e-19
2.626128104876382668e-06 1.845939707876826930e-01 3.625196559621002962e+04 1.693696123652500825e-19
2.760772572037287162e-06 1.935533327585836905e-01 3.623464918585350824e+04 2.063302040236676567e-19
2.902320408650496801e-06 2.029475419041271156e-01 3.621734104686341743e+04 2.513565007182651437e-19
3.051125558036519890e-06 2.127977037542155836e-01 3.620004117545353074e+04 3.062086365513332637e-19
3.207560110577962700e-06 2.231259482049965381e-01 3.618274956770756398e+04 3.730308499323971136e-19
3.372015234139298021e-06 2.339554792362811275e-01 3.616546621954659349e+04 4.544353045295431265e-19
3.544902152190277809e-06 2.453106270476883288e-01 3.614819112712397327e+04 5.536042020134821570e-19
3.726653172078803499e-06 2.572169027152600429e-01 3.613092428643043968e+04 6.744141782815604501e-19
3.917722766024474580e-06 2.697010555093878326e-01 3.611366569355729735e+04 8.215878459970860204e-19
4.118588707535861475e-06 2.827911329899347459e-01 3.609641534459764080e+04 1.000878407407319232e-18
4.329753266093139866e-06 2.965165440177590650e-01 3.607917323554796167e+04 1.219294554189330710e-18
4.551744463083409039e-06 3.109081248303680045e-01 3.606193936257073801e+04 1.485374445965188631e-18
4.785117392129195949e-06 3.259982083137816788e-01 3.604471372160067403e+04 1.809519477584537403e-18
5.030455607111644826e-06 3.418206966504305222e-01 3.602749630877119489e+04 2.204400882654324443e-18
5.288372581359179674e-06 3.584111374818825246e-01 3.601028712018473016e+04 2.685455067851836686e-18
5.559513241650373021e-06 3.758068037705563635e-01 3.599308615184731752e+04 3.271487041301832351e-18
5.844555580866815540e-06 3.940467775429582487e-01 3.597589339986515552e+04 3.985405523826989750e-18
6.144212353328471540e-06 4.131720376916638848e-01 3.595870886034626164e+04 4.855118479411436706e-18
6.459232857050738118e-06 4.332255520383235803e-01 3.594153252930239250e+04 5.914624072293737800e-18
6.790404807379771878e-06 4.542523738735084748e-01 3.592436440291067265e+04 7.205339697688360725e-18
7.138556306691162195e-06 4.762997431663807402e-01 3.590720447712131136e+04 8.777721039295255231e-18
7.504557915077204533e-06 4.994171927069182559e-01 3.589005274808247486e+04 1.069323444506115077e-17
7.889324827200587103e-06 5.236566593834723893e-01 3.587290921191147936e+04 1.302675972332221244e-17
8.293819160757753291e-06 5.490726008647470735e-01 3.585577386462958384e+04 1.586951728784335075e-17
8.719052362274285227e-06 5.757221179539182554e-01 3.583864670239045518e+04 1.933263407773901612e-17
9.166087736248057605e-06 6.036650828665025559e-01 3.582152772121915768e+04 2.355148764791910704e-17
9.636043103964330830e-06 6.329642737506413486e-01 3.580441691727301077e+04 2.869099824683388729e-17
1.013009359863121538e-05 6.636855157204423206e-01 3.578731428661344398e+04 3.495207575443969506e-17
1.064947460382478790e-05 6.958978287451257350e-01 3.577021982530380774e+04 4.257947350007874168e-17
1.119548484259151579e-05 7.296735827169190669e-01 3.575313352950691478e+04 5.187135597567264165e-17
1.176948962493235138e-05 7.650886600322750475e-01 3.573605539525733911e+04 6.319095445708362534e-17
1.237292426178888029e-05 8.022226260822080679e-01 3.571898541868908069e+04 7.698076616832417007e-17
1.300729765406831334e-05 8.411589080045426270e-01 3.570192359593794390e+04 9.377985204983211846e-17
1.367419606568169201e-05 8.819849821125410605e-01 3.568486992307662877e+04 1.142449093226519172e-16
1.437528709002991615e-05 9.247925704281531045e-01 3.566782439621218509e+04 1.391759426023142402e-16
1.511232381985586521e-05 9.696778467464080009e-01 3.565078701142111095e+04 1.695475370767077041e-16
1.588714923088939049e-05 1.016741652709676424e+00 3.563375776484663947e+04 2.065469562575060405e-16
1.670170079024660794e-05 1.066089724360829827e+00 3.561673665263378643e+04 2.516205535915085585e-16
1.755801530110687162e-05 1.117832929689382970e+00 3.559972367083224526e+04 3.065303122194096369e-16
1.845823399578163895e-05 1.172087517726882799e+00 3.558271881562313501e+04 3.734227230977282545e-16
1.940460788991057802e-05 1.228975379704471127e+00 3.556572208309225971e+04 4.549126940043417114e-16
2.039950341117315543e-05 1.288624322905678410e+00 3.554873346932734421e+04 5.541857695460910234e-16
2.144540831659045798e-05 1.351168357812376986e+00 3.553175297051497910e+04 6.751226580743046702e-16
2.254493791321357228e-05 1.416747999163527005e+00 3.551478058271427290e+04 8.224509334077574418e-16
2.370084159775344190e-05 1.485510581662262686e+00 3.549781630211545416e+04 1.001929841599352497e-15
2.491600973150475266e-05 1.557610590965680997e+00 3.548086012478140037e+04 1.220575437036784267e-15
2.619348086775470484e-05 1.633210010778674004e+00 3.546391204687373101e+04 1.486934848770851763e-15
2.753644934974891994e-05 1.712478686767795244e+00 3.544697206455584092e+04 1.811420398448167505e-15
2.894827329821342076e-05 1.795594708139077289e+00 3.543004017392846436e+04 2.206716630944843464e-15
3.043248300840562692e-05 1.882744807751432603e+00 3.541311637112647441e+04 2.688276169055151190e-15
3.199278977769132648e-05 1.974124781630588243e+00 3.539620065222217818e+04 3.274923775776891997e-15
3.363309518572123809e-05 2.069939928883189673e+00 3.537929301348292211e+04 3.989592237823301430e-15
3.535750085041236633e-05 2.170405512890574151e+00 3.536239345098469494e+04 4.860218836795356831e-15
3.717031868412924126e-05 2.275747244956567439e+00 3.534550196085364587e+04 5.920837452402648499e-15
3.907608167571078754e-05 2.386201791401604932e+00 3.532861853924995376e+04 7.212908989276794488e-15
4.107955522530357004e-05 2.502017305264019775e+00 3.531174318231953657e+04 8.786942135437010368e-15
4.318574906034433776e-05 2.623453983815669410e+00 3.529487588621016039e+04 1.070446780990922398e-14
4.539992976248807967e-05 2.750784653134931368e+00 3.527801664707141754e+04 1.304044448310048933e-14
4.772763393680535859e-05 2.884295381052251805e+00 3.526116546105475572e+04 1.588618839690522351e-14
5.017468205617894183e-05 3.024286119845268850e+00 3.524432232431345619e+04 1.935294323050271845e-14
5.274719301551768723e-05 3.171071380127516104e+00 3.522748723300264101e+04 2.357622875453406122e-14
5.545159943218107865e-05 3.324980937447628904e+00 3.521066018329525832e+04 2.872113846800064289e-14
5.829466373087315435e-05 3.486360573165463883e+00 3.519384117130208324e+04 3.498879330893502724e-14
6.128349505322671351e-05 3.655572851333112716e+00 3.517703019323175977e+04 4.262420372299786037e-14
6.442556703436033705e-05 3.832997933223725617e+00 3.516022724524672958e+04 5.192584742719104690e-14
6.772873649085907528e-05 4.019034431423275322e+00 3.514343232347929734e+04 6.325733727606687819e-14
7.120126306690828879e-05 4.214100305392223689e+00 3.512664542411158618e+04 7.706163534199170425e-14
7.485182988770643921e-05 4.418633800457810068e+00 3.510986654329558223e+04 9.387836885482509144e-14
7.868956527180084881e-05 4.633094432422755204e+00 3.509309567724896624e+04 1.143649249039002274e-13
8.272406555663884206e-05 4.857964019897567098e+00 3.507633282209546451e+04 1.393221485184618770e-13
8.696541909440986997e-05 5.093747766819926248e+00 3.505957797402447613e+04 1.697256486996417726e-13
9.142423147818073699e-05 5.340975397452649709e+00 3.504283112921128486e+04 2.067639361927946696e-13
9.611165206140254191e-05 5.600202346494169703e+00 3.502609228383297159e+04 2.518848838550831339e-13
1.010394018371016720e-04 5.872011006947695400e+00 3.500936143406847987e+04 3.068523258114472468e-13
1.062198027464676133e-04 6.157012038556151978e+00 3.499263857609854313e+04 3.738150079306347731e-13
1.116658084901241013e-04 6.455845739742676059e+00 3.497592370610574289e+04 4.553905849814078795e-13
1.173910369191279803e-04 6.769183486142108741e+00 3.495921682028242503e+04 5.547679480227932675e-13
1.234098040866900780e-04 7.097729238936960172e+00 3.494251791479891108e+04 6.758318821322268313e-13
1.297371600457651012e-04 7.442221126431884493e+00 3.492582698585119215e+04 8.233149275012227871e-13
1.363889264820232711e-04 7.803433102360019191e+00 3.490914402962913300e+04 1.002982380333641800e-12
1.433817362763056455e-04 8.182176684691317092e+00 3.489246904232441011e+04 1.221857665465739026e-12
1.507330750954898936e-04 8.579302778831875642e+00 3.487580202013053349e+04 1.488496890803560840e-12
1.584613251157653230e-04 8.995703589317276538e+00 3.485914295925074111e+04 1.813323316254139708e-12
1.665858109876483387e-04 9.432314624270324188e+00 3.484249185586631938e+04 2.209034811953367184e-12
1.751268481576742783e-04 9.890116797187218367e+00 3.482584870618415880e+04 2.691100233852588135e-12
1.841057936675958640e-04 1.037013863069390496e+01 3.480921350640501623e+04 3.278364120589663750e-12
1.935450995581117185e-04 1.087345856728348714e+01 3.479258625273147481e+04 3.993783350010415173e-12
2.034683690106629794e-04 1.140120739220236601e+01 3.477596694136795122e+04 4.865324552158504296e-12
2.139004153676812446e-04 1.195457077393763612e+01 3.475935556852853915e+04 5.927057359730187822e-12
2.248673241788693637e-04 1.253479192797849073e+01 3.474275213040150993e+04 7.220486232500665288e-12
2.363965184286629729e-04 1.314317440993602126e+01 3.472615662321646232e+04 8.796172918449480536e-12
2.485168271079757005e-04 1.378108504413090429e+01 3.470956904317317822e+04 1.071571297553042703e-11
2.612585573016925852e-04 1.444995699440718262e+01 3.469298938648907642e+04 1.305414361888100051e-11
2.746535699721688829e-04 1.515129298393976498e+01 3.467641764937940752e+04 1.590287701915017597e-11
2.887353596282311993e-04 1.588666867133464677e+01 3.465985382806124835e+04 1.937327371827187974e-11
3.035391380788964293e-04 1.665773619059120492e+01 3.464329791875741648e+04 2.360099585195857238e-11
3.191019224812350285e-04 1.746622786285859164e+01 3.462674991768071777e+04 2.875131035178100023e-11
3.354626279025451924e-04 1.831396008838284573e+01 3.461020982105758594e+04 3.502554943569592313e-11
3.526621646282911485e-04 1.920283742731425392e+01 3.459367762511328328e+04 4.266898093555793819e-11
3.707435404591257876e-04 2.013485687859394702e+01 3.457715332607342862e+04 5.198039612259625788e-11
3.897519682527942697e-04 2.111211236651912770e+01 3.456063692016518326e+04 6.332378983090097747e-11
4.097349789798286580e-04 2.213647465591870045e+01 3.454387498850384145e+04 7.714145764032211387e-11
4.307425405757319271e-04 2.321073773548154406e+01 3.452726890535917482e+04 9.397503563943451586e-11
4.528271828868440083e-04 2.433761599064425241e+01 3.451101266146571288e+04 1.144842547318810454e-10
4.760441290223192071e-04 2.551933679233930619e+01 3.449485379553480743e+04 1.394701547667951443e-10
5.004514334406633081e-04 2.675842557580362779e+01 3.447869550325188902e+04 1.699090955913084701e-10
5.261101271161193775e-04 2.805753699300749915e+01 3.446245806656236527e+04 2.069902018420690174e-10
5.530843701478924991e-04 2.941925139881234941e+01 3.444595407416619855e+04 2.521599058269499083e-10
5.814416121938181326e-04 3.084627350491231823e+01 3.442902253066197591e+04 3.071788381650432447e-10
6.112527611296385451e-04 3.234152079664975332e+01 3.441157022308908927e+04 3.741908801556773234e-10
6.425923603556274889e-04 3.390802392902525497e+01 3.439350548794515635e+04 4.558053453387260102e-10
6.755387751939181127e-04 3.554877753593479639e+01 3.437466452329790627e+04 5.551952935677316359e-10
7.101743888426273075e-04 3.726701924563601409e+01 3.435495569524962048e+04 6.762229955042147366e-10
7.465858083767621441e-04 3.906591468020874203e+01 3.433420481223432580e+04 8.235831394382662901e-10
7.848640813110194670e-04 4.094892852699179286e+01 3.431232896583789989e+04 1.002988987389197249e-09
8.251049232659968648e-04 4.291962712643273647e+01 3.428923743118590937e+04 1.221388241595444537e-09
8.674089573071004124e-04 4.498124301260136804e+01 3.426466687058560638e+04 1.487213843214446008e-09
9.118819655546198935e-04 4.713778329478960671e+01 3.423862348955479683e+04 1.810736660484741182e-09
9.586351536941296880e-04 4.939264347203104677e+01 3.421084366844484612e+04 2.204411059933283342e-09
1.007785429048626679e-03 5.175004094210730443e+01 3.418132779356582614e+04 2.683398553140024352e-09
1.059455692907732439e-03 5.421380568867672878e+01 3.414990175453279517e+04 3.266093028937574901e-09
1.113775147844932919e-03 5.678755441909483892e+01 3.411630788490641862e+04 3.974806525400950135e-09
1.170879620791311689e-03 5.947549406782224679e+01 3.408045640470170474e+04 4.836654428782864038e-09
1.230911902673626282e-03 6.228162191593444419e+01 3.404217192835747846e+04 5.884520585800448496e-09
1.294022105466001958e-03 6.521000754215698691e+01 3.400128730827801337e+04 7.158295054609195189e-09
1.360368037548055848e-03 6.826469754999277484e+01 3.395762053100610501e+04 8.706341291959048347e-09
1.430115598308045934e-03 7.144945578795662300e+01 3.391091897580435761e+04 1.058723650552931037e-08
1.503439192977754080e-03 7.476907817306518211e+01 3.386117627352715499e+04 1.287211431802101581e-08
1.580522168736409397e-03 7.822693534829438988e+01 3.380804958017855824e+04 1.564690157140037870e-08
1.661557273174137529e-03 8.182663237050969940e+01 3.375127847141942766e+04 1.901563726091937703e-08
1.746747136261333697e-03 8.557251295929430057e+01 3.369077203550692502e+04 2.310439839193908612e-08
1.836304777029133936e-03 8.946807071466665207e+01 3.362627708064932813e+04 2.806548962997101419e-08
1.930454136227949345e-03 9.351607605394795542e+01 3.355743979642886552e+04 3.408277901858572322e-08
2.029430636295988157e-03 9.772106401939163334e+01 3.348426007016294898e+04 4.137910401482924028e-08
2.133481770037976965e-03 1.020844397157041215e+02 3.340621858917688223e+04 5.022230224414075800e-08
2.242867719486086112e-03 1.066098491545695168e+02 3.332323371608289017e+04 6.093664913342020503e-08
2.357862006490532136e-03 1.112995544470800979e+02 3.323503331587851426e+04 7.391266102917772670e-08
2.478752176666675511e-03 1.161556616203164509e+02 3.314137538531369501e+04 8.962103757251586306e-08
2.605840518408833982e-03 1.211783566289566210e+02 3.304180749380068301e+04 1.086272575901416614e-07
2.739444818768723561e-03 1.263699722439921516e+02 3.293624945730476611e+04 1.316139184791228070e-07
2.879899158088616417e-03 1.317304198887087523e+02 3.282435245291371393e+04 1.593999488427365128e-07
3.027554745376210416e-03 1.372590104515881535e+02 3.270577855309133520e+04 1.929688183392933015e-07
3.182780796510085389e-03 1.429548753930198188e+02 3.258025481197834961e+04 2.335013616238116086e-07
3.345965457471714814e-03 1.488157910930914340e+02 3.244743944161281615e+04 2.824123182106455962e-07
3.517516774912597243e-03 1.548402338137687764e+02 3.230715847371601558e+04 3.413992864988844368e-07
3.697863716483424691e-03 1.610233849530307566e+02 3.215897955883078248e+04 4.124885662795950369e-07
3.887457243476651579e-03 1.673609089771387346e+02 3.200263420892337308e+04 4.981052981880704259e-07
4.086771438464619106e-03 1.738467620162314802e+02 3.183779254437598138e+04 6.011431651973732232e-07
4.296304690752923532e-03 1.804732151646029479e+02 3.166408583096029906e+04 7.250504647687888476e-07
4.516580942613284376e-03 1.872336730531749822e+02 3.148136001165948619e+04 8.739440083899994689e-07
4.748150999412126434e-03 1.941157315058777897e+02 3.128908078743772421e+04 1.052699840811183494e-06
4.991593906910903912e-03 2.011096923153831142e+02 3.108707563683603439e+04 1.267129489557141682e-06
5.247518399182111472e-03 2.082011392908495964e+02 3.087492069949181314e+04 1.524106343409450409e-06
5.516564420761540903e-03 2.153770131552510918e+02 3.065242975245373236e+04 1.831790030882673999e-06
5.799404726842954938e-03 2.226205206534805541e+02 3.041926798048102137e+04 2.199812713520618581e-06
6.096746565516493986e-03 2.299098374094636767e+02 3.017490210622531231e+04 2.639503487383372976e-06
6.409333446257287764e-03 2.372263782476902350e+02 2.991916802996198021e+04 3.164257634502363574e-06
6.737946999086424568e-03 2.445465871064739645e+02 2.965171092760148531e+04 3.789785559107484180e-06
7.083408929053131541e-03 2.518476889844783955e+02 2.937236188822150507e+04 4.534560208545353939e-06
7.446583070925409317e-03 2.590970678850115405e+02 2.908051312673897701e+04 5.420057242117196012e-06
7.828377549226901017e-03 2.662684861518276307e+02 2.877607997053491272e+04 6.471505377657870290e-06
8.229747049021221908e-03 2.733301968530975046e+02 2.845879354959059128e+04 7.718223201514175946e-06
8.651695203121895217e-03 2.802413494192523444e+02 2.812805591640685452e+04 9.194034040174130709e-06
9.095277101697147801e-03 2.869696697965422345e+02 2.778385724465563180e+04 1.093840658182204908e-05
9.561601930544914862e-03 2.934702527128962970e+02 2.742568690805192091e+04 1.299649734579719438e-05
1.005183574463506743e-02 2.997000599367434006e+02 2.705327309216395224e+04 1.542031475444082848e-05
1.056720438385422289e-02 3.056157292541823836e+02 2.666644878461548433e+04 1.826948408726710224e-05
1.110899653824396448e-02 3.111647684176720645e+02 2.626476216898666462e+04 2.161151294868071004e-05
1.167856697039719623e-02 3.162978311939054947e+02 2.584802121079256176e+04 2.552320093741738667e-05
1.227733990307029038e-02 3.209614604160070144e+02 2.541596296546977101e+04 3.009095597378800643e-05
1.290681258048182248e-02 3.250994346796526884e+02 2.496831089360609622e+04 3.541143158365100941e-05
1.356855901220299469e-02 3.286546902723283097e+02 2.450484186930925352e+04 4.159214102047213913e-05
1.426423390900143431e-02 3.315718966473520481e+02 2.402546349411621122e+04 4.875210005726044062e-05
1.499557682048000690e-02 3.337935032442849774e+02 2.353004667522955788e+04 5.702137250165265346e-05
1.576441648485692182e-02 3.352565169092438282e+02 2.301830785151801683e+04 6.653975353910849264e-05
1.657267540176381518e-02 3.359154375157645518e+02 2.249058190294581436e+04 7.746010734779347614e-05
1.742237463949622076e-02 3.357137112071016531e+02 2.194679874355860011e+04 8.994176024617403650e-05
1.831563888873704443e-02 3.346063373547358992e+02 2.138723559630363161e+04 1.041527252729054960e-04
1.925470177538994923e-02 3.325538876011214029e+02 2.081227318876301069e+04 1.202659476092392607e-04
2.024191144580758314e-02 3.295295297659853873e+02 2.022258192944714392e+04 1.384583523787500888e-04
2.127973643838054069e-02 3.255093934054576152e+02 1.961878591367524496e+04 1.589031544797987511e-04
2.237077185616915750e-02 3.204887523389687090e+02 1.900192905445657743e+04 1.817715697215528442e-04
2.351774585601286785e-02 3.144845799569888527e+02 1.837350046960948748e+04 2.072319402521058515e-04
2.472352647034336062e-02 3.075217133967395284e+02 1.773499419821995980e+04 2.354383988266774174e-04
2.599112877875953478e-02 2.996495738367976287e+02 1.708838109992757381e+04 2.665381300297190630e-04
2.732372244729698585e-02 2.909435807717492821e+02 1.643612401479662003e+04 3.006759099564148283e-04
2.872463965424410307e-02 2.814980669546146714e+02 1.578096872073491249e+04 3.379943523486899823e-04
3.019738342232343442e-02 2.714341500308830177e+02 1.512617514887220204e+04 3.786541192722862447e-04
3.174563637807315680e-02 2.608962405011106966e+02 1.447543831064917140e+04 4.228537556796251561e-04
3.337326996033158216e-02 2.500462485150229384e+02 1.383276232190187693e+04 4.708546748870947110e-04
3.508435410085083278e-02 2.390661324914638044e+02 1.320257678724105062e+04 5.230326154444572134e-04
3.688316740124613496e-02 2.281435429939297137e+02 1.258939024347453233e+04 5.799133008630021980e-04
3.877420783172848273e-02 2.173617210809374285e+02 1.199480157655158109e+04 6.419217996713181456e-04
4.076220397837305304e-02 2.069461528304564979e+02 1.142434067862763732e+04 7.100690606864631460e-04
4.285212686704739649e-02 1.971467026407709113e+02 1.088424118102706416e+04 7.859174337253866782e-04
4.504920239356542677e-02 1.881182058350246109e+02 1.037814520245593121e+04 8.712893494307821871e-04
4.735892439114896407e-02 1.799415631101719271e+02 9.907657933634372966e+03 9.682939945066092874e-04
4.978706836787243073e-02 1.726115102505523566e+02 9.471986418695298198e+03 1.079169528861066967e-03
5.233970594844135349e-02 1.660475704563903605e+02 9.068247903365239836e+03 1.206136942726992838e-03
5.502322005641668845e-02 1.601118008333840805e+02 8.692000114686021334e+03 1.351237248556259700e-03
5.784432087484844831e-02 1.546730163433494170e+02 8.339043909955416893e+03 1.516585829105548521e-03
6.081006262522850592e-02 1.498201277448742417e+02 8.011152436599233624e+03 1.706737669770335602e-03
6.392786120671870020e-02 1.447794966315532861e+02 7.687132663751365726e+03 1.916230928803288941e-03
6.720551273976151097e-02 1.394114092511634624e+02 7.363103997115440507e+03 2.143795094654945763e-03
7.065121306044198912e-02 1.334136904852059331e+02 7.030932129583769893e+03 2.383578863221126869e-03
7.427357821434696361e-02 1.265642884735176210e+02 6.684504633089458366e+03 2.627147653030144966e-03
7.808166600116696332e-02 1.188076829295033150e+02 6.321742930974420233e+03 2.865246551073353729e-03
8.208499862391337165e-02 1.103028099959486354e+02 5.945779340517353376e+03 3.090638576427859156e-03
8.629358649938589920e-02 1.013978299964187357e+02 5.564559118636301719e+03 3.300916037991013640e-03
9.071795328942874881e-02 9.255714640659270742e+01 5.189462040641820749e+03 3.500740716791781761e-03
9.536916221556676621e-02 8.428586419160959053e+01 4.833877765577988612e+03 3.703811753900364875e-03
1.002588437228218304e-01 7.705733549032044039e+01 4.511554592564463746e+03 3.934162746174416254e-03
1.053992245618834284e-01 7.119650057326241210e+01 4.233011788140555836e+03 4.223195186208488633e-03
1.108031583623540345e-01 6.673718617560274424e+01 4.000414849423568285e+03 4.599329988302366251e-03
1.164841577735182265e-01 6.339270972870792065e+01 3.805762424198198005e+03 5.075866214631606817e-03
1.224564282530043596e-01 6.063771915763324927e+01 3.633242412861045068e+03 5.641023126776499239e-03
1.287349035878279091e-01 5.780017400582657672e+01 3.462489383781475681e+03 6.247242165698935548e-03
1.353352832366376823e-01 5.423292286220160463e+01 3.273831432247019166e+03 6.810302121982602687e-03
1.422740715865399574e-01 4.973282467189109468e+01 3.060182326495726102e+03 7.255889602130374816e-03
1.495686192226629019e-01 4.474069414330065797e+01 2.833205193184785458e+03 7.583931992772251912e-03
1.572371663136570008e-01 3.995882948389371592e+01 2.613569059468348314e+03 7.869527227501220412e-03
1.652988882216175348e-01 3.601072380991110577e+01 2.421834476724382512e+03 8.239709631708854939e-03
1.737739434504778357e-01 3.323238722317920235e+01 2.270963911470714720e+03 8.834577168219811052e-03
1.826835240527691917e-01 3.131294064693454970e+01 2.151752525035412873e+03 9.671464811924474977e-03
1.920499086207905493e-01 2.952933334272886157e+01 2.039661723574728285e+03 1.059659207039109242e-02
2.018965179946938526e-01 2.730276998639624964e+01 1.914412894746246820e+03 1.138317614335913365e-02
2.122479738267836202e-01 2.456888559065484756e+01 1.772661920751376556e+03 1.190108004071133152e-02
2.231301601484726449e-01 2.186723643338281420e+01 1.632416845637606002e+03 1.230662567451552315e-02
2.345702880938428103e-01 1.976403350082405197e+01 1.514861189070464889e+03 1.292304462585415481e-02
2.465969639416541459e-01 1.830875474709057116e+01 1.423198190360896206e+03 1.390888262285052031e-02
2.592402606459418002e-01 1.700911003169376912e+01 1.338991146608966801e+03 1.501271354016985894e-02
2.725317930340656614e-01 1.546746210771843977e+01 1.246371103237619764e+03 1.586137526654040827e-02
2.865047968602461026e-01 1.381899260965243315e+01 1.149944721993111216e+03 1.646426457296471663e-02
3.011942119122611450e-01 1.246413637582666922e+01 1.066033368406058798e+03 1.725330565634936031e-02
3.166367693791155569e-01 1.143461368307777271e+01 9.966699907838933541e+02 1.838974863403924562e-02
3.328710836981453314e-01 1.043814107016534187e+01 9.295080293246269321e+02 1.950390759362155557e-02
3.499377491112247163e-01 9.373721793567723282e+00 8.598021474099335819e+02 2.034954488501112060e-02
3.678794411715154977e-01 8.440503404450529601e+00 7.963933063820643383e+02 2.128899512985722720e-02
3.867410234545784475e-01 7.677578816514585291e+00 7.414066876325434805e+02 2.249858832009417331e-02
4.065696597406806001e-01 6.938387773242314260e+00 6.879780342470697860e+02 2.362292797859116486e-02
4.274149319488126375e-01 6.231970870325004519e+00 6.364421387548817393e+02 2.465157914395319644e-02
4.493289641173122684e-01 5.629498175021546480e+00 5.904484561818969723e+02 2.587218958990790407e-02
4.723665527411103904e-01 5.076335050444213515e+00 5.472971925975069780e+02 2.710553311915431599e-02
4.965853037915104462e-01 4.560061710253489942e+00 5.063308298362501318e+02 2.828932381471806548e-02
5.220457767611225153e-01 4.105884954257660091e+00 4.689789294975307712e+02 2.959394045438761001e-02
5.488116360941387439e-01 3.689078692075709043e+00 4.339201653288685634e+02 3.089285961122853127e-02
5.769498103806052214e-01 3.312116137397819404e+00 4.013327333125766359e+02 3.222477698593265855e-02
6.065306597127584354e-01 2.973330265827333285e+00 3.711712344400935990e+02 3.361024573160242834e-02
6.376281516219051149e-01 2.665652217930611911e+00 3.430484094179320778e+02 3.500871705110009807e-02
6.703200460357783275e-01 2.389245634608482938e+00 3.170187855051632368e+02 3.645672748046466932e-02
7.046880897188601001e-01 2.139553838324880886e+00 2.928310588075624992e+02 3.793012484894380670e-02
7.408182206818726412e-01 1.915006385940801303e+00 2.704217209820866969e+02 3.944350062539374313e-02
7.788007830715680813e-01 1.712857216498467228e+00 2.496421825571947863e+02 4.098930543792390913e-02
8.187307530781540166e-01 1.531103319970136933e+00 2.303883794647206571e+02 4.256945283286075327e-02
8.607079764252394405e-01 1.367799249556955310e+00 2.125545628744029898e+02 4.418349874230718261e-02
9.048374180361511421e-01 1.221208731744639175e+00 1.960447123308777009e+02 4.583231723212533026e-02
9.512294245009160765e-01 1.089717303592173447e+00 1.807665365560364990e+02 4.751600657607227968e-02
1.000000000000213163e+00 9.718389725757522468e-01 1.666323042833416253e+02 4.923393750559580673e-02
1.051271096376248826e+00 8.662425507512006018e-01 1.535616365370392771e+02 5.098635249557714050e-02
1.105170918075884856e+00 7.716876581241777222e-01 1.414766225797402228e+02 5.277158737498724439e-02
1.161834242728533306e+00 6.871163235113502132e-01 1.303106677287439084e+02 5.459250742075385382e-02
1.221402758160433644e+00 6.114944216751556638e-01 1.199946871710929912e+02 5.644681573792172113e-02
1.284025416688019838e+00 5.439388506122264655e-01 1.104693347262122813e+02 5.833661152903009406e-02
1.349858807576296504e+00 4.835900087352107413e-01 1.016731525052523750e+02 6.025770849939193763e-02
1.419067548593566874e+00 4.297423752537956054e-01 9.355621660941308448e+01 6.221393123864142616e-02
1.491824697641596753e+00 3.817173151534591358e-01 8.606774449568449370e+01 6.420450436714100761e-02
1.568312185490513100e+00 3.389041841503557251e-01 7.916056548421263983e+01 6.622847275713396320e-02
1.648721270700491237e+00 3.007557312234087621e-01 7.279110454503755534e+01 6.828509120981589298e-02
1.733253017867778301e+00 2.667920997248178772e-01 6.692043678398522388e+01 7.037673572639198405e-02
1.822118800390913007e+00 2.365605347251216739e-01 6.150980665144345494e+01 7.250077008775529519e-02
1.915540829014322100e+00 2.096650751236716348e-01 5.652456036673551409e+01 7.465701003392793966e-02
2.013752707470925607e+00 1.857554078352868510e-01 5.193328687597347937e+01 7.684756961458549807e-02
2.117000016613148627e+00 1.645062594886385066e-01 4.770536485899398116e+01 7.907064305862278319e-02
2.225540928492967474e+00 1.456325491071104039e-01 4.381332010059739446e+01 8.132713381065304059e-02
2.339646851926517890e+00 1.288732354059234086e-01 4.023085251815552965e+01 8.361494714368525316e-02
2.459603111157505406e+00 1.140018535923059961e-01 3.693471540981393275e+01 8.593642301436428543e-02
2.585709659316432152e+00 1.008089771707544463e-01 3.390231351435457441e+01 8.828943562862529015e-02
2.718281828459663263e+00 8.911180115226539911e-02 3.111345738445933407e+01 9.067528441865659039e-02
2.857651118063815776e+00 7.874411573301712264e-02 2.854898343242415493e+01 9.309277735150910116e-02
3.004166023947120401e+00 6.955957323088562960e-02 2.619153662408958283e+01 9.554301853664952382e-02
3.158192909690492378e+00 6.142514480499932511e-02 2.402462124708379321e+01 9.802399773829305329e-02
3.320116922737311960e+00 5.422421893331795528e-02 2.203337563497592555e+01 1.005364853746935905e-01
3.490342957462647444e+00 4.785276438862614418e-02 2.020406851913660518e+01 1.030817060041069044e-01
3.669296667620093988e+00 4.221580740942296878e-02 1.852353190962533347e+01 1.056559205536209967e-01
3.857425530697870641e+00 3.723213915176538935e-02 1.698033184289869979e+01 1.082632099944727255e-01
4.055199966845619564e+00 3.282662259449491138e-02 1.556328285948677959e+01 1.109004440467700192e-01
4.263114515169814212e+00 2.893376757863408422e-02 1.426236461186391580e+01 1.135680695764996889e-01
4.481689070339116121e+00 2.549534438346996376e-02 1.306833963228227447e+01 1.162669581096451299e-01
4.711470182591849465e+00 2.245913938645425351e-02 1.197257200419859835e+01 1.189960951499288849e-01
4.953032424396282885e+00 1.977895841098924537e-02 1.096714390053193355e+01 1.217551077498824075e-01
5.206979827181080545e+00 1.741383654060180489e-02 1.004476997663067017e+01 1.245438847115470093e-01
5.473947391728498424e+00 1.532753438073540878e-02 9.198771787001398081e+00 1.273633329749944698e-01
5.754602676007100293e+00 1.348761309023194417e-02 8.422910297351956288e+00 1.302121135036279909e-01
6.049647464414390718e+00 1.186545551115680830e-02 7.711480496422677078e+00 1.330898319018422871e-01
6.359819522603354258e+00 1.043581443573089740e-02 7.059267868911630828e+00 1.359975177444420202e-01
6.685894442280875261e+00 9.176092945798342698e-03 6.461395436880436272e+00 1.389333826511934544e-01
7.028687580590986528e+00 8.066552236115133792e-03 5.913469004775124382e+00 1.418995207143081971e-01
7.389056098932435646e+00 7.089397318576073394e-03 5.411328995852808355e+00 1.448926872139966182e-01
7.767901106308653603e+00 6.229193407100057714e-03 4.951264405872926488e+00 1.479153133644371398e-01
8.166169912569634093e+00 5.472111194699115326e-03 4.529795532929102642e+00 1.509664381984771320e-01
8.584858397179985445e+00 4.805942112720009221e-03 4.143728962806982885e+00 1.540452114528277072e-01
9.025013499436326470e+00 4.219917997429359705e-03 3.790137885577674393e+00 1.571512541356687165e-01
9.487735836360851494e+00 3.704567779643373054e-03 3.466352361804621918e+00 1.602859874114904160e-01
9.974182454817173138e+00 3.251479757889121514e-03 3.169898768923891552e+00 1.634493653920513767e-01
1.048556972473016025e+01 2.853152244885086893e-03 2.898466397929394311e+00 1.666369479635475270e-01
1.102317638064432792e+01 2.503111892974098449e-03 2.650006013826936346e+00 1.698520497844615840e-01
1.158834671922626214e+01 2.195592868237978591e-03 2.422610327581976808e+00 1.730957928628514553e-01
1.218249396070650370e+01 1.925466066764315890e-03 2.214504280644153056e+00 1.763659501856081890e-01
1.280710378266622662e+01 1.688230879442343367e-03 2.024069590995435153e+00 1.796614436965034978e-01
1.346373803500505772e+01 1.479952282302658987e-03 1.849840602654179378e+00 1.829847641401816660e-01
1.415403864537935341e+01 1.297109914979173223e-03 1.690440042996893988e+00 1.863323104684858067e-01
1.487973172487657614e+01 1.136648515807548885e-03 1.544633350921941872e+00 1.897062990557270845e-01
1.564263188419211659e+01 9.958371536124696003e-04 1.411261216387785566e+00 1.931025727180349372e-01
1.644464677110120832e+01 8.723294728521788829e-04 1.289301381013657988e+00 1.965280083229188623e-01
1.728778184057202338e+01 7.639982117644538448e-04 1.177772139608970647e+00 1.999771714535915068e-01
1.817414536944768244e+01 6.689961171409237409e-04 1.075790823020353448e+00 2.034491354306583455e-01
1.910595372823652127e+01 5.857116193306513693e-04 9.825595641448069406e-01 2.069475376882764506e-01
2.008553692319280515e+01 5.127059004526705616e-04 8.973297286773517234e-01 2.104693750985467127e-01
2.111534442254602695e+01 4.487193510541639127e-04 8.194193755454223238e-01 2.140127104198575880e-01
2.219795128144734164e+01 3.926567181293520617e-04 7.482147689686298175e-01 2.175815032993227427e-01
2.333606458094873304e+01 3.435400387745938134e-04 6.831394588112019717e-01 2.211721670908751991e-01
2.453253019711569394e+01 3.005181557072209866e-04 6.236730524160427613e-01 2.247853482871590980e-01
2.579033991719975205e+01 2.628410945080827152e-04 5.693367087885604638e-01 2.284203141506852830e-01
2.711263892066493852e+01 2.298512456543892377e-04 5.196930569444206949e-01 2.320772082353468324e-01
2.850273364377471097e+01 2.009703028647281649e-04 4.743406651776403415e-01 2.357554217107327710e-01
2.996410004740484823e+01 1.756882662893670649e-04 4.329091092073679703e-01 2.394510421580622328e-01
3.150039230875619012e+01 1.535646078539805513e-04 3.950679911690255230e-01 2.431696007360945599e-01
3.311545195870102276e+01 1.342053126672140394e-04 3.605056383907827566e-01 2.469062179701053961e-01
3.481331748761120082e+01 1.172685139146690560e-04 3.289416368326969486e-01 2.506616607856787526e-01
3.659823444368765877e+01 1.024529663148280418e-04 3.001175122265029582e-01 2.544340321786981995e-01
3.847466604904231957e+01 8.949563668277443697e-05 2.737984159279208685e-01 2.582240556243113327e-01
4.044730436007814234e+01 7.816425777682715209e-05 2.497669872048890460e-01 2.620277070186290969e-01
4.252108200007410943e+01 6.825831822507995013e-05 2.278293409442377071e-01 2.658512851761803408e-01
4.470118449331276622e+01 5.959717205590864275e-05 2.078000363238223236e-01 2.696826488243493913e-01
4.699306323159186860e+01 5.202782916236707090e-05 1.895184852332184866e-01 2.735314265514299792e-01
4.940244910554343960e+01 4.541251810754689432e-05 1.728313199226126917e-01 2.773903070258939563e-01
5.193536683484541783e+01 3.963176454911980837e-05 1.576003908223184702e-01 2.812569601917135342e-01
5.459815003315897997e+01 3.458166714266833192e-05 1.437008971807891000e-01 2.851346312375871994e-01
5.739745704546173499e+01 3.017004045329960580e-05 1.310163190528330079e-01 2.890174777060131039e-01
6.034028759737834946e+01 2.631695695518835007e-05 1.194417652658743279e-01 2.929058573248763953e-01
6.343400029814058882e+01 2.295208121357002814e-05 1.088805598139671316e-01 2.967964011879030695e-01
6.668633104094334385e+01 2.001395529933206052e-05 9.924455821094324559e-02 3.006863106317629319e-01
7.010541234670704114e+01 1.744892588409251231e-05 9.045352996451011540e-02 3.045745429408385774e-01
7.369979369961600923e+01 1.520986230684813167e-05 8.243369045270808326e-02 3.084568064963741918e-01
7.747846292528217305e+01 1.325569643529001294e-05 7.511805038344829266e-02 3.123315077120492611e-01
8.145086866499057976e+01 1.155036781461204135e-05 6.844502253556906946e-02 3.161937158613627452e-01
8.562694400222423496e+01 1.006247095735495361e-05 6.235872321858793033e-02 3.200414521185285244e-01
9.001713130054676526e+01 8.764393363143927054e-06 5.680764113518628478e-02 3.238676917061350524e-01
9.463240831495036787e+01 7.632142031561359920e-06 5.174518908828664582e-02 3.276697733739707963e-01
9.948431564196151555e+01 6.644717257773285509e-06 4.712875207263558103e-02 3.314443460787409035e-01
1.045849855771433994e+02 5.783561859333770596e-06 4.291867548168255830e-02 3.351765809567047172e-01
1.099471724521542768e+02 5.032897495902650442e-06 3.908036324151702157e-02 3.388757869116095223e-01
1.155842845272200918e+02 4.378422401808842483e-06 3.558027566620911714e-02 3.425186970131371966e-01
1.215104175187690743e+02 3.808088942285035827e-06 3.238955285423032043e-02 3.461129760401516209e-01
1.277403898460648861e+02 3.311086464451676054e-06 2.948068719562188522e-02 3.496435270368604686e-01
1.342897796849734675e+02 2.878054301922860770e-06 2.682889368861605603e-02 3.531003326379638096e-01
1.411749639215168770e+02 2.500804448412696781e-06 2.441147774538380069e-02 3.564700511172879116e-01
1.484131591026187778e+02 2.172258263763821962e-06 2.220807234309350037e-02 3.597484616993515405e-01
1.560224644864394463e+02 1.886168764470389819e-06 2.019976605364420807e-02 3.629210914539739430e-01
1.640219072999485945e+02 1.637131884867759633e-06 1.836956320683866967e-02 3.659818085976616064e-01
1.724314903169036768e+02 1.420366159621516932e-06 1.670160028011187861e-02 3.689099093105644989e-01
1.812722418752032070e+02 1.231750480990547588e-06 1.518169381601117314e-02 3.716951695639964526e-01
1.905662684586848457e+02 1.067679318203133433e-06 1.379685830455749593e-02 3.743252980868100876e-01
2.003368099748494728e+02 9.249731571608053610e-07 1.253502731578635086e-02 3.767746289814936089e-01
2.106082978667353416e+02 8.009105325627986678e-07 1.138554052056143205e-02 3.790362079205902290e-01
2.214064162042512862e+02 6.930879624289672762e-07 1.033848161331495617e-02 3.810914645779043819e-01
2.327581659077297047e+02 5.994097634543936627e-07 9.384808581354261298e-03 3.829207057843602158e-01
2.446919322642916654e+02 5.180463823028916380e-07 8.516257140441050449e-03 3.845013381424370325e-01
2.572375559058498879e+02 4.474204581055259447e-07 7.725441236909342396e-03 3.858239836058486305e-01
2.704264074262317763e+02 3.861357734487257702e-07 7.005454626844742280e-03 3.868633547123891958e-01
2.842914658240042627e+02 3.329876453897775099e-07 6.350110701416369387e-03 3.876054257099990630e-01
2.988674009671481713e+02 2.869200672686455610e-07 5.753718749003091867e-03 3.880313578221925019e-01
3.141906602857868620e+02 2.470156180620472120e-07 5.211122766164756094e-03 3.881275626967428671e-01
3.302995599097462787e+02 2.124719976544061017e-07 4.717597443678382685e-03 3.878787123486920341e-01
3.472343804788374655e+02 1.825912264419152696e-07 4.268850176149165815e-03 3.872739829508630716e-01
3.650374678654371792e+02 1.567662736016893512e-07 3.860985834254652711e-03 3.863093536184788457e-01
3.837533390612260860e+02 1.344644683912375394e-07 3.490411180972528751e-03 3.849765711920324907e-01
4.034287934928555046e+02 1.152241848229439183e-07 3.153882973912556283e-03 3.832786052964940460e-01
4.241130300448911044e+02 9.864246066320602407e-08 2.848437089146856234e-03 3.812229193627333923e-01
4.458577700826506316e+02 8.436688552323621668e-08 2.571352534178587054e-03 3.788186000887082128e-01
4.687173867825576963e+02 7.209152269438419770e-08 2.320163789313342637e-03 3.760864172529100324e-01
4.927490410934046849e+02 6.154872107400122982e-08 2.092603718099413004e-03 3.730496659799317216e-01
5.180128246684984106e+02 5.250516701849302180e-08 1.886598258121762210e-03 3.697377882249526238e-01
5.445719101260938260e+02 4.475795003105112946e-08 1.700256451485613902e-03 3.661897248668913862e-01
5.724927090138447738e+02 3.812930217389669835e-08 1.531826919486569804e-03 3.624423989586841310e-01
6.018450378722650385e+02 3.246501355930375039e-08 1.379713754910668558e-03 3.585418872056039818e-01
6.327022928124463306e+02 2.763071295185782917e-08 1.242447870701059902e-03 3.545361913165049339e-01
6.651416330445650829e+02 2.350900158310596372e-08 1.118665267078572390e-03 3.504667661841310844e-01
6.992441738160994191e+02 1.999834267342987663e-08 1.007119477593226798e-03 3.463784257996126992e-01
7.350951892421985576e+02 1.701054368588658257e-08 9.066590910771858127e-04 3.423096916291332170e-01
7.727843255353874383e+02 1.446908685580775828e-08 8.162184660726765030e-04 3.382877695318349254e-01
8.124058251677936369e+02 1.230816499330732940e-08 7.348241818414067567e-04 3.343356246027797130e-01
8.540587625264155349e+02 1.047110227944768963e-08 6.615823598002514103e-04 3.304653421572327221e-01
8.978472916506958654e+02 8.909411692495358679e-09 5.956801944813502024e-04 3.266831370617923613e-01
9.438809066718714575e+02 7.581521790818110998e-09 5.363740663160821267e-04 3.229819480407073451e-01
9.922747156053346771e+02 6.452307002106228383e-09 4.830009891835907549e-04 3.193603954500911501e-01
1.043149728180628472e+03 5.491835561914622026e-09 4.349608834251258277e-04 3.158113481702611858e-01
1.096633158428801380e+03 4.674724032759756309e-09 3.917151416374658069e-04 3.123275948170577965e-01
1.152858742783748994e+03 3.979689106345668980e-09 3.527913063554141584e-04 3.089211888310623988e-01
1.211967074492957408e+03 3.388337181369000619e-09 3.177514514283298988e-04 3.055831089063730799e-01
1.274105955173854682e+03 2.885481193437408566e-09 2.862228403854304463e-04 3.023466380671083198e-01
1.339430764394840480e+03 2.457813152626612345e-09 2.578520129059991696e-04 2.992126372522256328e-01
1.408104848205140797e+03 2.094062023302330006e-09 2.323227797215642000e-04 2.961861735547749452e-01
1.480299927585014302e+03 1.784693507394129286e-09 2.093532839646012765e-04 2.932804110715434009e-01
1.556196527837648091e+03 1.521404560131011538e-09 1.886779911127274480e-04 2.904746911122666475e-01
1.635984429996447261e+03 1.297302709292806002e-09 1.700671681616152038e-04 2.877723625479699510e-01
1.719863145376471039e+03 1.106464012175400431e-09 1.533096157301390948e-04 2.851604047825547772e-01
1.808042414456641382e+03 9.439775642338178475e-10 1.382237005133684846e-04 2.826557171730454954e-01
1.900742731340188357e+03 8.055698661837168174e-10 1.246390747846472897e-04 2.802486223268838561e-01
1.998195895104759757e+03 6.876687954378921208e-10 1.124069593399256627e-04 2.779481348057530887e-01
2.100645589420852957e+03 5.870582354483873474e-10 1.013783140714008757e-04 2.756828840479551568e-01
2.208347991887921125e+03 5.011676756225619995e-10 9.143172828721077034e-05 2.734360948675286229e-01
2.321572414611807289e+03 4.278434811447270151e-10 8.246103729539720751e-05 2.712076168043770497e-01
2.440601977625289692e+03 3.652471084266385795e-10 7.437049259829073831e-05 2.689973006246488829e-01
2.565734316835632853e+03 3.118090051461915018e-10 6.707373992275917122e-05 2.668049983107255163e-01
2.697282328269386653e+03 2.661892550198920169e-10 6.049289751953724993e-05 2.646305630513179907e-01
2.835574950475434889e+03 2.272439805092342072e-10 5.455772489387531268e-05 2.624738492316400773e-01
2.980957987042702825e+03 1.939966610366087719e-10 4.920487309496877833e-05 2.603347124236519150e-01
3.133794971289250043e+03 1.656136475387276909e-10 4.437720856215199712e-05 2.582130093763921885e-01
3.294468075284922634e+03 1.413832594052021081e-10 4.002320331093592342e-05 2.561085980063692591e-01
3.463379065480592999e+03 1.206979396753111956e-10 3.609638495005841683e-05 2.540213373880511605e-01
3.640950307333554974e+03 1.030390210492616273e-10 3.255484065931383566e-05 2.519510877444763874e-01
3.827625821441170956e+03 8.796372073417698803e-11 2.936076983386581369e-05 2.498977104377981817e-01
4.023872393823642142e+03 7.509403803149367462e-11 2.648008062022759644e-05 2.478610679601227218e-01
4.230180743132199495e+03 6.410727628172946095e-11 2.388202603750971955e-05 2.458410239241361483e-01
4.447066747701334862e+03 5.472795151245770002e-11 2.153887580012233107e-05 2.438374430541665749e-01
4.675072735513344924e+03 4.672088490528128804e-11 1.942562033909654584e-05 2.418501911769543877e-01
4.914768840300775992e+03 3.988530588132197608e-11 1.751970386293690482e-05 2.398791352127808696e-01
5.166754427177720572e+03 3.404981794484315051e-11 1.580078360881313662e-05 2.379241431665291839e-01
5.431659591364801599e+03 2.906810105773227788e-11 1.425051271446955138e-05 2.359850841187481063e-01
5.710146733755425885e+03 2.481524278547597667e-11 1.285234439334950968e-05 2.340618282170493503e-01
6.002912217263044113e+03 2.118460622106521207e-11 1.159135532278429917e-05 2.321542466673269800e-01
6.310688108091153481e+03 1.808515615266160170e-11 1.045408636019410360e-05 2.302622117250554545e-01
6.634244006280128815e+03 1.543917643090110569e-11 9.428398887193385351e-06 2.283855966869217657e-01
6.974388970108182548e+03 1.318032130064767724e-11 8.503345248276088900e-06 2.265242758821277291e-01
7.331973539158482708e+03 1.125195183601955288e-11 7.669051901229395038e-06 2.246781246641587626e-01
7.707891861111141225e+03 9.605715766116929185e-12 6.916614032068987506e-06 2.228470194023552953e-01
8.103083927578147268e+03 8.200335081780577355e-12 6.238000509677334423e-06 2.210308374735598658e-01
8.518537924572025076e+03 7.000571023627631545e-12 5.625968165682742899e-06 2.192294572540595954e-01
8.955292703485578386e+03 5.976340499273047833e-12 5.073984484639429490e-06 2.174427581113370922e-01
9.414440378761499232e+03 5.101961774647830699e-12 4.576157879350314727e-06 2.156706203960437884e-01
9.897129058747319505e+03 4.355510525735762400e-12 4.127174807123383734e-06 2.139129254338867914e-01
1.040456571656430970e+04 3.718270104268747265e-12 3.722243055777661930e-06 2.121695555178308989e-01
1.093801920816896018e+04 3.174262233234579281e-12 3.357040594057595574e-06 2.104403939001190382e-01
1.149882344515380282e+04 2.709846364784772342e-12 3.027669440516078896e-06 2.087253247845008985e-01
1.208838073022117533e+04 2.313377654767488015e-12 2.730614058483939696e-06 2.070242333184046934e-01
1.270816526367042752e+04 1.974914977883622052e-12 2.462703833057402130e-06 2.053370055852996312e-01
1.335972682966652428e+04 1.685971662184408670e-12 2.221079229601039481e-06 2.036635285970846143e-01
1.404469467150771925e+04 1.439302692785253634e-12 2.003161272560135537e-06 2.020036902865947892e-01
1.476478156558243427e+04 1.228723049101777561e-12 1.806624018813167595e-06 2.003573794997947077e-01
1.552178810420236550e+04 1.048952620572376012e-12 1.629369731764649055e-06 1.987244859887032644e-01
1.631760719802116000e+04 8.954838122471902159e-13 1.469506491192817320e-06 1.971049004038039065e-01
1.715422880929701932e+04 7.644685205699565094e-13 1.325327999875959616e-06 1.954985142868140846e-01
1.803374492783486858e+04 6.526216453601627392e-13 1.195295371461097479e-06 1.939052200631977418e-01
1.895835480205053682e+04 5.571387186424057889e-13 1.078020705191745526e-06 1.923249110354510460e-01
1.993037043823734348e+04 4.756255849268653187e-13 9.722522721737714267e-07 1.907574813752919984e-01
2.095222238178608313e+04 4.060383697409509859e-13 8.768611550732153434e-07 1.892028261172774284e-01
2.202646579481454319e+04 3.466322311639365968e-13 7.908291986370616825e-07 1.876608411511208885e-01
2.315578684540369068e+04 2.959176093588722990e-13 7.132381424340644520e-07 1.861314232152390113e-01
2.434300942441707230e+04 2.526228770896279463e-13 6.432598198187455237e-07 1.846144698894090219e-01
2.559110220669883711e+04 2.156624547195330693e-13 5.801473185116306399e-07 1.831098795884165409e-01
2.690318607430719567e+04 1.841095901981298210e-13 5.232270084443241092e-07 1.816175515546637476e-01
2.828254192034512744e+04 1.571731215199472730e-13 4.718913517827600371e-07 1.801373858518858229e-01
2.973261885290210193e+04 1.341776389906659373e-13 4.255924183834554394e-07 1.786692833582466944e-01
3.125704281962085952e+04 1.145465498871869879e-13 3.838360374717414461e-07 1.772131457597443949e-01
3.285962567445517197e+04 9.778762087154157290e-14 3.461765231195091825e-07 1.757688755436254691e-01
3.454437470929026313e+04 8.348063564669732219e-14 3.122119172250687046e-07 1.743363759918956923e-01
3.631550267425979837e+04 7.126685838005891494e-14 2.815796992209396810e-07 1.729155511746856000e-01
3.817743831181556016e+04 6.084003869901424445e-14 2.539529167177753595e-07 1.715063059440632975e-01
4.013483743089039490e+04 5.193873271581280687e-14 2.290366957841732229e-07 1.701085459275044065e-01
4.219259454884566367e+04 4.433974753813481882e-14 2.065650936154817643e-07 1.687221775216104502e-01
4.435585513031406299e+04 3.785254489174262398e-14 1.862982599983930017e-07 1.673471078858416172e-01
4.663002845354139572e+04 3.231446353069747242e-14 1.680198772743062951e-07 1.659832449363003726e-01
4.902080113639969204e+04 2.758664064102517643e-14 1.515348514769620842e-07 1.646304973395657789e-01
5.153415135589398415e+04 2.355052997039925721e-14 1.366672300007473239e-07 1.632887745065732532e-01
5.417636379671867326e+04 2.010492937882372950e-14 1.232583235739595419e-07 1.619579865865861668e-01
5.695404536624281900e+04 1.716344327858178714e-14 1.111650124918741041e-07 1.606380444610711056e-01
5.987414171521994285e+04 1.465231633627665116e-14 1.002582190313668448e-07 1.593288597378043070e-01
6.294395460553275188e+04 1.250858411879578595e-14 9.042152974233943613e-08 1.580303447450205345e-01
6.617116016840114025e+04 1.067849431216616443e-14 8.154995291096094271e-08 1.567424125254330003e-01
6.956382809870861820e+04 9.116158926702164227e-15 7.354879793264472171e-08 1.554649768304523505e-01
7.313044183344273188e+04 7.782403693581552096e-15 6.633266463370251263e-08 1.541979521144064558e-01
7.687991976470644295e+04 6.643785802424782304e-15 5.982453175423404322e-08 1.529412535288099950e-01
8.082163754034375597e+04 5.671755350458790988e-15 5.395493486319169010e-08 1.516947969166858590e-01
8.496545150794286747e+04 4.841939477296867963e-15 4.866122493111791459e-08 1.504584988069613272e-01
8.932172336083906703e+04 4.133531235598655213e-15 4.388689964690729059e-08 1.492322764087117282e-01
9.390134604774527543e+04 3.528767874071016824e-15 3.958100034154071982e-08 1.480160476060189134e-01
9.871577101079767453e+04 3.012485451137741148e-15 3.569756808161171814e-08 1.468097309517970295e-01
1.037770368201258680e+05 2.571738611656299958e-15 3.219515312765311004e-08 1.456132456631854255e-01
1.090977992765488161e+05 2.195475992818139973e-15 2.903637252105127082e-08 1.444265116154911099e-01
1.146913630576689611e+05 1.874263120362089561e-15 2.618751107777473291e-08 1.432494493369002864e-01
1.205717149864963576e+05 1.600045846932848447e-15 2.361816153003899147e-08 1.420819800034830438e-01
1.267535590057915979e+05 1.365948400986762373e-15 2.130089997489039435e-08 1.409240254336532328e-01
1.332523529455816897e+05 1.166100982503042022e-15 1.921099316571303299e-08 1.397755080829981567e-01
1.400843471757866791e+05 9.954925825984609432e-16 1.732613452239695795e-08 1.386363510390796749e-01
1.472666252406089625e+05 8.498453366202941153e-16 1.562620604248461160e-08 1.375064780162917055e-01
1.548171465762921434e+05 7.255072602249419416e-16 1.409306357205878152e-08 1.363858133507495907e-01
1.627547914190663723e+05 6.193606788881827397e-16 1.271034314446489647e-08 1.352742819952219566e-01
1.710994080155731353e+05 5.287440547928784050e-16 1.146328631983046578e-08 1.341718095141653522e-01
1.798718622538203781e+05 4.513852509664372338e-16 1.033858266113039933e-08 1.330783220784929610e-01
1.890940898387710622e+05 3.853445593251238585e-16 9.324227665507932745e-09 1.319937464609458044e-01
1.987891511430313694e+05 3.289660640962821968e-16 8.409394634441824851e-09 1.309180100311780615e-01
2.089812888697938761e+05 2.808361210979027878e-16 7.584319115179255016e-09 1.298510407506514863e-01
2.196959886722229712e+05 2.397479117791224195e-16 6.840194680039339774e-09 1.287927671678188168e-01
2.309600428808625729e+05 2.046711832428834685e-16 6.169078931185328674e-09 1.277431184136323394e-01
2.428016174984180834e+05 1.747264155051997972e-16 5.563808727585393586e-09 1.267020241965063632e-01
2.552503226294341730e+05 1.491627682588531409e-16 5.017923729372934072e-09 1.256694147979521836e-01
2.683372865209793090e+05 1.273392541723152811e-16 4.525597443520634063e-09 1.246452210673358041e-01
2.820952333994774381e+05 1.087086666628627684e-16 4.081575034891953867e-09 1.236293744178252191e-01
2.965585652983192704e+05 9.280385914327699714e-17 3.681117238853084624e-09 1.226218068215081808e-01
3.117634480808650260e+05 7.922603170728879488e-17 3.319949776825099397e-09 1.216224508049444097e-01
3.277479018739408348e+05 6.763473155131375520e-17 2.994217734850693039e-09 1.206312394444324504e-01
3.445518961379595567e+05 5.773931640195260853e-17 2.700444418249018781e-09 1.196481063618593382e-01
3.622174496113909991e+05 4.929166690096137925e-17 2.435494243178096673e-09 1.186729857199789878e-01
3.807887353794944938e+05 4.207996521751959198e-17 2.196539269044628521e-09 1.177058122183237826e-01
4.003121913300411543e+05 3.592338389092533618e-17 1.981029014528940896e-09 1.167465210882987214e-01
4.208366362722213962e+05 3.066755173166138299e-17 1.786663235077256134e-09 1.157950480893820827e-01
4.424133920090965694e+05 2.618068309125189070e-17 1.611367371282570484e-09 1.148513295045004434e-01
4.650964116688389913e+05 2.235027344610445312e-17 1.453270406117137126e-09 1.139153021360753276e-01
4.889424146156553179e+05 1.908027843942446866e-17 1.310684894664549782e-09 1.129869033012711882e-01
5.140110282777408138e+05 1.628870564845000050e-17 1.182088953212576224e-09 1.120660708283184592e-01
5.403649372469085502e+05 1.390555869214296511e-17 1.066110015454806149e-09 1.111527430520921622e-01
5.680700400227193022e+05 1.187108212978446952e-17 9.615101824309600506e-10 1.102468588100305596e-01
5.971956137930564582e+05 1.013426314267951820e-17 8.671730098363562567e-10 1.093483574380883783e-01
6.278144876631795196e+05 8.651552429857869026e-18 7.820915916741201765e-10 1.084571787664318915e-01
6.600032247664229944e+05 7.385772245383329919e-18 7.053578130653826614e-10 1.075732631159021652e-01
6.938423137119094608e+05 6.305184197048306225e-18 6.361526575006174073e-10 1.066965512935204585e-01
7.294163698479967425e+05 5.382693432440445961e-18 5.737374650838061184e-10 1.058269845888226007e-01
7.668143468447235646e+05 4.595169257892270635e-18 5.174460484595199238e-10 1.049645047696870087e-01
8.061297591243179049e+05 3.922865155466324713e-18 4.666775822758260098e-10 1.041090540787204394e-01
8.474609156959623797e+05 3.348923655323733245e-18 4.208901902858922829e-10 1.032605752291995138e-01
8.909111659795242595e+05 2.858953648600158023e-18 3.795951616424386161e-10 1.024190114012814706e-01
9.365891582329371013e+05 2.440669542242547276e-18 3.423517346519133370e-10 1.015843062382019851e-01
9.846091112294379855e+05 2.083583207914926989e-18 3.087623923130389158e-10 1.007564038424968306e-01
1.035091099863994634e+06 1.778741000846901918e-18 2.784686194267488692e-10 9.993524877226148129e-02
1.088161355403086869e+06 1.518499254589414819e-18 2.511470759911093581e-10 9.912078603743695870e-02
1.143952581128624268e+06 1.296332622394571011e-18 2.265061460380309597e-10 9.831296109612941425e-02
1.202604284165272489e+06 1.106670459537873183e-18 2.042828250758452892e-10 9.751171985095620498e-02
1.264263124320930336e+06 9.447571440048218016e-19 1.842399129159240668e-10 9.671700864542250031e-02
1.329083280812643003e+06 8.065328331988437433e-19 1.661634819210684144e-10 9.592877426037034472e-02
1.397226837794951163e+06 6.885316667413716740e-19 1.498605936528347336e-10 9.514696391024539401e-02
1.468864189654704416e+06 5.877948628890747385e-19 1.351572395470637991e-10 9.437152523982073049e-02
1.544174467085782439e+06 5.017965295248611635e-19 1.218964836366564181e-10 9.360240632051518295e-02
1.623345985009134281e+06 4.283803295006191678e-19 1.099367874985905172e-10 9.283955564695861584e-02
1.706576713458170416e+06 3.657054122650467478e-19 9.915049954628670927e-11 9.208292213354804523e-02
1.794074772606963990e+06 3.122002560571691175e-19 8.942249254285550457e-11 9.133245511102260072e-02
1.886058953179090517e+06 2.665232632968668555e-19 8.064893479276817285e-11 9.058810432311095728e-02
1.982759263538399944e+06 2.275291211335162146e-19 7.273618189616073999e-11 8.984981992296112163e-02
2.084417504829733167e+06 1.942400836739504536e-19 6.559977723733298648e-11 8.911755247025683613e-02
2.191287875607731752e+06 1.658214558104359601e-19 5.916355053842740899e-11 8.839125292728823580e-02
2.303637607465630397e+06 1.415606639321323923e-19 5.335880485768788483e-11 8.767087265632161897e-02
2.421747633253435604e+06 1.208493887292643280e-19 4.812358335374507953e-11 8.695636341569527861e-02
2.545913289556382690e+06 1.031683120902287664e-19 4.340200799066873951e-11 8.624767735723200268e-02
2.676445055190230254e+06 8.807409562808701178e-20 3.914368312464039541e-11 8.554476702239569019e-02
2.813669327560023405e+06 7.518826433768081590e-20 3.530315760718667827e-11 8.484758533974590122e-02
2.957929238823618274e+06 6.418771664693144712e-20 3.183943966307664111e-11 8.415608562119766822e-02
3.109585513900805730e+06 5.479662291236026284e-20 2.871555936549790016e-11 8.347022155932531939e-02
