# [1] k:    [h/Mpc] 
# [2] P:    [Mpc^3/h^3] 
# [3] T:    [Mpc^3/h^3] 
# [4] Delta_k 
3.059023205018257859e-07 1.722578527064613091e-02 3.700445245695901394e+04 2.498029728341283310e-23
3.215862678579245412e-07 1.806184749299241318e-02 3.698677660744016612e+04 3.043160908880036612e-23
3.380743483904743061e-07 1.893848841928965146e-02 3.696910920117946807e+04 3.707253045190304328e-23
3.554077908890640533e-07 1.985767755744381052e-02 3.695145023407656117e+04 4.516266327215288106e-23
3.736299379885273404e-07 2.082148000641561095e-02 3.693379970203314588e+04 5.501826093238151317e-23
3.927863545481053003e-07 2.183206109601824874e-02 3.691615760115442390e+04 6.702459103870147686e-23
4.129249415873286729e-07 2.289169125121794449e-02 3.689852392734591558e+04 8.165099601069360495e-23
4.340960560635169786e-07 2.400275109328359538e-02 3.688089867658228468e+04 9.946924026270668022e-23
4.563526367904018199e-07 2.516773678814464982e-02 3.686328184484010853e+04 1.211758611878333084e-22
4.797503368127355169e-07 2.638926565440952859e-02 3.684567342809787806e+04 1.476193976734158558e-22
5.043476625678916271e-07 2.767008204357252268e-02 3.682807342233602685e+04 1.798335605445642783e-22
5.302061201824328858e-07 2.901306350551347002e-02 3.681048182346993417e+04 2.190776416088984093e-22
5.573903692694645323e-07 3.042122725377132200e-02 3.679289862761781114e+04 2.668857409471017955e-22
5.859683846113473662e-07 3.189773694355757527e-02 3.677532383069884963e+04 3.251267367942600311e-22
6.160116261320592563e-07 3.344590977967731166e-02 3.675775742863427877e+04 3.960773423224978192e-22
6.475952175842278093e-07 3.506922396951796250e-02 3.674019941754786851e+04 4.825111052035553913e-22
6.807981343976415384e-07 3.677132653666085466e-02 3.672264979336466058e+04 5.878068290389439283e-22
7.157034011589609116e-07 3.855604151480745284e-02 3.670510855201172672e+04 7.160806550095811837e-22
7.523982992164306405e-07 4.042737853949493476e-02 3.668757568961838115e+04 8.723469669775477599e-22
7.909745849287134463e-07 4.238954185553344550e-02 3.667005120211550820e+04 1.062714409991629458e-21
8.315287191035797356e-07 4.444693976302716010e-02 3.665253508550268452e+04 1.294624684850807168e-21
8.741621082001717898e-07 4.660419452099117538e-02 3.663502733571475983e+04 1.577143453462880775e-21
9.189813578979717484e-07 4.886615273281198768e-02 3.661752794895505940e+04 1.921314726905219577e-21
9.660985396665287929e-07 5.123789623318728004e-02 3.660003692102897185e+04 2.340592589535375927e-21
1.015631471002508262e-06 5.372475350674579125e-02 3.658255424794381543e+04 2.851367135977966425e-21
1.067704010034801725e-06 5.633231165922829298e-02 3.656507992584182648e+04 3.473605180378140590e-21
1.122446365234364056e-06 5.906642896879885779e-02 3.654761395066748082e+04 4.231630784020894647e-21
1.179995421003214005e-06 6.193324804809281076e-02 3.653015631836724788e+04 5.155076113244014946e-21
1.240495079956737545e-06 6.493920964524067807e-02 3.651270702508891554e+04 6.280039797844676060e-21
1.304096622755184042e-06 6.809106711267336187e-02 3.649526606678274402e+04 7.650498071442570413e-21
1.370959086384113674e-06 7.139590158043089552e-02 3.647783343946737295e+04 9.320023857370099505e-21
1.441249661829700436e-06 7.486113786451889518e-02 3.646040913909704977e+04 1.135388100101222032e-20
1.515144112143284134e-06 7.849456114896853631e-02 3.644299316182688926e+04 1.383157551508574180e-20
1.592827211940548929e-06 8.230433447484918064e-02 3.642558550361488597e+04 1.684996356862147200e-20
1.674493209434307728e-06 8.629901708052600817e-02 3.640818616042107897e+04 2.052703771549165595e-20
1.760346312156213177e-06 9.048758363227910051e-02 3.639079512840608368e+04 2.500653937076862297e-20
1.850601197581954108e-06 9.487944438577160244e-02 3.637341240359986114e+04 3.046357784163633584e-20
1.945483549936765273e-06 9.948446632711192839e-02 3.635603798183587060e+04 3.711147556832661936e-20
2.045230624523543909e-06 1.043129953437046120e-01 3.633867185934642475e+04 4.521010716545320223e-20
2.150091840984688092e-06 1.093758794644143079e-01 3.632131403210110147e+04 5.507605824372577984e-20
2.260329406981118614e-06 1.146844932326310657e-01 3.630396449607148679e+04 6.709500113667501610e-20
2.376218973848010330e-06 1.202507632622273753e-01 3.628662324742920464e+04 8.173677131405098852e-20
2.498050325866710336e-06 1.260871950296178767e-01 3.626929028208362433e+04 9.957373383468425354e-20
2.626128104876382668e-06 1.322069009726488387e-01 3.625196559621002962e+04 1.213031578127944153e-19
2.760772572037287162e-06 1.386236299471146904e-01 3.623464918585350824e+04 1.477744735357498080e-19
2.902320408650496801e-06 1.453517981149131666e-01 3.621734104686341743e+04 1.800224777520672875e-19
3.051125558036519890e-06 1.524065213364914628e-01 3.620004117545353074e+04 2.193077851717863273e-19
3.207560110577962700e-06 1.598036491272807336e-01 3.618274956770756398e+04 2.671661074644722161e-19
3.372015234139298021e-06 1.675598002654998531e-01 3.616546621954659349e+04 3.254682861419978384e-19
3.544902152190277809e-06 1.756924001322592577e-01 3.614819112712397327e+04 3.964934260925615612e-19
3.726653172078803499e-06 1.842197198568358285e-01 3.613092428643043968e+04 4.830179886274513996e-19
3.917722766024474580e-06 1.931609173679887659e-01 3.611366569355729735e+04 5.884243268216044501e-19
4.118588707535861475e-06 2.025360804343137866e-01 3.609641534459764080e+04 7.168329059130461136e-19
4.329753266093139866e-06 2.123662717933349209e-01 3.607917323554796167e+04 8.732633774242199961e-19
4.551744463083409039e-06 2.226735764751377744e-01 3.606193936257073801e+04 1.063830803612172225e-18
4.785117392129195949e-06 2.334811514151411416e-01 3.604471372160067403e+04 1.295984702860415993e-18
5.030455607111644826e-06 2.448132774847961157e-01 3.602749630877119489e+04 1.578800260666735939e-18
5.288372581359179674e-06 2.566954140396197070e-01 3.601028712018473016e+04 1.923333089954190428e-18
5.559513241650373021e-06 2.691542561164564362e-01 3.599308615184731752e+04 2.343051408760081216e-18
5.844555580866815540e-06 2.822177944107014946e-01 3.597589339986515552e+04 2.854362529697525637e-18
6.144212353328471540e-06 2.959153781604129119e-01 3.595870886034626164e+04 3.477254242265092070e-18
6.459232857050738118e-06 3.102777810821845672e-01 3.594153252930239250e+04 4.236076160448268698e-18
6.790404807379771878e-06 3.253372705133491527e-01 3.592436440291067265e+04 5.160491579555686977e-18
7.138556306691162195e-06 3.411276798987280534e-01 3.590720447712131136e+04 6.286637051339077504e-18
7.504557915077204533e-06 3.576844848100940166e-01 3.589005274808247486e+04 7.658535006983261334e-18
7.889324827200587103e-06 3.750448826435797134e-01 3.587290921191147936e+04 9.329814648803665408e-18
8.293819160757753291e-06 3.932478761877531426e-01 3.585577386462958384e+04 1.136580838260861772e-17
8.719052362274285227e-06 4.123343612541010561e-01 3.583864670239045518e+04 1.384610574305202026e-17
9.166087736248057605e-06 4.323472185501246456e-01 3.582152772121915768e+04 1.686766464766226102e-17
9.636043103964330830e-06 4.533314100232761490e-01 3.580441691727301077e+04 2.054860160296580488e-17
1.013009359863121538e-05 4.753340798695725455e-01 3.578731428661344398e+04 2.503280902587359771e-17
1.064947460382478790e-05 4.984046604523618140e-01 3.577021982530380774e+04 3.049558017779031870e-17
1.119548484259151579e-05 5.225949833625366248e-01 3.575313352950691478e+04 3.715046159703930139e-17
1.176948962493235138e-05 5.479593958598184544e-01 3.573605539525733911e+04 4.525760089902268847e-17
1.237292426178888029e-05 5.745548829785819267e-01 3.571898541868908069e+04 5.513391627140480925e-17
1.300729765406831334e-05 6.024411955508920391e-01 3.570192359593794390e+04 6.716548520125971789e-17
1.367419606568169201e-05 6.316809844435979926e-01 3.568486992307662877e+04 8.182263672534308732e-17
1.437528709002991615e-05 6.623399413161898952e-01 3.566782439621218509e+04 9.967833717907686689e-17
1.511232381985586521e-05 6.944869462048970377e-01 3.565078701142111095e+04 1.214305881649762173e-16
1.588714923088939049e-05 7.281942222758930328e-01 3.563375776484663947e+04 1.479297123065102405e-16
1.670170079024660794e-05 7.635374980835260006e-01 3.561673665263378643e+04 1.802115934199055991e-16
1.755801530110687162e-05 8.005961777017658321e-01 3.559972367083224526e+04 2.195381705035131258e-16
1.845823399578163895e-05 8.394535191272650687e-01 3.558271881562313501e+04 2.674467685095849038e-16
1.940460788991057802e-05 8.801968213213938741e-01 3.556572208309225971e+04 3.258101942918162717e-16
2.039950341117315543e-05 9.229176203446486371e-01 3.554873346932734421e+04 3.969099469619321111e-16
2.144540831659045798e-05 9.677118950116712082e-01 3.553175297051497910e+04 4.835254045381668350e-16
2.254493791321357228e-05 1.014680282510662224e+00 3.551478058271427290e+04 5.890424732938088886e-16
2.370084159775344190e-05 1.063928304513992673e+00 3.549781630211545416e+04 7.175859470633680833e-16
2.491600973150475266e-05 1.115566604234343950e+00 3.548086012478140037e+04 8.741807505705210691e-16
2.619348086775470484e-05 1.169711195014623950e+00 3.546391204687373101e+04 1.064948370011147568e-15
2.753644934974891994e-05 1.226483720964458790e+00 3.544697206455584092e+04 1.297346149582108599e-15
2.894827329821342076e-05 1.286011730247668128e+00 3.543004017392846436e+04 1.580458808362599349e-15
3.043248300840562692e-05 1.348428961645000035e+00 3.541311637112647441e+04 1.925353573320068800e-15
3.199278977769132648e-05 1.413875645011599458e+00 3.539620065222217818e+04 2.345512811006707617e-15
3.363309518572123809e-05 1.482498816345154902e+00 3.537929301348292211e+04 2.857361070117612608e-15
3.535750085041236633e-05 1.554452648094625467e+00 3.536239345098469494e+04 3.480907137539510609e-15
3.717031868412924126e-05 1.629898795550625445e+00 3.534550196085364587e+04 4.240526206813560647e-15
3.907608167571078754e-05 1.709006760028153771e+00 3.532861853924995376e+04 5.165912734857716179e-15
4.107955522530357004e-05 1.791954269673070144e+00 3.531174318231953657e+04 6.293241235317904097e-15
4.318574906034433776e-05 1.878927678756898256e+00 3.529487588621016039e+04 7.666580385430465577e-15
4.539992976248807967e-05 1.970122386350219301e+00 3.527801664707141754e+04 9.339615725583739788e-15
4.772763393680535859e-05 2.065743275316595184e+00 3.526116546105475572e+04 1.137774829405545291e-14
5.017468205617894183e-05 2.166005172613250096e+00 3.524432232431345619e+04 1.386065123517618014e-14
5.274719301551768723e-05 2.271133331932711386e+00 3.522748723300264101e+04 1.688538432191950277e-14
5.545159943218107865e-05 2.381363939771838911e+00 3.521066018329525832e+04 2.057018814351259114e-14
5.829466373087315435e-05 2.496944646050105021e+00 3.519384117130208324e+04 2.505910627745974417e-14
6.128349505322671351e-05 2.618135120514720526e+00 3.517703019323175977e+04 3.052761613284723444e-14
6.442556703436033705e-05 2.745207636109263216e+00 3.516022724524672958e+04 3.718948858098674294e-14
6.772873649085907528e-05 2.878447680677432619e+00 3.514343232347929734e+04 4.530514452538359228e-14
7.120126306690828879e-05 3.018154598367708719e+00 3.512664542411158618e+04 5.519183507985333538e-14
7.485182988770643921e-05 3.164642262143182894e+00 3.510986654329558223e+04 6.723604331009840572e-14
7.868956527180084881e-05 3.318239778962042585e+00 3.509309567724896624e+04 8.190859233915570347e-14
8.272406555663884206e-05 3.479292229137877612e+00 3.507633282209546451e+04 9.978305040993232530e-14
8.696541909440986997e-05 3.648161441644164338e+00 3.505957797402447613e+04 1.215581523838665762e-13
9.142423147818073699e-05 3.825226807004103780e+00 3.504283112921128486e+04 1.480851141579100984e-13
9.611165206140254191e-05 4.010886129652257104e+00 3.502609228383297159e+04 1.804009077557483243e-13
1.010394018371016720e-04 4.205556521663161185e+00 3.500936143406847987e+04 2.197687978576599662e-13
1.062198027464676133e-04 4.409675339857391130e+00 3.499263857609854313e+04 2.677277243925731757e-13
1.116658084901241013e-04 4.623701168390535798e+00 3.497592370610574289e+04 3.261524616194614785e-13
1.173910369191279803e-04 4.848114849034903528e+00 3.495921682028242503e+04 3.973269053917704438e-13
1.234098040866900780e-04 5.083420561455450404e+00 3.494251791479891108e+04 4.840333534944266420e-13
1.297371600457651012e-04 5.330146955939410347e+00 3.492582698585119215e+04 5.896612691356682744e-13
1.363889264820232711e-04 5.588848341081575022e+00 3.490914402962913300e+04 7.183397792910421579e-13
1.433817362763056455e-04 5.860105929125405844e+00 3.489246904232441011e+04 8.750990874273955702e-13
1.507330750954898936e-04 6.144529141745300294e+00 3.487580202013053349e+04 1.066067110430744962e-12
1.584613251157653230e-04 6.442756979208599688e+00 3.485914295925074111e+04 1.298709026521478445e-12
1.665858109876483387e-04 6.755459455975814542e+00 3.484249185586631938e+04 1.582119098380327463e-12
1.751268481576742783e-04 7.083339106007839447e+00 3.482584870618415880e+04 1.927376179223301506e-12
1.841057936675958640e-04 7.427132561104600406e+00 3.480921350640501623e+04 2.347976798990901074e-12
1.935450995581117185e-04 7.787612205863934989e+00 3.479258625273147481e+04 2.860362760538608679e-12
2.034683690106629794e-04 8.165587912961825623e+00 3.477596694136795122e+04 3.484563870218980537e-12
2.139004153676812446e-04 8.561908862659098673e+00 3.475935556852853915e+04 4.244980927997584684e-12
2.248673241788693637e-04 8.977465450597419405e+00 3.474275213040150993e+04 5.171339585151197850e-12
2.363965184286629729e-04 9.413191288242275689e+00 3.472615662321646232e+04 6.299852357070267926e-12
2.485168271079757005e-04 9.870065300348581872e+00 3.470956904317317822e+04 7.674634215636102208e-12
2.612585573016925852e-04 1.034911392428911547e+01 3.469298938648907642e+04 9.349427098511125808e-12
2.746535699721688829e-04 1.085141341609286236e+01 3.467641764937940752e+04 1.138970074851049879e-11
2.887353596282311993e-04 1.137809226842077237e+01 3.465985382806124835e+04 1.387521200751210227e-11
3.035391380788964293e-04 1.193033374590016571e+01 3.464329791875741648e+04 1.690312261089291597e-11
3.191019224812350285e-04 1.250937854349871259e+01 3.462674991768071777e+04 2.059179736094300381e-11
3.354626279025451924e-04 1.311652757395169822e+01 3.461020982105758594e+04 2.508543115464883090e-11
3.526621646282911485e-04 1.375314489045171129e+01 3.459367762511328328e+04 3.055968574206307619e-11
3.707435404591257876e-04 1.442066075120342639e+01 3.457715332607342862e+04 3.722855656322270734e-11
3.897519682527942697e-04 1.512057483271861180e+01 3.456063692016518326e+04 4.535273809682496192e-11
4.097349789798286580e-04 1.585422698385269413e+01 3.454387498850384145e+04 5.524900411222087633e-11
4.307425405757319271e-04 1.662361826988604108e+01 3.452726890535917482e+04 6.730527642733199755e-11
4.528271828868440083e-04 1.743069274394827062e+01 3.451101266146571288e+04 8.199405681388163706e-11
4.760441290223192071e-04 1.827704565753672483e+01 3.449485379553480743e+04 9.988905304551841108e-11
5.004514334406633081e-04 1.916448573693241642e+01 3.447869550325188902e+04 1.216895377424285461e-10
5.261101271161193775e-04 2.009491425393017039e+01 3.446245806656236527e+04 1.482471664728334059e-10
5.530843701478924991e-04 2.107017926845405853e+01 3.444595407416619855e+04 1.805978795335634956e-10
5.814416121938181326e-04 2.209221790526270723e+01 3.442902253066197591e+04 2.200026472418734007e-10
6.112527611296385451e-04 2.316311967840741559e+01 3.441157022308908927e+04 2.679969255036514638e-10
6.425923603556274889e-04 2.428505515447732321e+01 3.439350548794515635e+04 3.264495145581525373e-10
6.755387751939181127e-04 2.546016910160998847e+01 3.437466452329790627e+04 3.976329718895003389e-10
7.101743888426273075e-04 2.669078032142509471e+01 3.435495569524962048e+04 4.843134703726677223e-10
7.465858083767621441e-04 2.797915604444505533e+01 3.433420481223432580e+04 5.898533635407513279e-10
7.848640813110194670e-04 2.932777769286340330e+01 3.431232896583789989e+04 7.183445112892556486e-10
8.251049232659968648e-04 3.073919949321513911e+01 3.428923743118590937e+04 8.747628842736911845e-10
8.674089573071004124e-04 3.221573659864330352e+01 3.426466687058560638e+04 1.065148186888257781e-09
9.118819655546198935e-04 3.376025891599849871e+01 3.423862348955479683e+04 1.296856453863253902e-09
9.586351536941296880e-04 3.537519831454802244e+01 3.421084366844484612e+04 1.578807549672464286e-09
1.007785429048626679e-03 3.706357531055520127e+01 3.418132779356582614e+04 1.921860206329142142e-09
1.059455692907732439e-03 3.882813295282106480e+01 3.414990175453279517e+04 2.339188196676573494e-09
1.113775147844932919e-03 4.067146154085083509e+01 3.411630788490641862e+04 2.846771486884266544e-09
1.170879620791311689e-03 4.259657409703770981e+01 3.408045640470170474e+04 3.464030219277808695e-09
1.230911902673626282e-03 4.460633348922646491e+01 3.404217192835747846e+04 4.214515929413783620e-09
1.294022105466001958e-03 4.670365436511264789e+01 3.400128730827801337e+04 5.126798028014822603e-09
1.360368037548055848e-03 4.889143491745035419e+01 3.395762053100610501e+04 6.235514605967375575e-09
1.430115598308045934e-03 5.117237082880032517e+01 3.391091897580435761e+04 7.582618881255033577e-09
1.503439192977754080e-03 5.354989695309300402e+01 3.386117627352715499e+04 9.219057023853615447e-09
1.580522168736409397e-03 5.602642735759306447e+01 3.380804958017855824e+04 1.120637016340156927e-08
1.661557273174137529e-03 5.860454399768060796e+01 3.375127847141942766e+04 1.361907142231496619e-08
1.746747136261333697e-03 6.128735786177165323e+01 3.369077203550692502e+04 1.654745762931239851e-08
1.836304777029133936e-03 6.407737107943039234e+01 3.362627708064932813e+04 2.010060996264162234e-08
1.930454136227949345e-03 6.697656783403441239e+01 3.355743979642886552e+04 2.441021541145315339e-08
2.029430636295988157e-03 6.998819614002070466e+01 3.348426007016294898e+04 2.963587100641363758e-08
2.133481770037976965e-03 7.311326233870144620e+01 3.340621858917688223e+04 3.596940306921760886e-08
2.242867719486086112e-03 7.635437771745296232e+01 3.332323371608289017e+04 4.364305888870708843e-08
2.357862006490532136e-03 7.971316240880662463e+01 3.323503331587851426e+04 5.293652775121662418e-08
2.478752176666675511e-03 8.319112475733349754e+01 3.314137538531369501e+04 6.418692652233810082e-08
2.605840518408833982e-03 8.678839794447823408e+01 3.304180749380068301e+04 7.779925327934120759e-08
2.739444818768723561e-03 9.050665270965963316e+01 3.293624945730476611e+04 9.426238686313951490e-08
2.879899158088616417e-03 9.434582561389950683e+01 3.282435245291371393e+04 1.141628470408477690e-07
3.027554745376210416e-03 9.830542311291861779e+01 3.270577855309133520e+04 1.382049985063450778e-07
3.182780796510085389e-03 1.023848231553586174e+02 3.258025481197834961e+04 1.672345595116142430e-07
3.345965457471714814e-03 1.065824331762169663e+02 3.244743944161281615e+04 2.022647718547389434e-07
3.517516774912597243e-03 1.108971618685428666e+02 3.230715847371601558e+04 2.445114619382935107e-07
3.697863716483424691e-03 1.153255581313198235e+02 3.215897955883078248e+04 2.954258733466452198e-07
3.887457243476651579e-03 1.198645168388646312e+02 3.200263420892337308e+04 3.567449009872863472e-07
4.086771438464619106e-03 1.245097093486933773e+02 3.183779254437598138e+04 4.305410115644840946e-07
4.296304690752923532e-03 1.292556001892684208e+02 3.166408583096029906e+04 5.192838887794074750e-07
4.516580942613284376e-03 1.340974657322780672e+02 3.148136001165948619e+04 6.259220086107277095e-07
4.748150999412126434e-03 1.390264220598439522e+02 3.128908078743772421e+04 7.539476127750853512e-07
4.991593906910903912e-03 1.440355232791485491e+02 3.108707563683603439e+04 9.075229392951669310e-07
5.247518399182111472e-03 1.491144444597142353e+02 3.087492069949181314e+04 1.091570735247243510e-06
5.516564420761540903e-03 1.542538324978768003e+02 3.065242975245373236e+04 1.311934957475601116e-06
5.799404726842954938e-03 1.594416600007291436e+02 3.041926798048102137e+04 1.575514196556847538e-06
6.096746565516493986e-03 1.646622962674735220e+02 3.017490210622531231e+04 1.890422393994785095e-06
6.409333446257287764e-03 1.699024305250237603e+02 2.991916802996198021e+04 2.266253301510949879e-06
6.737946999086424568e-03 1.751451918327885551e+02 2.965171092760148531e+04 2.714258770113253114e-06
7.083408929053131541e-03 1.803742686485572051e+02 2.937236188822150507e+04 3.247669194652112565e-06
7.446583070925409317e-03 1.855663012719756466e+02 2.908051312673897701e+04 3.881865523651706756e-06
7.828377549226901017e-03 1.907024981942733177e+02 2.877607997053491272e+04 4.634916660371593521e-06
8.229747049021221908e-03 1.957601221426421603e+02 2.845879354959059128e+04 5.527820687388736467e-06
8.651695203121895217e-03 2.007099157844476451e+02 2.812805591640685452e+04 6.584801999229596950e-06
9.095277101697147801e-03 2.055287643201657488e+02 2.778385724465563180e+04 7.834128219847645423e-06
9.561601930544914862e-03 2.101845064238740690e+02 2.742568690805192091e+04 9.308140619410483962e-06
1.005183574463506743e-02 2.146463179511268322e+02 2.705327309216395224e+04 1.104408782696528928e-05
1.056720438385422289e-02 2.188831427201066901e+02 2.666644878461548433e+04 1.308467369351304831e-05
1.110899653824396448e-02 2.228573855843258400e+02 2.626476216898666462e+04 1.547824742099324264e-05
1.167856697039719623e-02 2.265337045846058004e+02 2.584802121079256176e+04 1.827981317287595808e-05
1.227733990307029038e-02 2.298738134955771670e+02 2.541596296546977101e+04 2.155125662893202384e-05
1.290681258048182248e-02 2.328374463345413687e+02 2.496831089360609622e+04 2.536180141042760662e-05
1.356855901220299469e-02 2.353837338544839497e+02 2.450484186930925352e+04 2.978844891666919170e-05
1.426423390900143431e-02 2.374730481083234963e+02 2.402546349411621122e+04 3.491643869502254489e-05
1.499557682048000690e-02 2.390641711667180687e+02 2.353004667522955788e+04 4.083892293709490422e-05
1.576441648485692182e-02 2.401119870942887076e+02 2.301830785151801683e+04 4.765602348414502051e-05
1.657267540176381518e-02 2.405839085281437804e+02 2.249058190294581436e+04 5.547722223950242649e-05
1.742237463949622076e-02 2.404394313819012723e+02 2.194679874355860011e+04 6.441662931585360736e-05
1.831563888873704443e-02 2.396463260349893289e+02 2.138723559630363161e+04 7.459457628778270999e-05
1.925470177538994923e-02 2.381763537484104347e+02 2.081227318876301069e+04 8.613492714908017867e-05
2.024191144580758314e-02 2.360102972130343630e+02 2.022258192944714392e+04 9.916439634330129259e-05
2.127973643838054069e-02 2.331310603265590657e+02 1.961878591367524496e+04 1.138070410366517275e-04
2.237077185616915750e-02 2.295352581805617262e+02 1.900192905445657743e+04 1.301854866400860039e-04
2.351774585601286785e-02 2.252350471815788069e+02 1.837350046960948748e+04 1.484203004376143131e-04
2.472352647034336062e-02 2.202482157813515471e+02 1.773499419821995980e+04 1.686218728922566691e-04
2.599112877875953478e-02 2.146101596151446529e+02 1.708838109992757381e+04 1.908956181608149427e-04
2.732372244729698585e-02 2.083748944106095280e+02 1.643612401479662003e+04 2.153452254309560804e-04
2.872463965424410307e-02 2.016099816427163205e+02 1.578096872073491249e+04 2.420728352047539587e-04
3.019738342232343442e-02 1.944021662278613007e+02 1.512617514887220204e+04 2.711935142621523160e-04
3.174563637807315680e-02 1.868548755134545729e+02 1.447543831064917140e+04 3.028494612500052586e-04
3.337326996033158216e-02 1.790840701619156903e+02 1.383276232190187693e+04 3.372279013755344898e-04
3.508435410085083278e-02 1.712200694819339049e+02 1.320257678724105062e+04 3.745979400110774457e-04
3.688316740124613496e-02 1.633972695177557455e+02 1.258939024347453233e+04 4.153361023264403261e-04
3.877420783172848273e-02 1.556752878307416097e+02 1.199480157655158109e+04 4.597468240116182967e-04
4.076220397837305304e-02 1.482156184038944673e+02 1.142434067862763732e+04 5.085541504380549542e-04
4.285212686704739649e-02 1.411972150655519442e+02 1.088424118102706416e+04 5.628770424615825744e-04
4.504920239356542677e-02 1.347309714605423778e+02 1.037814520245593121e+04 6.240207318104097753e-04
4.735892439114896407e-02 1.288748289744116278e+02 9.907657933634372966e+03 6.934958259898270187e-04
4.978706836787243073e-02 1.236250173559669889e+02 9.471986418695298198e+03 7.729053036024480326e-04
5.233970594844135349e-02 1.189238988164274105e+02 9.068247903365239836e+03 8.638398462643682952e-04
5.502322005641668845e-02 1.146726781324763920e+02 8.692000114686021334e+03 9.677612348233439630e-04
5.784432087484844831e-02 1.107774000829423215e+02 8.339043909955416893e+03 1.086184514421089948e-03
6.081006262522850592e-02 1.073017428898488106e+02 8.011152436599233624e+03 1.222371982848492571e-03
6.392786120671870020e-02 1.036916237966040626e+02 7.687132663751365726e+03 1.372411848361019268e-03
6.720551273976151097e-02 9.984697928474180628e+01 7.363103997115440507e+03 1.535394165775261395e-03
7.065121306044198912e-02 9.555139038999523393e+01 7.030932129583769893e+03 1.707128208931740212e-03
7.427357821434696361e-02 9.064582272916044303e+01 6.684504633089458366e+03 1.881573098636975640e-03
7.808166600116696332e-02 8.509051246271145885e+01 6.321742930974420233e+03 2.052100431143958053e-03
8.208499862391337165e-02 7.899929025803447757e+01 5.945779340517353376e+03 2.213527053307807243e-03
8.629358649938589920e-02 7.262150985742009368e+01 5.564559118636301719e+03 2.364128567642396692e-03
9.071795328942874881e-02 6.628977878893905995e+01 5.189462040641820749e+03 2.507243759375773345e-03
9.536916221556676621e-02 6.036585514155809307e+01 4.833877765577988612e+03 2.652684005223819412e-03
1.002588437228218304e-01 5.518875550980211386e+01 4.511554592564463746e+03 2.817662258276052746e-03
1.053992245618834284e-01 5.099120334604403126e+01 4.233011788140555836e+03 3.024668386452464101e-03
1.108031583623540345e-01 4.779742548611928044e+01 4.000414849423568285e+03 3.294057556210279198e-03
1.164841577735182265e-01 4.540209878864794035e+01 3.805762424198198005e+03 3.635354606245856830e-03
1.224564282530043596e-01 4.342896410794062234e+01 3.633242412861045068e+03 4.040122127086973047e-03
1.287349035878279091e-01 4.139670352386223584e+01 3.462489383781475681e+03 4.474298498636703793e-03
1.353352832366376823e-01 3.884182474490016546e+01 3.273831432247019166e+03 4.877564171748416735e-03
1.422740715865399574e-01 3.561883737822243745e+01 3.060182326495726102e+03 5.196695612559698585e-03
1.495686192226629019e-01 3.204345458744316488e+01 2.833205193184785458e+03 5.431640815099951676e-03
1.572371663136570008e-01 2.861866500849226469e+01 2.613569059468348314e+03 5.636185203819459727e-03
1.652988882216175348e-01 2.579101677251531299e+01 2.421834476724382512e+03 5.901311243668218645e-03
1.737739434504778357e-01 2.380116158697822115e+01 2.270963911470714720e+03 6.327357626200422712e-03
1.826835240527691917e-01 2.242644667974139594e+01 2.151752525035412873e+03 6.926739726083604165e-03
1.920499086207905493e-01 2.114902037358953635e+01 2.039661723574728285e+03 7.589319372240474308e-03
2.018965179946938526e-01 1.955434726534067025e+01 1.914412894746246820e+03 8.152673864252344207e-03
2.122479738267836202e-01 1.759632890734037147e+01 1.772661920751376556e+03 8.523598596942256328e-03
2.231301601484726449e-01 1.566139754921316651e+01 1.632416845637606002e+03 8.814051915755736696e-03
2.345702880938428103e-01 1.415507564366188120e+01 1.514861189070464889e+03 9.255533503207066109e-03
2.465969639416541459e-01 1.311279948880449631e+01 1.423198190360896206e+03 9.961594410222724544e-03
2.592402606459418002e-01 1.218198902162126096e+01 1.338991146608966801e+03 1.075216229363662804e-02
2.725317930340656614e-01 1.107785493993923787e+01 1.246371103237619764e+03 1.135997703611593690e-02
2.865047968602461026e-01 9.897214842338678764e+00 1.149944721993111216e+03 1.179176864064014098e-02
3.011942119122611450e-01 8.926861676559491698e+00 1.066033368406058798e+03 1.235688285281757136e-02
3.166367693791155569e-01 8.189513625003138841e+00 9.966699907838933541e+02 1.317080761737728957e-02
3.328710836981453314e-01 7.475836165792964394e+00 9.295080293246269321e+02 1.396877248377430616e-02
3.499377491112247163e-01 6.713495048723772562e+00 8.598021474099335819e+02 1.457442111446608998e-02
3.678794411715154977e-01 6.045120504152220242e+00 7.963933063820643383e+02 1.524725893771198236e-02
3.867410234545784475e-01 5.498711024923570889e+00 7.414066876325434805e+02 1.611357416153248387e-02
4.065696597406806001e-01 4.969299600266752215e+00 6.879780342470697860e+02 1.691883048304854836e-02
4.274149319488126375e-01 4.463361139054422111e+00 6.364421387548817393e+02 1.765555434338978227e-02
4.493289641173122684e-01 4.031867912992761482e+00 5.904484561818969723e+02 1.852976016747990076e-02
4.723665527411103904e-01 3.635690388230417902e+00 5.472971925975069780e+02 1.941308547404629187e-02
4.965853037915104462e-01 3.265933466754800119e+00 5.063308298362501318e+02 2.026092085346260785e-02
5.220457767611225153e-01 2.940650354051824955e+00 4.689789294975307712e+02 2.119529223163965984e-02
5.488116360941387439e-01 2.642132130547928615e+00 4.339201653288685634e+02 2.212558305103733830e-02
5.769498103806052214e-01 2.372150121254579247e+00 4.013327333125766359e+02 2.307950731903953695e-02
6.065306597127584354e-01 2.129510396985532239e+00 3.711712344400935990e+02 2.407178528173714235e-02
6.376281516219051149e-01 1.909150213843223476e+00 3.430484094179320778e+02 2.507337573705365266e-02
6.703200460357783275e-01 1.711186772060566463e+00 3.170187855051632368e+02 2.611044629047142018e-02
7.046880897188601001e-01 1.532356561929176575e+00 2.928310588075624992e+02 2.716569906582847610e-02
7.408182206818726412e-01 1.371534826125314188e+00 2.704217209820866969e+02 2.824958452838050374e-02
7.788007830715680813e-01 1.226754825391134229e+00 2.496421825571947863e+02 2.935669578938847335e-02
8.187307530781540166e-01 1.096581996358966249e+00 2.303883794647206571e+02 3.048840333797837171e-02
8.607079764252394405e-01 9.796230026636716381e-01 2.125545628744029898e+02 3.164438913104053452e-02
9.048374180361511421e-01 8.746343186387036672e-01 1.960447123308777009e+02 3.282527917785568045e-02
9.512294245009160765e-01 7.804596598114111883e-01 1.807665365560364990e+02 3.403114386246081785e-02
1.000000000000213163e+00 6.960347527084917996e-01 1.666323042833416253e+02 3.526153250033567388e-02
1.051271096376248826e+00 6.204061954828508085e-01 1.535616365370392771e+02 3.651661875290848625e-02
1.105170918075884856e+00 5.526856232849728379e-01 1.414766225797402228e+02 3.779521073458570052e-02
1.161834242728533306e+00 4.921153131466044495e-01 1.303106677287439084e+02 3.909936056755436429e-02
1.221402758160433644e+00 4.379546206561634181e-01 1.199946871710929912e+02 4.042742320694870523e-02
1.284025416688019838e+00 3.895710648143527188e-01 1.104693347262122813e+02 4.178090210957743217e-02
1.349858807576296504e+00 3.463489957088267679e-01 1.016731525052523750e+02 4.315679903533136547e-02
1.419067548593566874e+00 3.077831166776142657e-01 9.355621660941308448e+01 4.455785316979098826e-02
1.491824697641596753e+00 2.733873867531873003e-01 8.606774449568449370e+01 4.598350918312335556e-02
1.568312185490513100e+00 2.427244601868228380e-01 7.916056548421263983e+01 4.743308300921185439e-02
1.648721270700491237e+00 2.154023937246761777e-01 7.279110454503755534e+01 4.890604093385055723e-02
1.733253017867778301e+00 1.910775122182788721e-01 6.692043678398522388e+01 5.040408465810100602e-02
1.822118800390913007e+00 1.694255508724767378e-01 6.150980665144345494e+01 5.192532611185492891e-02
1.915540829014322100e+00 1.501629208474009325e-01 5.652456036673551409e+01 5.346963332741832414e-02
2.013752707470925607e+00 1.330387265847387535e-01 5.193328687597347937e+01 5.503852039517517086e-02
2.117000016613148627e+00 1.178200060640687552e-01 4.770536485899398116e+01 5.663069401502111855e-02
2.225540928492967474e+00 1.043025832102794509e-01 4.381332010059739446e+01 5.824680123740971771e-02
2.339646851926517890e+00 9.229949926659609949e-02 4.023085251815552965e+01 5.988534181093682629e-02
2.459603111157505406e+00 8.164855929076803021e-02 3.693471540981393275e+01 6.154799162141338237e-02
2.585709659316432152e+00 7.219977123357519677e-02 3.390231351435457441e+01 6.323322816707933891e-02
2.718281828459663263e+00 6.382220946957410657e-02 3.111345738445933407e+01 6.494198210618920553e-02
2.857651118063815776e+00 5.639683390779766381e-02 2.854898343242415493e+01 6.667339970023034024e-02
3.004166023947120401e+00 4.981882978406056844e-02 2.619153662408958283e+01 6.842827171658430463e-02
3.158192909690492378e+00 4.399292133872357430e-02 2.402462124708379321e+01 7.020515841676884528e-02
3.320116922737311960e+00 3.883559095807016109e-02 2.203337563497592555e+01 7.200461157725514261e-02
3.490342957462647444e+00 3.427233108318149257e-02 2.020406851913660518e+01 7.382750823130362905e-02
3.669296667620093988e+00 3.023512114638585505e-02 1.852353190962533347e+01 7.567117044073408405e-02
3.857425530697870641e+00 2.666579906609701373e-02 1.698033184289869979e+01 7.753852101260183538e-02
4.055199966845619564e+00 2.351055142320224167e-02 1.556328285948677959e+01 7.942731802859315238e-02
4.263114515169814212e+00 2.072247391781746953e-02 1.426236461186391580e+01 8.133788153582019453e-02
4.481689070339116121e+00 1.825986220344042246e-02 1.306833963228227447e+01 8.327083572449289761e-02
4.711470182591849465e+00 1.608532068585851599e-02 1.197257200419859835e+01 8.522545400853523412e-02
4.953032424396282885e+00 1.416576492084582924e-02 1.096714390053193355e+01 8.720146928155782240e-02
5.206979827181080545e+00 1.247185568008192351e-02 1.004476997663067017e+01 8.919880190316151203e-02
5.473947391728498424e+00 1.097763817193953342e-02 9.198771787001398081e+00 9.121810142726047288e-02
5.754602676007100293e+00 9.659879575528804857e-03 8.422910297351956288e+00 9.325840883077288201e-02
6.049647464414390718e+00 8.498084173958038445e-03 7.711480496422677078e+00 9.531944164607257519e-02
6.359819522603354258e+00 7.474169821399583025e-03 7.059267868911630828e+00 9.740193725853386886e-02
6.685894442280875261e+00 6.571952519491128762e-03 6.461395436880436272e+00 9.950461482346037445e-02
7.028687580590986528e+00 5.777295261162091085e-03 5.913469004775124382e+00 1.016289741376248251e-01
7.389056098932435646e+00 5.077453208538324630e-03 5.411328995852808355e+00 1.037726913204254781e-01
7.767901106308653603e+00 4.461371909373903002e-03 4.951264405872926488e+00 1.059375076166644142e-01
8.166169912569634093e+00 3.919146761629673480e-03 4.529795532929102642e+00 1.081227347780275294e-01
8.584858397179985445e+00 3.442033942199880774e-03 4.143728962806982885e+00 1.103277638427272306e-01
9.025013499436326470e+00 3.022321251437475563e-03 3.790137885577674393e+00 1.125523233753865926e-01
9.487735836360851494e+00 2.653225473724180918e-03 3.466352361804621918e+00 1.147974312193957569e-01
9.974182454817173138e+00 2.328722116608279540e-03 3.169898768923891552e+00 1.170630545094224484e-01
1.048556972473016025e+01 2.043438443248348467e-03 2.898466397929394311e+00 1.193460132191445922e-01
1.102317638064432792e+01 1.792738217536452494e-03 2.650006013826936346e+00 1.216486813195207517e-01
1.158834671922626214e+01 1.572491927384019050e-03 2.422610327581976808e+00 1.239718623969713052e-01
1.218249396070650370e+01 1.379026089144031126e-03 2.214504280644153056e+00 1.263139614562734658e-01
1.280710378266622662e+01 1.209117349526644611e-03 2.024069590995435153e+00 1.286742063894737165e-01
1.346373803500505772e+01 1.059947429462246467e-03 1.849840602654179378e+00 1.310543810773192597e-01
1.415403864537935341e+01 9.289950335243302897e-04 1.690440042996893988e+00 1.334519064354821871e-01
1.487973172487657614e+01 8.140719717380069881e-04 1.544633350921941872e+00 1.358683698396380701e-01
1.564263188419211659e+01 7.132223408529291160e-04 1.411261216387785566e+00 1.383007938989547214e-01
1.644464677110120832e+01 6.247656721439702552e-04 1.289301381013657988e+00 1.407541038519864729e-01
1.728778184057202338e+01 5.471784126806579279e-04 1.177772139608970647e+00 1.432244075488489921e-01
1.817414536944768244e+01 4.791375527192374344e-04 1.075790823020353448e+00 1.457110412982504655e-01
1.910595372823652127e+01 4.194888799723690397e-04 9.825595641448069406e-01 1.482166102443098488e-01
2.008553692319280515e+01 3.672019076246119660e-04 8.973297286773517234e-01 1.507389635354523250e-01
2.111534442254602695e+01 3.213744986154638350e-04 8.194193755454223238e-01 1.532767137118989931e-01
2.219795128144734164e+01 2.812222285942420313e-04 7.482147689686298175e-01 1.558326966879086672e-01
2.333606458094873304e+01 2.460446768256164445e-04 6.831394588112019717e-01 1.584043436939848171e-01
2.453253019711569394e+01 2.152322412402360007e-04 6.236730524160427613e-01 1.609921177506074275e-01
2.579033991719975205e+01 1.882477873188012206e-04 5.693367087885604638e-01 1.635954940684120062e-01
2.711263892066493852e+01 1.646203326305903142e-04 5.196930569444206949e-01 1.662145754612403270e-01
2.850273364377471097e+01 1.439356920266936907e-04 4.743406651776403415e-01 1.688489258824465988e-01
2.996410004740484823e+01 1.258286016832604274e-04 4.329091092073679703e-01 1.714957432428821926e-01
3.150039230875619012e+01 1.099835537250904588e-04 3.950679911690255230e-01 1.741589889793985213e-01
3.311545195870102276e+01 9.611835319478184247e-05 3.605056383907827566e-01 1.768351683937181007e-01
3.481331748761120082e+01 8.398815378514431021e-05 3.289416368326969486e-01 1.795248307608493243e-01
3.659823444368765877e+01 7.337720248467845090e-05 3.001175122265029582e-01 1.822266174392596916e-01
3.847466604904231957e+01 6.409711393018700061e-05 2.737984159279208685e-01 1.849410465845888751e-01
4.044730436007814234e+01 5.598153744353570480e-05 2.497669872048890460e-01 1.876652361183927809e-01
4.252108200007410943e+01 4.888686602078795861e-05 2.278293409442377071e-01 1.904036972754905022e-01
4.470118449331276622e+01 4.268372033292417285e-05 2.078000363238223236e-01 1.931477344304542432e-01
4.699306323159186860e+01 3.726252828594516452e-05 1.895184852332184866e-01 1.959042436146853916e-01
4.940244910554343960e+01 3.252461745496882300e-05 1.728313199226126917e-01 1.986679884248529759e-01
5.193536683484541783e+01 2.838441986354649913e-05 1.576003908223184702e-01 2.014373000660068525e-01
5.459815003315897997e+01 2.476752097531086702e-05 1.437008971807891000e-01 2.042145027545817226e-01
5.739745704546173499e+01 2.160789723266703035e-05 1.310163190528330079e-01 2.069954121003891867e-01
6.034028759737834946e+01 1.884830423891724514e-05 1.194417652658743279e-01 2.097802843094951353e-01
6.343400029814058882e+01 1.643836748930870554e-05 1.088805598139671316e-01 2.125667065584672666e-01
6.668633104094334385e+01 1.433407058225746659e-05 9.924455821094324559e-02 2.153526744340298615e-01
7.010541234670704114e+01 1.249698680078036164e-05 9.045352996451011540e-02 2.181374411393075807e-01
7.369979369961600923e+01 1.089336098697363589e-05 8.243369045270808326e-02 2.209179330006954267e-01
7.747846292528217305e+01 9.493779988944348871e-06 7.511805038344829266e-02 2.236930086856350752e-01
8.145086866499057976e+01 8.272417172392160817e-06 6.844502253556906946e-02 2.264591367891327645e-01
8.562694400222423496e+01 7.206779808259850010e-06 6.235872321858793033e-02 2.292149000686663218e-01
9.001713130054676526e+01 6.277091719204882589e-06 5.680764113518628478e-02 2.319552673520497432e-01
9.463240831495036787e+01 5.466169027461818299e-06 5.174518908828664582e-02 2.346783326418016291e-01
9.948431564196151555e+01 4.758971664898497192e-06 4.712875207263558103e-02 2.373816959080242983e-01
1.045849855771433994e+02 4.142208907167345054e-06 4.291867548168255830e-02 2.400547366623464463e-01
1.099471724521542768e+02 3.604580247160994491e-06 3.908036324151702157e-02 2.427041219768869829e-01
1.155842845272200918e+02 3.135842706142131516e-06 3.558027566620911714e-02 2.453131879880342536e-01
1.215104175187690743e+02 2.727367722463615376e-06 3.238955285423032043e-02 2.478874242394402960e-01
1.277403898460648861e+02 2.371412665590974844e-06 2.948068719562188522e-02 2.504160182341901852e-01
1.342897796849734675e+02 2.061273390807901186e-06 2.682889368861605603e-02 2.528917954973183280e-01
1.411749639215168770e+02 1.791085617002821164e-06 2.441147774538380069e-02 2.553052006340126301e-01
1.484131591026187778e+02 1.555779595286787130e-06 2.220807234309350037e-02 2.576532107088871371e-01
1.560224644864394463e+02 1.350881212414331552e-06 2.019976605364420807e-02 2.599254601545349930e-01
1.640219072999485945e+02 1.172520056090154492e-06 1.836956320683866967e-02 2.621175573643957368e-01
1.724314903169036768e+02 1.017271622733375483e-06 1.670160028011187861e-02 2.642146741842829050e-01
1.812722418752032070e+02 8.821843593723495546e-07 1.518169381601117314e-02 2.662094881261323764e-01
1.905662684586848457e+02 7.646759712134962806e-07 1.379685830455749593e-02 2.680931961349974357e-01
2.003368099748494728e+02 6.624692782180342781e-07 1.253502731578635086e-02 2.698474161978787200e-01
2.106082978667353416e+02 5.736151566308192394e-07 1.138554052056143205e-02 2.714671675991142674e-01
2.214064162042512862e+02 4.963922235551994752e-07 1.033848161331495617e-02 2.729391502007527115e-01
2.327581659077297047e+02 4.292995426714209868e-07 9.384808581354261298e-03 2.742492596805208849e-01
2.446919322642916654e+02 3.710267809512192971e-07 8.516257140441050449e-03 2.753813145615482960e-01
2.572375559058498879e+02 3.204442265664801303e-07 7.725441236909342396e-03 2.763285982515681360e-01
2.704264074262317763e+02 2.765519033178476238e-07 7.005454626844742280e-03 2.770729997743800466e-01
2.842914658240042627e+02 2.384870127193737800e-07 6.350110701416369387e-03 2.776044738332403838e-01
2.988674009671481713e+02 2.054932388018316054e-07 5.753718749003091867e-03 2.779095280250844513e-01
3.141906602857868620e+02 1.769135211538873060e-07 5.211122766164756094e-03 2.779784303205846130e-01
3.302995599097462787e+02 1.521732493942935181e-07 4.717597443678382685e-03 2.778002027588643008e-01
3.472343804788374655e+02 1.307725278874142708e-07 4.268850176149165815e-03 2.773670932739067396e-01
3.650374678654371792e+02 1.122765988589515125e-07 3.860985834254652711e-03 2.766762220928073446e-01
3.837533390612260860e+02 9.630396150580252569e-08 3.490411180972528751e-03 2.757216782714722036e-01
4.034287934928555046e+02 8.252399754736529744e-08 3.153882973912556283e-03 2.745055886665490608e-01
4.241130300448911044e+02 7.064810390583487588e-08 2.848437089146856234e-03 2.730332986154924702e-01
4.458577700826506316e+02 6.042388292611322143e-08 2.571352534178587054e-03 2.713113160457957251e-01
4.687173867825576963e+02 5.163222157882037116e-08 2.320163789313342637e-03 2.693545163514708962e-01
4.927490410934046849e+02 4.408142713059097700e-08 2.092603718099413004e-03 2.671795835889756998e-01
5.180128246684984106e+02 3.760439946627707435e-08 1.886598258121762210e-03 2.648076041981122231e-01
5.445719101260938260e+02 3.205581331960160073e-08 1.700256451485613902e-03 2.622664677838388858e-01
5.724927090138447738e+02 2.730835062028427651e-08 1.531826919486569804e-03 2.595826187765026827e-01
6.018450378722650385e+02 2.325156566271217456e-08 1.379713754910668558e-03 2.567890574869247655e-01
6.327022928124463306e+02 1.978922125919019624e-08 1.242447870701059902e-03 2.539201629207747946e-01
6.651416330445650829e+02 1.683723596713981303e-08 1.118665267078572390e-03 2.510056252292368062e-01
6.992441738160994191e+02 1.432288876045811600e-08 1.007119477593226798e-03 2.480775403624771169e-01
7.350951892421985576e+02 1.218301581018370247e-08 9.066590910771858127e-04 2.451634975404655969e-01
7.727843255353874383e+02 1.036281480347281398e-08 8.162184660726765030e-04 2.422829817025514421e-01
8.124058251677936369e+02 8.815154381704105980e-09 7.348241818414067567e-04 2.394524405367939868e-01
8.540587625264155349e+02 7.499443108711721105e-09 6.615823598002514103e-04 2.366805295917557284e-01
8.978472916506958654e+02 6.380954395899948321e-09 5.956801944813502024e-04 2.339716999784287599e-01
9.438809066718714575e+02 5.429914619332476229e-09 5.363740663160821267e-04 2.313208943843809706e-01
9.922747156053346771e+02 4.621166711093404250e-09 4.830009891835907549e-04 2.287271247034332600e-01
1.043149728180628472e+03 3.933273428129570288e-09 4.349608834251258277e-04 2.261852836006628675e-01
1.096633158428801380e+03 3.348055056383078360e-09 3.917151416374658069e-04 2.236902062554236570e-01
1.152858742783748994e+03 2.850268409848190925e-09 3.527913063554141584e-04 2.212505253875088618e-01
1.211967074492957408e+03 2.426739921611162847e-09 3.177514514283298988e-04 2.188597799034652513e-01
1.274105955173854682e+03 2.066592558637749155e-09 2.862228403854304463e-04 2.165418072312175479e-01
1.339430764394840480e+03 1.760295088144139912e-09 2.578520129059991696e-04 2.142972239785076172e-01
1.408104848205140797e+03 1.499775151723369667e-09 2.323227797215642000e-04 2.121296592165664574e-01
1.480299927585014302e+03 1.278204248989096681e-09 2.093532839646012765e-04 2.100485411213687814e-01
1.556196527837648091e+03 1.089635707831026648e-09 1.886779911127274480e-04 2.080390738607080237e-01
1.635984429996447261e+03 9.291331135419056727e-10 1.700671681616152038e-04 2.061036559086974196e-01
1.719863145376471039e+03 7.924537159218740712e-10 1.533096157301390948e-04 2.042329618650974565e-01
1.808042414456641382e+03 6.760803065372393988e-10 1.382237005133684846e-04 2.024390951134109329e-01
1.900742731340188357e+03 5.769521890159547103e-10 1.246390747846472897e-04 2.007151246684374668e-01
1.998195895104759757e+03 4.925109956327166284e-10 1.124069593399256627e-04 1.990675067933944664e-01
2.100645589420852957e+03 4.204533315357967000e-10 1.013783140714008757e-04 1.974451256216984418e-01
2.208347991887921125e+03 3.589381873037081220e-10 9.143172828721077034e-05 1.958359667016342787e-01
2.321572414611807289e+03 3.064231215252055074e-10 8.246103729539720751e-05 1.942399222731109876e-01
2.440601977625289692e+03 2.615913623194516945e-10 7.437049259829073831e-05 1.926568854542775322e-01
2.565734316835632853e+03 2.233187903691457856e-10 6.707373992275917122e-05 1.910867502343556457e-01
2.697282328269386653e+03 1.906457525575162552e-10 6.049289751953724993e-05 1.895294114665434515e-01
2.835574950475434889e+03 1.627529994593922657e-10 5.455772489387531268e-05 1.879847648609808963e-01
2.980957987042702825e+03 1.389411433388097744e-10 4.920487309496877833e-05 1.864527069777589530e-01
3.133794971289250043e+03 1.186131215794441065e-10 4.437720856215199712e-05 1.849331352199951872e-01
3.294468075284922634e+03 1.012592258328576755e-10 4.002320331093592342e-05 1.834259478269554544e-01
3.463379065480592999e+03 8.644432150284147306e-11 3.609638495005841683e-05 1.819310438672394337e-01
3.640950307333554974e+03 7.379693710498672206e-11 3.255484065931383566e-05 1.804483232320591990e-01
3.827625821441170956e+03 6.299994992612767812e-11 2.936076983386581369e-05 1.789776866284638890e-01
4.023872393823642142e+03 5.378263443438791707e-11 2.648008062022759644e-05 1.775190355727778724e-01
4.230180743132199495e+03 4.591387406012932263e-11 2.388202603750971955e-05 1.760722723838910597e-01
4.447066747701334862e+03 3.919636613898658322e-11 2.153887580012233107e-05 1.746373001768543043e-01
4.675072735513344924e+03 3.346167471055457967e-11 1.942562033909654584e-05 1.732140228562728534e-01
4.914768840300775992e+03 2.856600712588173185e-11 1.751970386293690482e-05 1.718023451099462140e-01
5.166754427177720572e+03 2.438660856560858918e-11 1.580078360881313662e-05 1.704021724024725182e-01
5.431659591364801599e+03 2.081868406429552944e-11 1.425051271446955138e-05 1.690134109688448960e-01
5.710146733755425885e+03 1.777277086327548193e-11 1.285234439334950968e-05 1.676359678082905702e-01
6.002912217263044113e+03 1.517249520589334549e-11 1.159135532278429917e-05 1.662697506779848289e-01
6.310688108091153481e+03 1.295265732866161145e-11 1.045408636019410360e-05 1.649146680868129322e-01
6.634244006280128815e+03 1.105759663107912453e-11 9.428398887193385351e-06 1.635706292893828462e-01
6.974388970108182548e+03 9.439796032052724012e-12 8.503345248276088900e-06 1.622375442797929224e-01
7.331973539158482708e+03 8.058690518362849951e-12 7.669051901229395038e-06 1.609153237857368635e-01
7.707891861111141225e+03 6.879650010471373556e-12 6.916614032068987506e-06 1.596038792624697167e-01
8.103083927578147268e+03 5.873111041890242114e-12 6.238000509677334423e-06 1.583031228868200246e-01
8.518537924572025076e+03 5.013835479693202857e-12 5.625968165682742899e-06 1.570129675514245482e-01
8.955292703485578386e+03 4.280277699183362607e-12 5.073984484639429490e-06 1.557333268588175501e-01
9.414440378761499232e+03 3.654044345158600061e-12 4.576157879350314727e-06 1.544641151156818104e-01
9.897129058747319505e+03 3.119433133726712199e-12 4.127174807123383734e-06 1.532052473270410220e-01
1.040456571656430970e+04 2.663039130514336778e-12 3.722243055777661930e-06 1.519566391906691238e-01
1.093801920816896018e+04 2.273418633012395171e-12 3.357040594057595574e-06 1.507182070913809235e-01
1.149882344515380282e+04 1.940802229192294770e-12 3.027669440516078896e-06 1.494898680954628301e-01
1.208838073022117533e+04 1.656849837571135978e-12 2.730614058483939696e-06 1.482715399450690585e-01
1.270816526367042752e+04 1.414441586560655723e-12 2.462703833057402130e-06 1.470631410527488414e-01
1.335972682966652428e+04 1.207499289570402627e-12 2.221079229601039481e-06 1.458645904959951500e-01
1.404469467150771925e+04 1.030834039501706874e-12 2.003161272560135537e-06 1.446758080118806800e-01
1.476478156558243427e+04 8.800161011881155927e-13 1.806624018813167595e-06 1.434967139914637424e-01
1.552178810420236550e+04 7.512638394485758643e-13 1.629369731764649055e-06 1.423272294747242595e-01
1.631760719802116000e+04 6.413488977088202293e-13 1.469506491192817320e-06 1.411672761451228386e-01
1.715422880929701932e+04 5.475152496283135387e-13 1.325327999875959616e-06 1.400167763244272723e-01
1.803374492783486858e+04 4.674100940164374584e-13 1.195295371461097479e-06 1.388756529673474127e-01
1.895835480205053682e+04 3.990248602881223035e-13 1.078020705191745526e-06 1.377438296567264908e-01
1.993037043823734348e+04 3.406448452144144947e-13 9.722522721737714267e-07 1.366212305979495611e-01
2.095222238178608313e+04 2.908062181574766918e-13 8.768611550732153434e-07 1.355077806143672181e-01
2.202646579481454319e+04 2.482593167256187381e-13 7.908291986370616825e-07 1.344034051417985764e-01
2.315578684540369068e+04 2.119373125223543412e-13 7.132381424340644520e-07 1.333080302239064985e-01
2.434300942441707230e+04 1.809294613052581787e-13 6.432598198187455237e-07 1.322215825069391337e-01
2.559110220669883711e+04 1.544582668272403407e-13 5.801473185116306399e-07 1.311439892351825565e-01
2.690318607430719567e+04 1.318599857599644400e-13 5.232270084443241092e-07 1.300751782456622541e-01
2.828254192034512744e+04 1.125679848788231743e-13 4.718913517827600371e-07 1.290150779636473621e-01
2.973261885290210193e+04 9.609853320283249129e-14 4.255924183834554394e-07 1.279636173977034552e-01
3.125704281962085952e+04 8.203867284003603737e-14 3.838360374717414461e-07 1.269207261349696025e-01
3.285962567445517197e+04 7.003586440959474210e-14 3.461765231195091825e-07 1.258863343364437504e-01
3.454437470929026313e+04 5.978914740812944408e-14 3.122119172250687046e-07 1.248603727323308321e-01
3.631550267425979837e+04 5.104159387373090312e-14 2.815796992209396810e-07 1.238427726172954962e-01
3.817743831181556016e+04 4.357386612970254312e-14 2.539529167177753595e-07 1.228334658460285417e-01
4.013483743089039490e+04 3.719871707349669938e-14 2.290366957841732229e-07 1.218323848285702143e-01
4.219259454884566367e+04 3.175629511035794861e-14 2.065650936154817643e-07 1.208394625258132626e-01
4.435585513031406299e+04 2.711013600667010759e-14 1.862982599983930017e-07 1.198546324450102396e-01
4.663002845354139572e+04 2.314374116206110564e-14 1.680198772743062951e-07 1.188778286353253666e-01
4.902080113639969204e+04 1.975765650326120926e-14 1.515348514769620842e-07 1.179089856834167060e-01
5.153415135589398415e+04 1.686697875539562679e-14 1.366672300007473239e-07 1.169480387090527096e-01
5.417636379671867326e+04 1.439922656252654567e-14 1.232583235739595419e-07 1.159949233607967395e-01
5.695404536624281900e+04 1.229252307753352920e-14 1.111650124918741041e-07 1.150495758116164419e-01
5.987414171521994285e+04 1.049404445131158421e-14 1.002582190313668448e-07 1.141119327546667728e-01
6.294395460553275188e+04 8.958695318406494920e-15 9.042152974233943613e-08 1.131819313990970882e-01
6.617116016840114025e+04 7.647978067980024261e-15 8.154995291096094271e-08 1.122595094657700271e-01
6.956382809870861820e+04 6.529027548032285040e-15 7.354879793264472171e-08 1.113446051831196715e-01
7.313044183344273188e+04 5.573786998871858641e-15 6.633266463370251263e-08 1.104371572830100401e-01
7.687991976470644295e+04 4.758304553050315284e-15 5.982453175423404322e-08 1.095371049966354371e-01
8.082163754034375597e+04 4.062132662077331004e-15 5.395493486319169010e-08 1.086443880504493475e-01
8.496545150794286747e+04 3.467815391039080539e-15 4.866122493111791459e-08 1.077589466621549641e-01
8.932172336083906703e+04 2.960450725450288986e-15 4.388689964690729059e-08 1.068807215365783908e-01
9.390134604774527543e+04 2.527316915563654901e-15 3.958100034154071982e-08 1.060096538619865886e-01
9.871577101079767453e+04 2.157553488993421262e-15 3.569756808161171814e-08 1.051456853056689650e-01
1.037770368201258680e+05 1.841888933359832584e-15 3.219515312765311004e-08 1.042887580106340722e-01
1.090977992765488161e+05 1.572408220765707020e-15 2.903637252105127082e-08 1.034388145912754908e-01
1.146913630576689611e+05 1.342354345014901796e-15 2.618751107777473291e-08 1.025957981295770732e-01
1.205717149864963576e+05 1.145958895268887174e-15 2.361816153003899147e-08 1.017596521715423558e-01
1.267535590057915979e+05 9.782974179081678862e-16 2.130089997489039435e-08 1.009303207232232907e-01
1.332523529455816897e+05 8.351659399277345843e-16 1.921099316571303299e-08 1.001077482470170837e-01
1.400843471757866791e+05 7.129755577877394924e-16 1.732613452239695795e-08 9.929187965794644688e-02
1.472666252406089625e+05 6.086624486227490119e-16 1.562620604248461160e-08 9.848266031996921743e-02
1.548171465762921434e+05 5.196110474150833492e-16 1.409306357205878152e-08 9.768003604232534942e-02
1.627547914190663723e+05 4.435884638632342839e-16 1.271034314446489647e-08 9.688395307590356997e-02
1.710994080155731353e+05 3.786884945027854296e-16 1.146328631983046578e-08 9.609435810968502967e-02
1.798718622538203781e+05 3.232838262289348507e-16 1.033858266113039933e-08 9.531119826700019948e-02
1.890940898387710622e+05 2.759852327660383058e-16 9.324227665507932745e-09 9.453442110220680594e-02
1.987891511430313694e+05 2.356067409664361000e-16 8.409394634441824851e-09 9.376397459717683569e-02
2.089812888697938761e+05 2.011358935132179762e-16 7.584319115179255016e-09 9.299980715763635220e-02
2.196959886722229712e+05 1.717083623897899021e-16 6.840194680039339774e-09 9.224186760971593568e-02
2.309600428808625729e+05 1.465862765695077092e-16 6.169078931185328674e-09 9.149010519673719810e-02
2.428016174984180834e+05 1.251397205089178104e-16 5.563808727585393586e-09 9.074446957559828553e-02
2.552503226294341730e+05 1.068309395364083180e-16 5.017923729372934072e-09 9.000491081365419310e-02
2.683372865209793090e+05 9.120085609759075574e-17 4.525597443520634063e-09 8.927137938495900704e-02
2.820952333994774381e+05 7.785755876553716307e-17 4.081575034891953867e-09 8.854382616736385103e-02
2.965585652983192704e+05 6.646647538530342261e-17 3.681117238853084624e-09 8.782220243902036372e-02
3.117634480808650260e+05 5.674198395368405712e-17 3.319949776825099397e-09 8.710645987519508027e-02
3.277479018739408348e+05 4.844025088338866150e-17 2.994217734850693039e-09 8.639655054487953290e-02
3.445518961379595567e+05 4.135311707748788859e-17 2.700444418249018781e-09 8.569242690781786465e-02
3.622174496113909991e+05 3.530287851192948976e-17 2.435494243178096673e-09 8.499404181112507617e-02
3.807887353794944938e+05 3.013783045408307654e-17 2.196539269044628521e-09 8.430134848635895128e-02
4.003121913300411543e+05 2.572846359176396898e-17 1.981029014528940896e-09 8.361430054600646478e-02
4.208366362722213962e+05 2.196421669440516917e-17 1.786663235077256134e-09 8.293285198076266740e-02
4.424133920090965694e+05 1.875070438146950905e-17 1.611367371282570484e-09 8.225695715621826609e-02
4.650964116688389913e+05 1.600735048708283749e-17 1.453270406117137126e-09 8.158657081002820832e-02
4.889424146156553179e+05 1.366536767916955949e-17 1.310684894664549782e-09 8.092164804850827953e-02
5.140110282777408138e+05 1.166603267402576916e-17 1.182088953212576224e-09 8.026214434400168185e-02
5.403649372469085502e+05 9.959213798461613556e-18 1.066110015454806149e-09 7.960801553171233114e-02
5.680700400227193022e+05 8.502113979528344322e-18 9.615101824309600506e-10 7.895921780678190338e-02
5.971956137930564582e+05 7.258197643280793204e-18 8.671730098363562567e-10 7.831570772139141712e-02
6.278144876631795196e+05 6.196274615434109515e-18 7.820915916741201765e-10 7.767744218167810244e-02
6.600032247664229944e+05 5.289718053549187237e-18 7.053578130653826614e-10 7.704437844520228840e-02
6.938423137119094608e+05 4.515796800927270693e-18 6.361526575006174073e-10 7.641647411772842236e-02
7.294163698479967425e+05 3.855105421656973202e-18 5.737374650838061184e-10 7.579368715059972561e-02
7.668143468447235646e+05 3.291077625333056941e-18 5.174460484595199238e-10 7.517597583775019465e-02
8.061297591243179049e+05 2.809570881024678090e-18 4.666775822758260098e-10 7.456329881311604679e-02
8.474609156959623797e+05 2.398511804990605878e-18 4.208901902858922829e-10 7.395561504772903139e-02
8.909111659795242595e+05 2.047593430560174736e-18 3.795951616424386161e-10 7.335288384700255904e-02
9.365891582329371013e+05 1.748016769460776531e-18 3.423517346519133370e-10 7.275506484800862983e-02
9.846091112294379855e+05 1.492270184457534665e-18 3.087623923130389158e-10 7.216211801677163695e-02
1.035091099863994634e+06 1.273941041256636897e-18 2.784686194267488692e-10 7.157400364558959283e-02
1.088161355403086869e+06 1.087554916999166226e-18 2.511470759911093581e-10 7.099068235037400698e-02
1.143952581128624268e+06 9.284383336314788818e-19 2.265061460380309597e-10 7.041211506801395292e-02
1.202604284165272489e+06 7.926015743047376394e-19 2.042828250758452892e-10 6.983826305375907817e-02
1.264263124320930336e+06 6.766386445216603520e-19 1.842399129159240668e-10 6.926908787862458283e-02
1.329083280812643003e+06 5.776418696391405687e-19 1.661634819210684144e-10 6.870455142684800398e-02
1.397226837794951163e+06 4.931289873281376612e-19 1.498605936528347336e-10 6.814461589321541002e-02
1.468864189654704416e+06 4.209809068985762582e-19 1.351572395470637991e-10 6.758924378071498595e-02
1.544174467085782439e+06 3.593885748501336575e-19 1.218964836366564181e-10 6.703839789790023984e-02
1.623345985009134281e+06 3.068076143508493060e-19 1.099367874985905172e-10 6.649204135643002611e-02
1.706576713458170416e+06 2.619196012642094222e-19 9.915049954628670927e-11 6.595013756860201859e-02
1.794074772606963990e+06 2.235990057533346785e-19 8.942249254285550457e-11 6.541265024489967272e-02
1.886058953179090517e+06 1.908849705504435729e-19 8.064893479276817285e-11 6.487954339159113237e-02
1.982759263538399944e+06 1.629572182543891161e-19 7.273618189616073999e-11 6.435078130817224740e-02
2.084417504829733167e+06 1.391154835535648742e-19 6.559977723733298648e-11 6.382632858530125353e-02
2.191287875607731752e+06 1.187619546506537253e-19 5.916355053842740899e-11 6.330615010198462067e-02
2.303637607465630397e+06 1.013862836269121526e-19 5.335880485768788483e-11 6.279021102369329588e-02
2.421747633253435604e+06 8.655278988885135343e-20 4.812358335374507953e-11 6.227847679956644705e-02
2.545913289556382690e+06 7.388953583817910672e-20 4.340200799066873951e-11 6.177091316055834114e-02
2.676445055190230254e+06 6.307900084315819950e-20 3.914368312464039541e-11 6.126748611668569877e-02
2.813669327560023405e+06 5.385011967173331337e-20 3.530315760718667827e-11 6.076816195520459707e-02
2.957929238823618274e+06 4.597148575433100108e-20 3.183943966307664111e-11 6.027290723793177901e-02
3.109585513900805730e+06 3.924554885566948187e-20 2.871555936549790016e-11 5.978168879931358703e-02
